-3.037	1.86821e-006
-3.036	1.90767e-006
-3.035	1.88846e-006
-3.034	1.94491e-006
-3.033	1.93249e-006
-3.032	1.96659e-006
-3.031	1.94251e-006
-3.03	1.90795e-006
-3.029	1.9225e-006
-3.028	1.95131e-006
-3.027	1.9836e-006
-3.026	1.98792e-006
-3.025	1.98949e-006
-3.024	2.06342e-006
-3.023	2.04412e-006
-3.022	2.10106e-006
-3.021	2.0827e-006
-3.02	2.06412e-006
-3.019	2.09738e-006
-3.018	2.15131e-006
-3.017	2.19354e-006
-3.016	2.24929e-006
-3.015	2.30022e-006
-3.014	2.27718e-006
-3.013	2.31612e-006
-3.012	2.32827e-006
-3.011	2.40687e-006
-3.01	2.45455e-006
-3.009	2.45522e-006
-3.008	2.48228e-006
-3.007	2.55544e-006
-3.006	2.59175e-006
-3.005	2.67071e-006
-3.004	2.69469e-006
-3.003	2.76145e-006
-3.002	2.80054e-006
-3.001	2.80465e-006
-3	2.88821e-006
-2.999	2.99026e-006
-2.998	3.03928e-006
-2.997	3.11672e-006
-2.996	3.14883e-006
-2.995	3.24178e-006
-2.994	3.36286e-006
-2.993	3.41125e-006
-2.992	3.53884e-006
-2.991	3.53898e-006
-2.99	3.71622e-006
-2.989	3.76077e-006
-2.988	3.82424e-006
-2.987	3.94595e-006
-2.986	3.96201e-006
-2.985	4.13314e-006
-2.984	4.16925e-006
-2.983	4.30931e-006
-2.982	4.40467e-006
-2.981	4.52596e-006
-2.98	4.67853e-006
-2.979	4.74597e-006
-2.978	4.8788e-006
-2.977	5.0023e-006
-2.976	5.16201e-006
-2.975	5.3173e-006
-2.974	5.38775e-006
-2.973	5.51284e-006
-2.972	5.66964e-006
-2.971	5.8604e-006
-2.97	5.9966e-006
-2.969	6.14221e-006
-2.968	6.28925e-006
-2.967	6.43275e-006
-2.966	6.65707e-006
-2.965	6.81385e-006
-2.964	6.9713e-006
-2.963	7.11409e-006
-2.962	7.31547e-006
-2.961	7.54011e-006
-2.96	7.72652e-006
-2.959	7.877e-006
-2.958	8.0758e-006
-2.957	8.34038e-006
-2.956	8.58129e-006
-2.955	8.76085e-006
-2.954	9.02772e-006
-2.953	9.18581e-006
-2.952	9.51109e-006
-2.951	9.68169e-006
-2.95	9.90797e-006
-2.949	1.02294e-005
-2.948	1.04858e-005
-2.947	1.07639e-005
-2.946	1.09613e-005
-2.945	1.12918e-005
-2.944	1.15204e-005
-2.943	1.18906e-005
-2.942	1.21776e-005
-2.941	1.24699e-005
-2.94	1.26998e-005
-2.939	1.30972e-005
-2.938	1.34793e-005
-2.937	1.37684e-005
-2.936	1.4178e-005
-2.935	1.45023e-005
-2.934	1.48707e-005
-2.933	1.52919e-005
-2.932	1.56511e-005
-2.931	1.60287e-005
-2.93	1.64808e-005
-2.929	1.69222e-005
-2.928	1.73074e-005
-2.927	1.7721e-005
-2.926	1.82576e-005
-2.925	1.86592e-005
-2.924	1.91739e-005
-2.923	1.95538e-005
-2.922	2.01197e-005
-2.921	2.05816e-005
-2.92	2.11064e-005
-2.919	2.16681e-005
-2.918	2.21548e-005
-2.917	2.28006e-005
-2.916	2.33524e-005
-2.915	2.39644e-005
-2.914	2.45267e-005
-2.913	2.52093e-005
-2.912	2.57862e-005
-2.911	2.64947e-005
-2.91	2.71081e-005
-2.909	2.78112e-005
-2.908	2.84745e-005
-2.907	2.92294e-005
-2.906	2.99768e-005
-2.905	3.0732e-005
-2.904	3.1492e-005
-2.903	3.22721e-005
-2.902	3.31248e-005
-2.901	3.39547e-005
-2.9	3.48272e-005
-2.899	3.56758e-005
-2.898	3.6616e-005
-2.897	3.75043e-005
-2.896	3.84543e-005
-2.895	3.94036e-005
-2.894	4.04397e-005
-2.893	4.14271e-005
-2.892	4.24793e-005
-2.891	4.35644e-005
-2.89	4.4669e-005
-2.889	4.58007e-005
-2.888	4.69312e-005
-2.887	4.81249e-005
-2.886	4.9317e-005
-2.885	5.05648e-005
-2.884	5.18517e-005
-2.883	5.31585e-005
-2.882	5.45141e-005
-2.881	5.58492e-005
-2.88	5.72868e-005
-2.879	5.8682e-005
-2.878	6.02029e-005
-2.877	6.16962e-005
-2.876	6.32917e-005
-2.875	6.48709e-005
-2.874	6.65239e-005
-2.873	6.81949e-005
-2.872	6.98906e-005
-2.871	7.16484e-005
-2.87	7.34528e-005
-2.869	7.52796e-005
-2.868	7.71785e-005
-2.867	7.91389e-005
-2.866	8.11371e-005
-2.865	8.3215e-005
-2.864	8.52579e-005
-2.863	8.74726e-005
-2.862	8.96233e-005
-2.861	9.19289e-005
-2.86	9.42222e-005
-2.859	9.66029e-005
-2.858	9.89977e-005
-2.857	0.000101537
-2.856	0.000104059
-2.855	0.000106758
-2.854	0.000109407
-2.853	0.000112121
-2.852	0.000114983
-2.851	0.000117853
-2.85	0.000120882
-2.849	0.000123878
-2.848	0.000127049
-2.847	0.000130219
-2.846	0.000133501
-2.845	0.000136889
-2.844	0.00014033
-2.843	0.000143855
-2.842	0.000147433
-2.841	0.00015119
-2.84	0.000154949
-2.839	0.000158927
-2.838	0.000162913
-2.837	0.000167039
-2.836	0.00017124
-2.835	0.000175528
-2.834	0.000179955
-2.833	0.000184488
-2.832	0.000189165
-2.831	0.000193879
-2.83	0.000198806
-2.829	0.000203746
-2.828	0.00020895
-2.827	0.000214178
-2.826	0.000219596
-2.825	0.000225136
-2.824	0.000230827
-2.823	0.000236613
-2.822	0.000242584
-2.821	0.000248708
-2.82	0.000254948
-2.819	0.000261422
-2.818	0.000268018
-2.817	0.000274731
-2.816	0.000281674
-2.815	0.000288793
-2.814	0.000296057
-2.813	0.000303515
-2.812	0.000311142
-2.811	0.000319025
-2.81	0.000327018
-2.809	0.000335306
-2.808	0.000343753
-2.807	0.000352398
-2.806	0.000361305
-2.805	0.000370396
-2.804	0.000379708
-2.803	0.000389277
-2.802	0.000399083
-2.801	0.000409181
-2.8	0.000419462
-2.799	0.000430078
-2.798	0.000440871
-2.797	0.000452011
-2.796	0.000463368
-2.795	0.000475073
-2.794	0.000487055
-2.793	0.000499286
-2.792	0.000511931
-2.791	0.00052479
-2.79	0.000538071
-2.789	0.000551582
-2.788	0.000565523
-2.787	0.000579769
-2.786	0.00059439
-2.785	0.000609326
-2.784	0.000624694
-2.783	0.00064041
-2.782	0.00065657
-2.781	0.000673115
-2.78	0.000690072
-2.779	0.000707472
-2.778	0.000725301
-2.777	0.000743607
-2.776	0.000762379
-2.775	0.000781559
-2.774	0.000801307
-2.773	0.000821427
-2.772	0.000842204
-2.771	0.000863383
-2.77	0.00088514
-2.769	0.000907464
-2.768	0.000930316
-2.767	0.000953777
-2.766	0.000977808
-2.765	0.00100248
-2.764	0.00102769
-2.763	0.0010536
-2.762	0.00108014
-2.761	0.00110743
-2.76	0.00113527
-2.759	0.00116389
-2.758	0.00119323
-2.757	0.00122332
-2.756	0.00125417
-2.755	0.00128577
-2.754	0.00131816
-2.753	0.0013514
-2.752	0.00138549
-2.751	0.00142038
-2.75	0.00145618
-2.749	0.00149287
-2.748	0.00153047
-2.747	0.00156908
-2.746	0.00160863
-2.745	0.00164916
-2.744	0.00169075
-2.743	0.00173333
-2.742	0.00177704
-2.741	0.00182179
-2.74	0.00186775
-2.739	0.00191479
-2.738	0.00196305
-2.737	0.00201248
-2.736	0.00206324
-2.735	0.00211527
-2.734	0.00216854
-2.733	0.00222324
-2.732	0.00227923
-2.731	0.00233674
-2.73	0.00239557
-2.729	0.002456
-2.728	0.00251791
-2.727	0.00258135
-2.726	0.00264637
-2.725	0.00271311
-2.724	0.00278148
-2.723	0.00285159
-2.722	0.00292344
-2.721	0.00299715
-2.72	0.00307269
-2.719	0.0031501
-2.718	0.00322954
-2.717	0.00331094
-2.716	0.0033944
-2.715	0.00347993
-2.714	0.00356763
-2.713	0.00365758
-2.712	0.00374969
-2.711	0.00384428
-2.71	0.0039411
-2.709	0.00404047
-2.708	0.00414225
-2.707	0.0042467
-2.706	0.00435372
-2.705	0.00446341
-2.704	0.00457595
-2.703	0.00469125
-2.702	0.0048095
-2.701	0.00493073
-2.7	0.005055
-2.699	0.00518236
-2.698	0.00531304
-2.697	0.00544689
-2.696	0.00558419
-2.695	0.00572492
-2.694	0.00586924
-2.693	0.00601716
-2.692	0.00616886
-2.691	0.00632429
-2.69	0.00648371
-2.689	0.0066471
-2.688	0.0068147
-2.687	0.00698636
-2.686	0.00716244
-2.685	0.00734302
-2.684	0.00752805
-2.683	0.00771785
-2.682	0.00791231
-2.681	0.00811172
-2.68	0.00831618
-2.679	0.00852575
-2.678	0.00874068
-2.677	0.00896095
-2.676	0.00918684
-2.675	0.00941834
-2.674	0.00965571
-2.673	0.00989908
-2.672	0.0101486
-2.671	0.0104044
-2.67	0.0106666
-2.669	0.0109354
-2.668	0.011211
-2.667	0.0114937
-2.666	0.0117832
-2.665	0.0120803
-2.664	0.0123847
-2.663	0.0126969
-2.662	0.0130169
-2.661	0.013345
-2.66	0.0136813
-2.659	0.0140261
-2.658	0.0143796
-2.657	0.014742
-2.656	0.0151136
-2.655	0.0154945
-2.654	0.0158851
-2.653	0.0162854
-2.652	0.0166958
-2.651	0.0171166
-2.65	0.0175481
-2.649	0.0179903
-2.648	0.0184438
-2.647	0.0189085
-2.646	0.0193852
-2.645	0.0198737
-2.644	0.0203747
-2.643	0.0208882
-2.642	0.0214146
-2.641	0.0219543
-2.64	0.0225076
-2.639	0.0230749
-2.638	0.0236565
-2.637	0.0242527
-2.636	0.024864
-2.635	0.0254724
-2.634	0.0260774
-2.633	0.0266783
-2.632	0.0272746
-2.631	0.0278658
-2.63	0.0284515
-2.629	0.0290312
-2.628	0.0296044
-2.627	0.0301707
-2.626	0.0307298
-2.625	0.0312813
-2.624	0.0318249
-2.623	0.0323601
-2.622	0.0328867
-2.621	0.0334044
-2.62	0.0339128
-2.619	0.0344118
-2.618	0.034901
-2.617	0.0353801
-2.616	0.0358489
-2.615	0.0363073
-2.614	0.0367548
-2.613	0.0371914
-2.612	0.0376168
-2.611	0.0380308
-2.61	0.0384333
-2.609	0.0388239
-2.608	0.0392026
-2.607	0.0395692
-2.606	0.0399235
-2.605	0.0402654
-2.604	0.0405947
-2.603	0.0409112
-2.602	0.0412148
-2.601	0.0415055
-2.6	0.0417831
-2.599	0.0420475
-2.598	0.0422985
-2.597	0.0425361
-2.596	0.0427602
-2.595	0.0429708
-2.594	0.0431676
-2.593	0.0433507
-2.592	0.04352
-2.591	0.0436754
-2.59	0.0438169
-2.589	0.0439445
-2.588	0.0440581
-2.587	0.0441576
-2.586	0.0442431
-2.585	0.0443146
-2.584	0.044372
-2.583	0.0444154
-2.582	0.0444446
-2.581	0.0444599
-2.58	0.0444612
-2.579	0.0444484
-2.578	0.0444217
-2.577	0.0443811
-2.576	0.0443266
-2.575	0.0442583
-2.574	0.0441763
-2.573	0.0440806
-2.572	0.0439713
-2.571	0.0438485
-2.57	0.0437124
-2.569	0.0435629
-2.568	0.0434002
-2.567	0.0432245
-2.566	0.0430359
-2.565	0.0428344
-2.564	0.0426203
-2.563	0.0423937
-2.562	0.0421548
-2.561	0.0419037
-2.56	0.0416406
-2.559	0.0413657
-2.558	0.0410793
-2.557	0.0407814
-2.556	0.0404724
-2.555	0.0401525
-2.554	0.0398219
-2.553	0.0394809
-2.552	0.0391296
-2.551	0.0387686
-2.55	0.0383979
-2.549	0.038018
-2.548	0.037629
-2.547	0.0372315
-2.546	0.0368256
-2.545	0.0364119
-2.544	0.0359905
-2.543	0.0355621
-2.542	0.0351269
-2.541	0.0346853
-2.54	0.034238
-2.539	0.0337853
-2.538	0.0333277
-2.537	0.0328657
-2.536	0.0323999
-2.535	0.0319309
-2.534	0.0314593
-2.533	0.0309857
-2.532	0.0305107
-2.531	0.0300351
-2.53	0.0295596
-2.529	0.0290849
-2.528	0.0286119
-2.527	0.0281414
-2.526	0.0276742
-2.525	0.0272114
-2.524	0.0267538
-2.523	0.0263026
-2.522	0.0258587
-2.521	0.0254233
-2.52	0.0249975
-2.519	0.0245826
-2.518	0.0241798
-2.517	0.0237903
-2.516	0.0234155
-2.515	0.0230567
-2.514	0.0227153
-2.513	0.0223927
-2.512	0.0220902
-2.511	0.0218091
-2.51	0.021551
-2.509	0.0213169
-2.508	0.0211082
-2.507	0.020926
-2.506	0.0207713
-2.505	0.0206451
-2.504	0.0205482
-2.503	0.0204812
-2.502	0.0204445
-2.501	0.0204385
-2.5	0.0204633
-2.499	0.0205189
-2.498	0.0206049
-2.497	0.020721
-2.496	0.0208666
-2.495	0.0210409
-2.494	0.0212431
-2.493	0.0214722
-2.492	0.021727
-2.491	0.0220065
-2.49	0.0223092
-2.489	0.0226341
-2.488	0.0229797
-2.487	0.0233447
-2.486	0.0237278
-2.485	0.0241276
-2.484	0.0245429
-2.483	0.0249723
-2.482	0.0254146
-2.481	0.0258686
-2.48	0.0263331
-2.479	0.0268069
-2.478	0.027289
-2.477	0.0277784
-2.476	0.0282739
-2.475	0.0287748
-2.474	0.02928
-2.473	0.0297886
-2.472	0.0302999
-2.471	0.0308131
-2.47	0.0313273
-2.469	0.0318419
-2.468	0.0323562
-2.467	0.0328695
-2.466	0.0333812
-2.465	0.0338907
-2.464	0.0343975
-2.463	0.0349009
-2.462	0.0354005
-2.461	0.0358957
-2.46	0.0363861
-2.459	0.0368713
-2.458	0.0373508
-2.457	0.0378241
-2.456	0.0382909
-2.455	0.0387509
-2.454	0.0392036
-2.453	0.0396487
-2.452	0.0400859
-2.451	0.0405148
-2.45	0.0409352
-2.449	0.0413467
-2.448	0.0417491
-2.447	0.0421421
-2.446	0.0425255
-2.445	0.0428989
-2.444	0.0432622
-2.443	0.0436152
-2.442	0.0439576
-2.441	0.0442893
-2.44	0.04461
-2.439	0.0449195
-2.438	0.0452178
-2.437	0.0455046
-2.436	0.0457798
-2.435	0.0460433
-2.434	0.0462948
-2.433	0.0465344
-2.432	0.0467618
-2.431	0.046977
-2.43	0.0471798
-2.429	0.0473703
-2.428	0.0475482
-2.427	0.0477135
-2.426	0.0478663
-2.425	0.0480063
-2.424	0.0481335
-2.423	0.0482481
-2.422	0.0483498
-2.421	0.0484386
-2.42	0.0485147
-2.419	0.0485778
-2.418	0.0486282
-2.417	0.0486657
-2.416	0.0486904
-2.415	0.0487023
-2.414	0.0487016
-2.413	0.0486881
-2.412	0.0486619
-2.411	0.0486232
-2.41	0.048572
-2.409	0.0485084
-2.408	0.0484325
-2.407	0.0483443
-2.406	0.048244
-2.405	0.0481317
-2.404	0.0480076
-2.403	0.0478717
-2.402	0.0477243
-2.401	0.0475654
-2.4	0.0473952
-2.399	0.047214
-2.398	0.0470219
-2.397	0.046819
-2.396	0.0466057
-2.395	0.0463822
-2.394	0.0461485
-2.393	0.0459051
-2.392	0.0456522
-2.391	0.04539
-2.39	0.0451187
-2.389	0.0448388
-2.388	0.0445504
-2.387	0.0442539
-2.386	0.0439497
-2.385	0.043638
-2.384	0.0433192
-2.383	0.0429937
-2.382	0.042662
-2.381	0.0423243
-2.38	0.0419811
-2.379	0.0416327
-2.378	0.0412798
-2.377	0.0409227
-2.376	0.0405619
-2.375	0.0401978
-2.374	0.0398311
-2.373	0.0394622
-2.372	0.0390917
-2.371	0.0387202
-2.37	0.0383482
-2.369	0.0379764
-2.368	0.0376052
-2.367	0.0372356
-2.366	0.0368679
-2.365	0.036503
-2.364	0.0361415
-2.363	0.0357842
-2.362	0.0354317
-2.361	0.0350849
-2.36	0.0347444
-2.359	0.034411
-2.358	0.0340856
-2.357	0.0337689
-2.356	0.0334616
-2.355	0.0331647
-2.354	0.0328788
-2.353	0.0326049
-2.352	0.0323436
-2.351	0.0320957
-2.35	0.0318621
-2.349	0.0316434
-2.348	0.0314404
-2.347	0.0312538
-2.346	0.0310842
-2.345	0.0309323
-2.344	0.0307986
-2.343	0.0306837
-2.342	0.030588
-2.341	0.0305119
-2.34	0.0304557
-2.339	0.0304199
-2.338	0.0304045
-2.337	0.0304098
-2.336	0.0304357
-2.335	0.0304824
-2.334	0.0305497
-2.333	0.0306375
-2.332	0.0307455
-2.331	0.0308736
-2.33	0.0310214
-2.329	0.0311884
-2.328	0.0313743
-2.327	0.0315784
-2.326	0.0318003
-2.325	0.0320394
-2.324	0.032295
-2.323	0.0325665
-2.322	0.0328531
-2.321	0.0331542
-2.32	0.0334689
-2.319	0.0337967
-2.318	0.0341367
-2.317	0.0344881
-2.316	0.0348502
-2.315	0.0352223
-2.314	0.0356035
-2.313	0.0359931
-2.312	0.0363904
-2.311	0.0367946
-2.31	0.0372051
-2.309	0.037621
-2.308	0.0380418
-2.307	0.0384667
-2.306	0.0388951
-2.305	0.0393263
-2.304	0.0397597
-2.303	0.0401947
-2.302	0.0406306
-2.301	0.041067
-2.3	0.0415032
-2.299	0.0419387
-2.298	0.042373
-2.297	0.0428055
-2.296	0.0432358
-2.295	0.0436635
-2.294	0.0440879
-2.293	0.0445087
-2.292	0.0449254
-2.291	0.0453377
-2.29	0.0457451
-2.289	0.0461473
-2.288	0.0465439
-2.287	0.0469345
-2.286	0.0473188
-2.285	0.0476964
-2.284	0.0480671
-2.283	0.0484304
-2.282	0.0487862
-2.281	0.0491342
-2.28	0.0494741
-2.279	0.0498056
-2.278	0.0501284
-2.277	0.0504425
-2.276	0.0507474
-2.275	0.0510431
-2.274	0.0513293
-2.273	0.0516058
-2.272	0.0518725
-2.271	0.0521291
-2.27	0.0523756
-2.269	0.0526117
-2.268	0.0528375
-2.267	0.0530525
-2.266	0.0532569
-2.265	0.0534505
-2.264	0.0536332
-2.263	0.0538049
-2.262	0.0539655
-2.261	0.054115
-2.26	0.0542532
-2.259	0.0543802
-2.258	0.0544959
-2.257	0.0546002
-2.256	0.0546932
-2.255	0.0547748
-2.254	0.0548451
-2.253	0.054904
-2.252	0.0549515
-2.251	0.0549878
-2.25	0.0550127
-2.249	0.0550265
-2.248	0.055029
-2.247	0.0550204
-2.246	0.0550008
-2.245	0.0549702
-2.244	0.0549287
-2.243	0.0548765
-2.242	0.0548136
-2.241	0.0547402
-2.24	0.0546563
-2.239	0.0545623
-2.238	0.0544581
-2.237	0.0543439
-2.236	0.05422
-2.235	0.0540865
-2.234	0.0539436
-2.233	0.0537916
-2.232	0.0536305
-2.231	0.0534607
-2.23	0.0532824
-2.229	0.0530958
-2.228	0.0529012
-2.227	0.0526989
-2.226	0.052489
-2.225	0.052272
-2.224	0.0520482
-2.223	0.0518178
-2.222	0.0515811
-2.221	0.0513386
-2.22	0.0510905
-2.219	0.0508372
-2.218	0.0505791
-2.217	0.0503166
-2.216	0.05005
-2.215	0.0497798
-2.214	0.0495064
-2.213	0.0492301
-2.212	0.0489516
-2.211	0.0486711
-2.21	0.0483891
-2.209	0.0481062
-2.208	0.0478228
-2.207	0.0475394
-2.206	0.0472566
-2.205	0.0469747
-2.204	0.0466944
-2.203	0.0464161
-2.202	0.0461405
-2.201	0.045868
-2.2	0.0455991
-2.199	0.0453345
-2.198	0.0450747
-2.197	0.0448202
-2.196	0.0445716
-2.195	0.0443295
-2.194	0.0440945
-2.193	0.0438669
-2.192	0.0436475
-2.191	0.0434368
-2.19	0.0432353
-2.189	0.0430435
-2.188	0.0428619
-2.187	0.042691
-2.186	0.0425314
-2.185	0.0423834
-2.184	0.0422475
-2.183	0.0421241
-2.182	0.0420137
-2.181	0.0419165
-2.18	0.041833
-2.179	0.0417634
-2.178	0.041708
-2.177	0.041667
-2.176	0.0416407
-2.175	0.0416292
-2.174	0.0416327
-2.173	0.0416512
-2.172	0.0416849
-2.171	0.0417337
-2.17	0.0417977
-2.169	0.0418767
-2.168	0.0419706
-2.167	0.0420795
-2.166	0.042203
-2.165	0.042341
-2.164	0.0424933
-2.163	0.0426595
-2.162	0.0428394
-2.161	0.0430326
-2.16	0.0432389
-2.159	0.0434578
-2.158	0.0436889
-2.157	0.0439318
-2.156	0.0441861
-2.155	0.0444514
-2.154	0.044727
-2.153	0.0450126
-2.152	0.0453077
-2.151	0.0456117
-2.15	0.0459242
-2.149	0.0462446
-2.148	0.0465723
-2.147	0.0469071
-2.146	0.047248
-2.145	0.0475948
-2.144	0.0479469
-2.143	0.0483038
-2.142	0.048665
-2.141	0.0490298
-2.14	0.0493979
-2.139	0.0497688
-2.138	0.0501418
-2.137	0.0505167
-2.136	0.0508927
-2.135	0.0512695
-2.134	0.0516467
-2.133	0.0520237
-2.132	0.0524001
-2.131	0.0527756
-2.13	0.0531496
-2.129	0.0535217
-2.128	0.0538915
-2.127	0.0542588
-2.126	0.054623
-2.125	0.0549837
-2.124	0.0553407
-2.123	0.0556936
-2.122	0.0560421
-2.121	0.0563857
-2.12	0.0567242
-2.119	0.0570573
-2.118	0.0573847
-2.117	0.057706
-2.116	0.0580211
-2.115	0.0583298
-2.114	0.0586315
-2.113	0.0589262
-2.112	0.0592137
-2.111	0.0594937
-2.11	0.059766
-2.109	0.0600304
-2.108	0.0602867
-2.107	0.0605347
-2.106	0.0607743
-2.105	0.0610053
-2.104	0.0612275
-2.103	0.0614409
-2.102	0.0616452
-2.101	0.0618403
-2.1	0.0620262
-2.099	0.0622027
-2.098	0.0623699
-2.097	0.0625275
-2.096	0.0626754
-2.095	0.0628138
-2.094	0.0629424
-2.093	0.0630614
-2.092	0.0631705
-2.091	0.0632698
-2.09	0.0633593
-2.089	0.0634391
-2.088	0.063509
-2.087	0.0635692
-2.086	0.0636196
-2.085	0.0636603
-2.084	0.0636913
-2.083	0.0637126
-2.082	0.0637245
-2.081	0.0637269
-2.08	0.0637199
-2.079	0.0637036
-2.078	0.0636781
-2.077	0.0636436
-2.076	0.0636001
-2.075	0.0635479
-2.074	0.0634869
-2.073	0.0634175
-2.072	0.0633397
-2.071	0.0632538
-2.07	0.0631599
-2.069	0.0630582
-2.068	0.0629489
-2.067	0.0628322
-2.066	0.0627083
-2.065	0.0625776
-2.064	0.0624401
-2.063	0.0622963
-2.062	0.0621463
-2.061	0.0619904
-2.06	0.0618288
-2.059	0.0616619
-2.058	0.06149
-2.057	0.0613134
-2.056	0.0611324
-2.055	0.0609472
-2.054	0.0607583
-2.053	0.0605661
-2.052	0.0603708
-2.051	0.0601727
-2.05	0.0599722
-2.049	0.0597698
-2.048	0.0595659
-2.047	0.0593607
-2.046	0.0591547
-2.045	0.0589482
-2.044	0.0587418
-2.043	0.0585358
-2.042	0.0583305
-2.041	0.0581265
-2.04	0.0579241
-2.039	0.0577237
-2.038	0.0575259
-2.037	0.057331
-2.036	0.0571394
-2.035	0.0569515
-2.034	0.0567678
-2.033	0.0565888
-2.032	0.0564147
-2.031	0.0562461
-2.03	0.0560834
-2.029	0.0559269
-2.028	0.055777
-2.027	0.0556342
-2.026	0.0554988
-2.025	0.0553712
-2.024	0.0552517
-2.023	0.0551407
-2.022	0.0550385
-2.021	0.0549454
-2.02	0.0548618
-2.019	0.054788
-2.018	0.0547241
-2.017	0.0546705
-2.016	0.0546273
-2.015	0.0545949
-2.014	0.0545733
-2.013	0.0545627
-2.012	0.0545634
-2.011	0.0545754
-2.01	0.0545987
-2.009	0.0546335
-2.008	0.0546798
-2.007	0.0547378
-2.006	0.0548073
-2.005	0.0548883
-2.004	0.0549808
-2.003	0.0550848
-2.002	0.0552002
-2.001	0.0553268
-2	0.0554644
-1.999	0.0556129
-1.998	0.0557723
-1.997	0.0559422
-1.996	0.0561225
-1.995	0.0563129
-1.994	0.0565132
-1.993	0.056723
-1.992	0.0569421
-1.991	0.0571703
-1.99	0.0574071
-1.989	0.0576523
-1.988	0.0579055
-1.987	0.0581664
-1.986	0.0584347
-1.985	0.0587098
-1.984	0.0589916
-1.983	0.0592797
-1.982	0.0595735
-1.981	0.0598728
-1.98	0.060177
-1.979	0.060486
-1.978	0.0607993
-1.977	0.0611164
-1.976	0.0614369
-1.975	0.0617605
-1.974	0.0620868
-1.973	0.0624154
-1.972	0.0627458
-1.971	0.0630778
-1.97	0.0634108
-1.969	0.0637446
-1.968	0.0640788
-1.967	0.0644129
-1.966	0.0647467
-1.965	0.0650797
-1.964	0.0654116
-1.963	0.0657421
-1.962	0.0660708
-1.961	0.0663975
-1.96	0.0667217
-1.959	0.0670431
-1.958	0.0673615
-1.957	0.0676765
-1.956	0.0679879
-1.955	0.0682953
-1.954	0.0685984
-1.953	0.0688971
-1.952	0.0691911
-1.951	0.0694801
-1.95	0.0697638
-1.949	0.0700421
-1.948	0.0703146
-1.947	0.0705812
-1.946	0.0708417
-1.945	0.071096
-1.944	0.0713436
-1.943	0.0715846
-1.942	0.0718187
-1.941	0.0720458
-1.94	0.0722658
-1.939	0.0724785
-1.938	0.0726837
-1.937	0.0728813
-1.936	0.0730713
-1.935	0.0732535
-1.934	0.0734278
-1.933	0.0735942
-1.932	0.0737526
-1.931	0.0739028
-1.93	0.0740448
-1.929	0.0741787
-1.928	0.0743043
-1.927	0.0744217
-1.926	0.0745308
-1.925	0.0746315
-1.924	0.074724
-1.923	0.0748083
-1.922	0.0748842
-1.921	0.0749519
-1.92	0.0750114
-1.919	0.0750627
-1.918	0.075106
-1.917	0.0751412
-1.916	0.0751685
-1.915	0.0751878
-1.914	0.0751994
-1.913	0.0752033
-1.912	0.0751996
-1.911	0.0751885
-1.91	0.0751701
-1.909	0.0751445
-1.908	0.0751118
-1.907	0.0750722
-1.906	0.075026
-1.905	0.0749731
-1.904	0.074914
-1.903	0.0748487
-1.902	0.0747773
-1.901	0.0747002
-1.9	0.0746176
-1.899	0.0745296
-1.898	0.0744366
-1.897	0.0743386
-1.896	0.074236
-1.895	0.0741291
-1.894	0.0740181
-1.893	0.0739032
-1.892	0.0737847
-1.891	0.0736629
-1.89	0.0735382
-1.889	0.0734107
-1.888	0.0732808
-1.887	0.0731488
-1.886	0.073015
-1.885	0.0728797
-1.884	0.0727433
-1.883	0.072606
-1.882	0.0724682
-1.881	0.0723301
-1.88	0.0721922
-1.879	0.0720548
-1.878	0.0719181
-1.877	0.0717826
-1.876	0.0716485
-1.875	0.0715163
-1.874	0.0713862
-1.873	0.0712586
-1.872	0.0711338
-1.871	0.0710121
-1.87	0.0708939
-1.869	0.0707795
-1.868	0.0706692
-1.867	0.0705634
-1.866	0.0704624
-1.865	0.0703664
-1.864	0.0702757
-1.863	0.0701906
-1.862	0.0701116
-1.861	0.0700388
-1.86	0.0699724
-1.859	0.0699127
-1.858	0.0698601
-1.857	0.0698146
-1.856	0.0697766
-1.855	0.0697463
-1.854	0.0697239
-1.853	0.0697094
-1.852	0.0697032
-1.851	0.0697053
-1.85	0.0697159
-1.849	0.0697352
-1.848	0.0697632
-1.847	0.0698
-1.846	0.0698458
-1.845	0.0699005
-1.844	0.0699642
-1.843	0.0700371
-1.842	0.070119
-1.841	0.07021
-1.84	0.0703099
-1.839	0.070419
-1.838	0.070537
-1.837	0.0706639
-1.836	0.0707995
-1.835	0.0709439
-1.834	0.071097
-1.833	0.0712584
-1.832	0.0714282
-1.831	0.0716061
-1.83	0.0717921
-1.829	0.0719859
-1.828	0.0721873
-1.827	0.0723961
-1.826	0.0726121
-1.825	0.0728351
-1.824	0.0730649
-1.823	0.0733011
-1.822	0.0735435
-1.821	0.0737919
-1.82	0.074046
-1.819	0.0743055
-1.818	0.0745702
-1.817	0.0748396
-1.816	0.0751136
-1.815	0.0753919
-1.814	0.0756741
-1.813	0.07596
-1.812	0.0762491
-1.811	0.0765413
-1.81	0.0768362
-1.809	0.0771336
-1.808	0.077433
-1.807	0.0777342
-1.806	0.0780368
-1.805	0.0783407
-1.804	0.0786453
-1.803	0.0789505
-1.802	0.079256
-1.801	0.0795613
-1.8	0.0798664
-1.799	0.0801708
-1.798	0.0804742
-1.797	0.0807763
-1.796	0.0810771
-1.795	0.081376
-1.794	0.0816729
-1.793	0.0819674
-1.792	0.0822595
-1.791	0.0825487
-1.79	0.0828348
-1.789	0.0831176
-1.788	0.0833969
-1.787	0.0836724
-1.786	0.083944
-1.785	0.0842113
-1.784	0.0844741
-1.783	0.0847325
-1.782	0.084986
-1.781	0.0852346
-1.78	0.085478
-1.779	0.085716
-1.778	0.0859486
-1.777	0.0861756
-1.776	0.0863968
-1.775	0.0866121
-1.774	0.0868215
-1.773	0.0870246
-1.772	0.0872215
-1.771	0.0874119
-1.77	0.0875961
-1.769	0.0877736
-1.768	0.0879445
-1.767	0.0881087
-1.766	0.0882661
-1.765	0.0884169
-1.764	0.0885608
-1.763	0.0886979
-1.762	0.088828
-1.761	0.0889512
-1.76	0.0890675
-1.759	0.0891769
-1.758	0.0892794
-1.757	0.0893751
-1.756	0.0894639
-1.755	0.0895458
-1.754	0.0896211
-1.753	0.0896895
-1.752	0.0897513
-1.751	0.0898065
-1.75	0.0898552
-1.749	0.0898975
-1.748	0.0899335
-1.747	0.0899632
-1.746	0.0899868
-1.745	0.0900044
-1.744	0.0900161
-1.743	0.0900221
-1.742	0.0900223
-1.741	0.0900173
-1.74	0.0900069
-1.739	0.0899913
-1.738	0.0899707
-1.737	0.0899454
-1.736	0.0899154
-1.735	0.089881
-1.734	0.0898425
-1.733	0.0897998
-1.732	0.0897534
-1.731	0.0897034
-1.73	0.08965
-1.729	0.0895934
-1.728	0.0895339
-1.727	0.0894718
-1.726	0.0894071
-1.725	0.0893403
-1.724	0.0892714
-1.723	0.089201
-1.722	0.089129
-1.721	0.0890559
-1.72	0.0889818
-1.719	0.0889071
-1.718	0.0888319
-1.717	0.0887566
-1.716	0.0886816
-1.715	0.0886068
-1.714	0.0885328
-1.713	0.0884597
-1.712	0.0883879
-1.711	0.0883176
-1.71	0.0882489
-1.709	0.0881824
-1.708	0.0881182
-1.707	0.0880564
-1.706	0.0879976
-1.705	0.0879418
-1.704	0.0878893
-1.703	0.0878404
-1.702	0.0877953
-1.701	0.0877544
-1.7	0.0877176
-1.699	0.0876854
-1.698	0.087658
-1.697	0.0876357
-1.696	0.0876184
-1.695	0.0876065
-1.694	0.0876002
-1.693	0.0875995
-1.692	0.0876048
-1.691	0.0876162
-1.69	0.0876339
-1.689	0.087658
-1.688	0.0876885
-1.687	0.0877256
-1.686	0.0877695
-1.685	0.0878203
-1.684	0.087878
-1.683	0.0879427
-1.682	0.0880145
-1.681	0.0880933
-1.68	0.0881794
-1.679	0.0882729
-1.678	0.0883734
-1.677	0.0884812
-1.676	0.0885962
-1.675	0.0887183
-1.674	0.0888477
-1.673	0.0889843
-1.672	0.0891279
-1.671	0.0892785
-1.67	0.0894361
-1.669	0.0896005
-1.668	0.0897718
-1.667	0.0899496
-1.666	0.090134
-1.665	0.0903249
-1.664	0.0905219
-1.663	0.0907251
-1.662	0.0909343
-1.661	0.0911492
-1.66	0.0913698
-1.659	0.0915958
-1.658	0.091827
-1.657	0.0920635
-1.656	0.0923046
-1.655	0.0925504
-1.654	0.0928007
-1.653	0.0930553
-1.652	0.0933137
-1.651	0.0935759
-1.65	0.0938418
-1.649	0.0941108
-1.648	0.0943829
-1.647	0.0946579
-1.646	0.0949354
-1.645	0.0952151
-1.644	0.095497
-1.643	0.0957807
-1.642	0.096066
-1.641	0.0963526
-1.64	0.0966403
-1.639	0.0969289
-1.638	0.097218
-1.637	0.0975075
-1.636	0.097797
-1.635	0.0980864
-1.634	0.0983754
-1.633	0.0986638
-1.632	0.0989513
-1.631	0.0992377
-1.63	0.0995228
-1.629	0.0998064
-1.628	0.100088
-1.627	0.100368
-1.626	0.100646
-1.625	0.100921
-1.624	0.101193
-1.623	0.101463
-1.622	0.10173
-1.621	0.101994
-1.62	0.102254
-1.619	0.102511
-1.618	0.102764
-1.617	0.103013
-1.616	0.103258
-1.615	0.103499
-1.614	0.103736
-1.613	0.103968
-1.612	0.104196
-1.611	0.104419
-1.61	0.104637
-1.609	0.10485
-1.608	0.105059
-1.607	0.105262
-1.606	0.10546
-1.605	0.105652
-1.604	0.105839
-1.603	0.106021
-1.602	0.106197
-1.601	0.106368
-1.6	0.106533
-1.599	0.106693
-1.598	0.106847
-1.597	0.106995
-1.596	0.107138
-1.595	0.107275
-1.594	0.107406
-1.593	0.107532
-1.592	0.107652
-1.591	0.107766
-1.59	0.107875
-1.589	0.107978
-1.588	0.108076
-1.587	0.108168
-1.586	0.108255
-1.585	0.108337
-1.584	0.108413
-1.583	0.108485
-1.582	0.108551
-1.581	0.108612
-1.58	0.108668
-1.579	0.10872
-1.578	0.108767
-1.577	0.108809
-1.576	0.108847
-1.575	0.108881
-1.574	0.108911
-1.573	0.108937
-1.572	0.108959
-1.571	0.108977
-1.57	0.108992
-1.569	0.109003
-1.568	0.109011
-1.567	0.109017
-1.566	0.109019
-1.565	0.109019
-1.564	0.109017
-1.563	0.109012
-1.562	0.109006
-1.561	0.108997
-1.56	0.108987
-1.559	0.108976
-1.558	0.108963
-1.557	0.10895
-1.556	0.108935
-1.555	0.10892
-1.554	0.108905
-1.553	0.10889
-1.552	0.108875
-1.551	0.10886
-1.55	0.108845
-1.549	0.108832
-1.548	0.108819
-1.547	0.108808
-1.546	0.108798
-1.545	0.108789
-1.544	0.108783
-1.543	0.108778
-1.542	0.108776
-1.541	0.108777
-1.54	0.10878
-1.539	0.108786
-1.538	0.108795
-1.537	0.108807
-1.536	0.108823
-1.535	0.108842
-1.534	0.108865
-1.533	0.108892
-1.532	0.108923
-1.531	0.108959
-1.53	0.108999
-1.529	0.109043
-1.528	0.109092
-1.527	0.109147
-1.526	0.109206
-1.525	0.10927
-1.524	0.109339
-1.523	0.109414
-1.522	0.109494
-1.521	0.10958
-1.52	0.109671
-1.519	0.109768
-1.518	0.109871
-1.517	0.109979
-1.516	0.110093
-1.515	0.110213
-1.514	0.110338
-1.513	0.11047
-1.512	0.110607
-1.511	0.11075
-1.51	0.110899
-1.509	0.111054
-1.508	0.111214
-1.507	0.11138
-1.506	0.111552
-1.505	0.111729
-1.504	0.111912
-1.503	0.1121
-1.502	0.112294
-1.501	0.112493
-1.5	0.112697
-1.499	0.112906
-1.498	0.113121
-1.497	0.113339
-1.496	0.113563
-1.495	0.113791
-1.494	0.114024
-1.493	0.114261
-1.492	0.114502
-1.491	0.114747
-1.49	0.114995
-1.489	0.115248
-1.488	0.115504
-1.487	0.115763
-1.486	0.116025
-1.485	0.11629
-1.484	0.116558
-1.483	0.116828
-1.482	0.117101
-1.481	0.117376
-1.48	0.117653
-1.479	0.117931
-1.478	0.118212
-1.477	0.118493
-1.476	0.118776
-1.475	0.11906
-1.474	0.119344
-1.473	0.119629
-1.472	0.119915
-1.471	0.1202
-1.47	0.120486
-1.469	0.120771
-1.468	0.121056
-1.467	0.12134
-1.466	0.121623
-1.465	0.121906
-1.464	0.122187
-1.463	0.122467
-1.462	0.122746
-1.461	0.123022
-1.46	0.123297
-1.459	0.12357
-1.458	0.123841
-1.457	0.124109
-1.456	0.124375
-1.455	0.124638
-1.454	0.124898
-1.453	0.125155
-1.452	0.125409
-1.451	0.12566
-1.45	0.125908
-1.449	0.126152
-1.448	0.126393
-1.447	0.12663
-1.446	0.126863
-1.445	0.127092
-1.444	0.127317
-1.443	0.127539
-1.442	0.127756
-1.441	0.127969
-1.44	0.128177
-1.439	0.128382
-1.438	0.128582
-1.437	0.128777
-1.436	0.128968
-1.435	0.129155
-1.434	0.129337
-1.433	0.129514
-1.432	0.129687
-1.431	0.129855
-1.43	0.130019
-1.429	0.130178
-1.428	0.130332
-1.427	0.130482
-1.426	0.130628
-1.425	0.130769
-1.424	0.130905
-1.423	0.131037
-1.422	0.131165
-1.421	0.131288
-1.42	0.131407
-1.419	0.131522
-1.418	0.131633
-1.417	0.131739
-1.416	0.131842
-1.415	0.131941
-1.414	0.132036
-1.413	0.132128
-1.412	0.132216
-1.411	0.1323
-1.41	0.132381
-1.409	0.132459
-1.408	0.132534
-1.407	0.132606
-1.406	0.132675
-1.405	0.132741
-1.404	0.132805
-1.403	0.132866
-1.402	0.132925
-1.401	0.132982
-1.4	0.133037
-1.399	0.13309
-1.398	0.133142
-1.397	0.133192
-1.396	0.133241
-1.395	0.133288
-1.394	0.133335
-1.393	0.133381
-1.392	0.133426
-1.391	0.133471
-1.39	0.133516
-1.389	0.13356
-1.388	0.133605
-1.387	0.13365
-1.386	0.133695
-1.385	0.133741
-1.384	0.133788
-1.383	0.133836
-1.382	0.133884
-1.381	0.133935
-1.38	0.133986
-1.379	0.13404
-1.378	0.134095
-1.377	0.134152
-1.376	0.134211
-1.375	0.134273
-1.374	0.134337
-1.373	0.134404
-1.372	0.134473
-1.371	0.134546
-1.37	0.134621
-1.369	0.1347
-1.368	0.134782
-1.367	0.134867
-1.366	0.134956
-1.365	0.135049
-1.364	0.135145
-1.363	0.135246
-1.362	0.13535
-1.361	0.135458
-1.36	0.135571
-1.359	0.135688
-1.358	0.135809
-1.357	0.135935
-1.356	0.136065
-1.355	0.1362
-1.354	0.136339
-1.353	0.136482
-1.352	0.136631
-1.351	0.136784
-1.35	0.136942
-1.349	0.137104
-1.348	0.137272
-1.347	0.137444
-1.346	0.13762
-1.345	0.137802
-1.344	0.137988
-1.343	0.138178
-1.342	0.138373
-1.341	0.138573
-1.34	0.138778
-1.339	0.138986
-1.338	0.139199
-1.337	0.139417
-1.336	0.139639
-1.335	0.139865
-1.334	0.140095
-1.333	0.140329
-1.332	0.140567
-1.331	0.140808
-1.33	0.141054
-1.329	0.141303
-1.328	0.141555
-1.327	0.141811
-1.326	0.14207
-1.325	0.142332
-1.324	0.142597
-1.323	0.142865
-1.322	0.143136
-1.321	0.143409
-1.32	0.143684
-1.319	0.143962
-1.318	0.144242
-1.317	0.144524
-1.316	0.144807
-1.315	0.145092
-1.314	0.145379
-1.313	0.145667
-1.312	0.145956
-1.311	0.146247
-1.31	0.146538
-1.309	0.146829
-1.308	0.147122
-1.307	0.147414
-1.306	0.147707
-1.305	0.148
-1.304	0.148293
-1.303	0.148585
-1.302	0.148877
-1.301	0.149169
-1.3	0.14946
-1.299	0.14975
-1.298	0.150039
-1.297	0.150326
-1.296	0.150613
-1.295	0.150898
-1.294	0.151181
-1.293	0.151463
-1.292	0.151743
-1.291	0.152021
-1.29	0.152297
-1.289	0.152571
-1.288	0.152842
-1.287	0.153111
-1.286	0.153377
-1.285	0.153641
-1.284	0.153902
-1.283	0.154161
-1.282	0.154416
-1.281	0.154668
-1.28	0.154918
-1.279	0.155164
-1.278	0.155407
-1.277	0.155646
-1.276	0.155883
-1.275	0.156116
-1.274	0.156346
-1.273	0.156572
-1.272	0.156794
-1.271	0.157014
-1.27	0.157229
-1.269	0.157441
-1.268	0.157649
-1.267	0.157854
-1.266	0.158055
-1.265	0.158253
-1.264	0.158447
-1.263	0.158637
-1.262	0.158824
-1.261	0.159007
-1.26	0.159186
-1.259	0.159363
-1.258	0.159535
-1.257	0.159705
-1.256	0.15987
-1.255	0.160033
-1.254	0.160192
-1.253	0.160348
-1.252	0.160501
-1.251	0.160651
-1.25	0.160798
-1.249	0.160942
-1.248	0.161083
-1.247	0.161222
-1.246	0.161358
-1.245	0.161491
-1.244	0.161622
-1.243	0.16175
-1.242	0.161876
-1.241	0.162
-1.24	0.162122
-1.239	0.162243
-1.238	0.162361
-1.237	0.162478
-1.236	0.162593
-1.235	0.162707
-1.234	0.162819
-1.233	0.162931
-1.232	0.163041
-1.231	0.163151
-1.23	0.163259
-1.229	0.163368
-1.228	0.163475
-1.227	0.163583
-1.226	0.16369
-1.225	0.163797
-1.224	0.163904
-1.223	0.164012
-1.222	0.16412
-1.221	0.164228
-1.22	0.164337
-1.219	0.164447
-1.218	0.164558
-1.217	0.16467
-1.216	0.164783
-1.215	0.164898
-1.214	0.165014
-1.213	0.165131
-1.212	0.165251
-1.211	0.165372
-1.21	0.165495
-1.209	0.16562
-1.208	0.165748
-1.207	0.165878
-1.206	0.16601
-1.205	0.166145
-1.204	0.166283
-1.203	0.166423
-1.202	0.166566
-1.201	0.166712
-1.2	0.166862
-1.199	0.167014
-1.198	0.167169
-1.197	0.167328
-1.196	0.16749
-1.195	0.167656
-1.194	0.167825
-1.193	0.167997
-1.192	0.168174
-1.191	0.168353
-1.19	0.168537
-1.189	0.168724
-1.188	0.168915
-1.187	0.169109
-1.186	0.169308
-1.185	0.16951
-1.184	0.169716
-1.183	0.169926
-1.182	0.170139
-1.181	0.170357
-1.18	0.170578
-1.179	0.170803
-1.178	0.171031
-1.177	0.171263
-1.176	0.171499
-1.175	0.171739
-1.174	0.171982
-1.173	0.172228
-1.172	0.172479
-1.171	0.172732
-1.17	0.172989
-1.169	0.173249
-1.168	0.173512
-1.167	0.173779
-1.166	0.174048
-1.165	0.174321
-1.164	0.174596
-1.163	0.174874
-1.162	0.175155
-1.161	0.175439
-1.16	0.175725
-1.159	0.176013
-1.158	0.176303
-1.157	0.176596
-1.156	0.176891
-1.155	0.177188
-1.154	0.177487
-1.153	0.177787
-1.152	0.178089
-1.151	0.178392
-1.15	0.178697
-1.149	0.179003
-1.148	0.17931
-1.147	0.179618
-1.146	0.179927
-1.145	0.180237
-1.144	0.180547
-1.143	0.180858
-1.142	0.181169
-1.141	0.181481
-1.14	0.181792
-1.139	0.182104
-1.138	0.182415
-1.137	0.182726
-1.136	0.183037
-1.135	0.183347
-1.134	0.183657
-1.133	0.183966
-1.132	0.184274
-1.131	0.184581
-1.13	0.184887
-1.129	0.185192
-1.128	0.185495
-1.127	0.185798
-1.126	0.186099
-1.125	0.186398
-1.124	0.186696
-1.123	0.186992
-1.122	0.187286
-1.121	0.187578
-1.12	0.187868
-1.119	0.188156
-1.118	0.188442
-1.117	0.188726
-1.116	0.189008
-1.115	0.189287
-1.114	0.189564
-1.113	0.189838
-1.112	0.19011
-1.111	0.19038
-1.11	0.190647
-1.109	0.190911
-1.108	0.191172
-1.107	0.191432
-1.106	0.191688
-1.105	0.191941
-1.104	0.192192
-1.103	0.192441
-1.102	0.192686
-1.101	0.192929
-1.1	0.193169
-1.099	0.193406
-1.098	0.193641
-1.097	0.193873
-1.096	0.194102
-1.095	0.194329
-1.094	0.194552
-1.093	0.194774
-1.092	0.194993
-1.091	0.195209
-1.09	0.195423
-1.089	0.195634
-1.088	0.195843
-1.087	0.19605
-1.086	0.196255
-1.085	0.196457
-1.084	0.196657
-1.083	0.196855
-1.082	0.197052
-1.081	0.197246
-1.08	0.197438
-1.079	0.197629
-1.078	0.197818
-1.077	0.198005
-1.076	0.198191
-1.075	0.198376
-1.074	0.198559
-1.073	0.198741
-1.072	0.198922
-1.071	0.199101
-1.07	0.19928
-1.069	0.199459
-1.068	0.199636
-1.067	0.199813
-1.066	0.199989
-1.065	0.200165
-1.064	0.200341
-1.063	0.200516
-1.062	0.200692
-1.061	0.200867
-1.06	0.201043
-1.059	0.201219
-1.058	0.201395
-1.057	0.201571
-1.056	0.201749
-1.055	0.201927
-1.054	0.202106
-1.053	0.202285
-1.052	0.202466
-1.051	0.202648
-1.05	0.202831
-1.049	0.203015
-1.048	0.203201
-1.047	0.203389
-1.046	0.203578
-1.045	0.203768
-1.044	0.203961
-1.043	0.204155
-1.042	0.204352
-1.041	0.20455
-1.04	0.20475
-1.039	0.204953
-1.038	0.205158
-1.037	0.205366
-1.036	0.205575
-1.035	0.205788
-1.034	0.206002
-1.033	0.20622
-1.032	0.20644
-1.031	0.206663
-1.03	0.206888
-1.029	0.207117
-1.028	0.207348
-1.027	0.207582
-1.026	0.207819
-1.025	0.208059
-1.024	0.208302
-1.023	0.208548
-1.022	0.208796
-1.021	0.209048
-1.02	0.209303
-1.019	0.209561
-1.018	0.209822
-1.017	0.210086
-1.016	0.210353
-1.015	0.210622
-1.014	0.210895
-1.013	0.211171
-1.012	0.21145
-1.011	0.211731
-1.01	0.212016
-1.009	0.212303
-1.008	0.212593
-1.007	0.212886
-1.006	0.213181
-1.005	0.213479
-1.004	0.21378
-1.003	0.214083
-1.002	0.214389
-1.001	0.214697
-1	0.215007
-0.999	0.21532
-0.998	0.215635
-0.997	0.215952
-0.996	0.216271
-0.995	0.216592
-0.994	0.216915
-0.993	0.21724
-0.992	0.217567
-0.991	0.217895
-0.99	0.218225
-0.989	0.218556
-0.988	0.218889
-0.987	0.219222
-0.986	0.219558
-0.985	0.219894
-0.984	0.220231
-0.983	0.220569
-0.982	0.220908
-0.981	0.221248
-0.98	0.221589
-0.979	0.22193
-0.978	0.222271
-0.977	0.222613
-0.976	0.222955
-0.975	0.223297
-0.974	0.22364
-0.973	0.223982
-0.972	0.224324
-0.971	0.224666
-0.97	0.225008
-0.969	0.225349
-0.968	0.22569
-0.967	0.226031
-0.966	0.226371
-0.965	0.22671
-0.964	0.227048
-0.963	0.227386
-0.962	0.227722
-0.961	0.228058
-0.96	0.228392
-0.959	0.228725
-0.958	0.229058
-0.957	0.229389
-0.956	0.229718
-0.955	0.230046
-0.954	0.230373
-0.953	0.230698
-0.952	0.231022
-0.951	0.231344
-0.95	0.231664
-0.949	0.231983
-0.948	0.232301
-0.947	0.232616
-0.946	0.23293
-0.945	0.233242
-0.944	0.233551
-0.943	0.233859
-0.942	0.234166
-0.941	0.23447
-0.94	0.234773
-0.939	0.235073
-0.938	0.235372
-0.937	0.235669
-0.936	0.235964
-0.935	0.236257
-0.934	0.236548
-0.933	0.236837
-0.932	0.237125
-0.931	0.23741
-0.93	0.237694
-0.929	0.237976
-0.928	0.238256
-0.927	0.238535
-0.926	0.238811
-0.925	0.239086
-0.924	0.23936
-0.923	0.239631
-0.922	0.239902
-0.921	0.24017
-0.92	0.240438
-0.919	0.240704
-0.918	0.240968
-0.917	0.241231
-0.916	0.241493
-0.915	0.241754
-0.914	0.242014
-0.913	0.242273
-0.912	0.242531
-0.911	0.242787
-0.91	0.243043
-0.909	0.243299
-0.908	0.243553
-0.907	0.243807
-0.906	0.24406
-0.905	0.244313
-0.904	0.244565
-0.903	0.244818
-0.902	0.245069
-0.901	0.245321
-0.9	0.245573
-0.899	0.245825
-0.898	0.246076
-0.897	0.246328
-0.896	0.24658
-0.895	0.246833
-0.894	0.247086
-0.893	0.247339
-0.892	0.247593
-0.891	0.247848
-0.89	0.248103
-0.889	0.248359
-0.888	0.248616
-0.887	0.248874
-0.886	0.249133
-0.885	0.249393
-0.884	0.249654
-0.883	0.249917
-0.882	0.250181
-0.881	0.250446
-0.88	0.250713
-0.879	0.250981
-0.878	0.251251
-0.877	0.251522
-0.876	0.251795
-0.875	0.25207
-0.874	0.252347
-0.873	0.252625
-0.872	0.252906
-0.871	0.253188
-0.87	0.253472
-0.869	0.253759
-0.868	0.254047
-0.867	0.254338
-0.866	0.254631
-0.865	0.254926
-0.864	0.255223
-0.863	0.255522
-0.862	0.255824
-0.861	0.256128
-0.86	0.256434
-0.859	0.256743
-0.858	0.257054
-0.857	0.257367
-0.856	0.257683
-0.855	0.258001
-0.854	0.258321
-0.853	0.258644
-0.852	0.258969
-0.851	0.259296
-0.85	0.259625
-0.849	0.259957
-0.848	0.260291
-0.847	0.260628
-0.846	0.260967
-0.845	0.261307
-0.844	0.26165
-0.843	0.261996
-0.842	0.262343
-0.841	0.262692
-0.84	0.263044
-0.839	0.263397
-0.838	0.263752
-0.837	0.26411
-0.836	0.264469
-0.835	0.26483
-0.834	0.265193
-0.833	0.265557
-0.832	0.265924
-0.831	0.266292
-0.83	0.266661
-0.829	0.267032
-0.828	0.267404
-0.827	0.267778
-0.826	0.268153
-0.825	0.268529
-0.824	0.268906
-0.823	0.269285
-0.822	0.269665
-0.821	0.270045
-0.82	0.270427
-0.819	0.270809
-0.818	0.271192
-0.817	0.271577
-0.816	0.271961
-0.815	0.272346
-0.814	0.272732
-0.813	0.273118
-0.812	0.273505
-0.811	0.273892
-0.81	0.274279
-0.809	0.274666
-0.808	0.275054
-0.807	0.275441
-0.806	0.275829
-0.805	0.276217
-0.804	0.276604
-0.803	0.276991
-0.802	0.277378
-0.801	0.277765
-0.8	0.278151
-0.799	0.278537
-0.798	0.278923
-0.797	0.279308
-0.796	0.279692
-0.795	0.280076
-0.794	0.280459
-0.793	0.280842
-0.792	0.281223
-0.791	0.281604
-0.79	0.281984
-0.789	0.282364
-0.788	0.282742
-0.787	0.283119
-0.786	0.283496
-0.785	0.283871
-0.784	0.284246
-0.783	0.284619
-0.782	0.284992
-0.781	0.285363
-0.78	0.285733
-0.779	0.286102
-0.778	0.28647
-0.777	0.286837
-0.776	0.287203
-0.775	0.287568
-0.774	0.287931
-0.773	0.288293
-0.772	0.288654
-0.771	0.289014
-0.77	0.289373
-0.769	0.289731
-0.768	0.290088
-0.767	0.290443
-0.766	0.290798
-0.765	0.291151
-0.764	0.291503
-0.763	0.291855
-0.762	0.292205
-0.761	0.292554
-0.76	0.292903
-0.759	0.29325
-0.758	0.293597
-0.757	0.293942
-0.756	0.294287
-0.755	0.294632
-0.754	0.294975
-0.753	0.295317
-0.752	0.295659
-0.751	0.296001
-0.75	0.296342
-0.749	0.296682
-0.748	0.297021
-0.747	0.297361
-0.746	0.2977
-0.745	0.298038
-0.744	0.298377
-0.743	0.298715
-0.742	0.299052
-0.741	0.29939
-0.74	0.299728
-0.739	0.300065
-0.738	0.300403
-0.737	0.300741
-0.736	0.301079
-0.735	0.301417
-0.734	0.301755
-0.733	0.302094
-0.732	0.302433
-0.731	0.302773
-0.73	0.303112
-0.729	0.303453
-0.728	0.303794
-0.727	0.304136
-0.726	0.304478
-0.725	0.304821
-0.724	0.305165
-0.723	0.30551
-0.722	0.305856
-0.721	0.306203
-0.72	0.30655
-0.719	0.306899
-0.718	0.307249
-0.717	0.3076
-0.716	0.307952
-0.715	0.308306
-0.714	0.30866
-0.713	0.309016
-0.712	0.309374
-0.711	0.309732
-0.71	0.310092
-0.709	0.310454
-0.708	0.310818
-0.707	0.311182
-0.706	0.311548
-0.705	0.311916
-0.704	0.312286
-0.703	0.312657
-0.702	0.31303
-0.701	0.313404
-0.7	0.313781
-0.699	0.314159
-0.698	0.314538
-0.697	0.31492
-0.696	0.315303
-0.695	0.315688
-0.694	0.316075
-0.693	0.316463
-0.692	0.316854
-0.691	0.317246
-0.69	0.31764
-0.689	0.318036
-0.688	0.318433
-0.687	0.318832
-0.686	0.319233
-0.685	0.319636
-0.684	0.320041
-0.683	0.320447
-0.682	0.320856
-0.681	0.321265
-0.68	0.321676
-0.679	0.32209
-0.678	0.322504
-0.677	0.322921
-0.676	0.323339
-0.675	0.323758
-0.674	0.324179
-0.673	0.324602
-0.672	0.325026
-0.671	0.325452
-0.67	0.325879
-0.669	0.326307
-0.668	0.326737
-0.667	0.327168
-0.666	0.3276
-0.665	0.328034
-0.664	0.328468
-0.663	0.328904
-0.662	0.329341
-0.661	0.329779
-0.66	0.330219
-0.659	0.330659
-0.658	0.3311
-0.657	0.331542
-0.656	0.331985
-0.655	0.332428
-0.654	0.332873
-0.653	0.333318
-0.652	0.333764
-0.651	0.33421
-0.65	0.334658
-0.649	0.335105
-0.648	0.335553
-0.647	0.336002
-0.646	0.336451
-0.645	0.336901
-0.644	0.33735
-0.643	0.337801
-0.642	0.338251
-0.641	0.338702
-0.64	0.339152
-0.639	0.339603
-0.638	0.340054
-0.637	0.340505
-0.636	0.340956
-0.635	0.341407
-0.634	0.341858
-0.633	0.342309
-0.632	0.34276
-0.631	0.343211
-0.63	0.343662
-0.629	0.344112
-0.628	0.344562
-0.627	0.345012
-0.626	0.345461
-0.625	0.34591
-0.624	0.34636
-0.623	0.346808
-0.622	0.347256
-0.621	0.347704
-0.62	0.348152
-0.619	0.348599
-0.618	0.349045
-0.617	0.349492
-0.616	0.349937
-0.615	0.350382
-0.614	0.350827
-0.613	0.351271
-0.612	0.351715
-0.611	0.352159
-0.61	0.352602
-0.609	0.353044
-0.608	0.353486
-0.607	0.353928
-0.606	0.354368
-0.605	0.354809
-0.604	0.355249
-0.603	0.355689
-0.602	0.356128
-0.601	0.356567
-0.6	0.357005
-0.599	0.357443
-0.598	0.35788
-0.597	0.358318
-0.596	0.358754
-0.595	0.35919
-0.594	0.359627
-0.593	0.360063
-0.592	0.360498
-0.591	0.360934
-0.59	0.361369
-0.589	0.361804
-0.588	0.362239
-0.587	0.362673
-0.586	0.363108
-0.585	0.363543
-0.584	0.363977
-0.583	0.364412
-0.582	0.364846
-0.581	0.36528
-0.58	0.365715
-0.579	0.36615
-0.578	0.366585
-0.577	0.36702
-0.576	0.367455
-0.575	0.367891
-0.574	0.368327
-0.573	0.368763
-0.572	0.3692
-0.571	0.369637
-0.57	0.370074
-0.569	0.370512
-0.568	0.37095
-0.567	0.371389
-0.566	0.371829
-0.565	0.372269
-0.564	0.372709
-0.563	0.373151
-0.562	0.373593
-0.561	0.374036
-0.56	0.37448
-0.559	0.374924
-0.558	0.37537
-0.557	0.375816
-0.556	0.376263
-0.555	0.376711
-0.554	0.37716
-0.553	0.37761
-0.552	0.378061
-0.551	0.378514
-0.55	0.378967
-0.549	0.379421
-0.548	0.379877
-0.547	0.380333
-0.546	0.380791
-0.545	0.381251
-0.544	0.381711
-0.543	0.382172
-0.542	0.382635
-0.541	0.383099
-0.54	0.383564
-0.539	0.384031
-0.538	0.384499
-0.537	0.384968
-0.536	0.385439
-0.535	0.385911
-0.534	0.386384
-0.533	0.386859
-0.532	0.387335
-0.531	0.387813
-0.53	0.388292
-0.529	0.388772
-0.528	0.389254
-0.527	0.389737
-0.526	0.390222
-0.525	0.390708
-0.524	0.391195
-0.523	0.391684
-0.522	0.392174
-0.521	0.392665
-0.52	0.393158
-0.519	0.393652
-0.518	0.394148
-0.517	0.394645
-0.516	0.395143
-0.515	0.395643
-0.514	0.396144
-0.513	0.396646
-0.512	0.397149
-0.511	0.397654
-0.51	0.39816
-0.509	0.398667
-0.508	0.399176
-0.507	0.399685
-0.506	0.400196
-0.505	0.400708
-0.504	0.401221
-0.503	0.401735
-0.502	0.402251
-0.501	0.402767
-0.5	0.403285
-0.499	0.403803
-0.498	0.404322
-0.497	0.404843
-0.496	0.405364
-0.495	0.405887
-0.494	0.40641
-0.493	0.406934
-0.492	0.407459
-0.491	0.407984
-0.49	0.408511
-0.489	0.409038
-0.488	0.409566
-0.487	0.410095
-0.486	0.410624
-0.485	0.411154
-0.484	0.411685
-0.483	0.412216
-0.482	0.412748
-0.481	0.413281
-0.48	0.413814
-0.479	0.414348
-0.478	0.414882
-0.477	0.415416
-0.476	0.415951
-0.475	0.416487
-0.474	0.417023
-0.473	0.417559
-0.472	0.418095
-0.471	0.418632
-0.47	0.419169
-0.469	0.419707
-0.468	0.420245
-0.467	0.420783
-0.466	0.421321
-0.465	0.42186
-0.464	0.422398
-0.463	0.422937
-0.462	0.423476
-0.461	0.424016
-0.46	0.424555
-0.459	0.425095
-0.458	0.425634
-0.457	0.426174
-0.456	0.426714
-0.455	0.427254
-0.454	0.427795
-0.453	0.428335
-0.452	0.428875
-0.451	0.429416
-0.45	0.429956
-0.449	0.430497
-0.448	0.431037
-0.447	0.431578
-0.446	0.432119
-0.445	0.43266
-0.444	0.433201
-0.443	0.433742
-0.442	0.434283
-0.441	0.434824
-0.44	0.435365
-0.439	0.435907
-0.438	0.436448
-0.437	0.43699
-0.436	0.437531
-0.435	0.438073
-0.434	0.438615
-0.433	0.439157
-0.432	0.439699
-0.431	0.440242
-0.43	0.440785
-0.429	0.441327
-0.428	0.44187
-0.427	0.442413
-0.426	0.442957
-0.425	0.4435
-0.424	0.444044
-0.423	0.444588
-0.422	0.445133
-0.421	0.445678
-0.42	0.446223
-0.419	0.446769
-0.418	0.447315
-0.417	0.447861
-0.416	0.448408
-0.415	0.448955
-0.414	0.449503
-0.413	0.45005
-0.412	0.450599
-0.411	0.451148
-0.41	0.451698
-0.409	0.452248
-0.408	0.452799
-0.407	0.45335
-0.406	0.453902
-0.405	0.454454
-0.404	0.455008
-0.403	0.455561
-0.402	0.456116
-0.401	0.456672
-0.4	0.457227
-0.399	0.457784
-0.398	0.458342
-0.397	0.4589
-0.396	0.45946
-0.395	0.46002
-0.394	0.460581
-0.393	0.461142
-0.392	0.461705
-0.391	0.462268
-0.39	0.462833
-0.389	0.463398
-0.388	0.463965
-0.387	0.464532
-0.386	0.465101
-0.385	0.46567
-0.384	0.46624
-0.383	0.466812
-0.382	0.467385
-0.381	0.467958
-0.38	0.468533
-0.379	0.469108
-0.378	0.469685
-0.377	0.470263
-0.376	0.470842
-0.375	0.471423
-0.374	0.472004
-0.373	0.472587
-0.372	0.47317
-0.371	0.473755
-0.37	0.474341
-0.369	0.474928
-0.368	0.475516
-0.367	0.476105
-0.366	0.476696
-0.365	0.477288
-0.364	0.477881
-0.363	0.478475
-0.362	0.47907
-0.361	0.479667
-0.36	0.480265
-0.359	0.480863
-0.358	0.481464
-0.357	0.482065
-0.356	0.482667
-0.355	0.483271
-0.354	0.483876
-0.353	0.484481
-0.352	0.485089
-0.351	0.485697
-0.35	0.486306
-0.349	0.486979
-0.348	0.487779
-0.347	0.488703
-0.346	0.489755
-0.345	0.490928
-0.344	0.492225
-0.343	0.493643
-0.342	0.495179
-0.341	0.496834
-0.34	0.498604
-0.339	0.500481
-0.338	0.502454
-0.337	0.504521
-0.336	0.506679
-0.335	0.508929
-0.334	0.511265
-0.333	0.513686
-0.332	0.516189
-0.331	0.518773
-0.33	0.521434
-0.329	0.524169
-0.328	0.526978
-0.327	0.529854
-0.326	0.532799
-0.325	0.535808
-0.324	0.538878
-0.323	0.542008
-0.322	0.545193
-0.321	0.548434
-0.32	0.551724
-0.319	0.555063
-0.318	0.558448
-0.317	0.561876
-0.316	0.565346
-0.315	0.568853
-0.314	0.572395
-0.313	0.575971
-0.312	0.579577
-0.311	0.583212
-0.31	0.58687
-0.309	0.590554
-0.308	0.594258
-0.307	0.597981
-0.306	0.60172
-0.305	0.605473
-0.304	0.609239
-0.303	0.613014
-0.302	0.616796
-0.301	0.620583
-0.3	0.624374
-0.299	0.628167
-0.298	0.631957
-0.297	0.635746
-0.296	0.639531
-0.295	0.643308
-0.294	0.647077
-0.293	0.650836
-0.292	0.654583
-0.291	0.658316
-0.29	0.662034
-0.289	0.665734
-0.288	0.669416
-0.287	0.673076
-0.286	0.676715
-0.285	0.680331
-0.284	0.683921
-0.283	0.687485
-0.282	0.69102
-0.281	0.694527
-0.28	0.698002
-0.279	0.701445
-0.278	0.704854
-0.277	0.708229
-0.276	0.711568
-0.275	0.714868
-0.274	0.718131
-0.273	0.721354
-0.272	0.724535
-0.271	0.727675
-0.27	0.730772
-0.269	0.733824
-0.268	0.736831
-0.267	0.739791
-0.266	0.742704
-0.265	0.74557
-0.264	0.748385
-0.263	0.75115
-0.262	0.753864
-0.261	0.756527
-0.26	0.759136
-0.259	0.761695
-0.258	0.764207
-0.257	0.766669
-0.256	0.769082
-0.255	0.771445
-0.254	0.773757
-0.253	0.776018
-0.252	0.778227
-0.251	0.780384
-0.25	0.782489
-0.249	0.78454
-0.248	0.786536
-0.247	0.788478
-0.246	0.790366
-0.245	0.792198
-0.244	0.793973
-0.243	0.795693
-0.242	0.797357
-0.241	0.798964
-0.24	0.800512
-0.239	0.802004
-0.238	0.803437
-0.237	0.804812
-0.236	0.806128
-0.235	0.807385
-0.234	0.808585
-0.233	0.809724
-0.232	0.810802
-0.231	0.811822
-0.23	0.812781
-0.229	0.81368
-0.228	0.814519
-0.227	0.815297
-0.226	0.816015
-0.225	0.816672
-0.224	0.817267
-0.223	0.817803
-0.222	0.818277
-0.221	0.818691
-0.22	0.819042
-0.219	0.819333
-0.218	0.819564
-0.217	0.819733
-0.216	0.81984
-0.215	0.819888
-0.214	0.819874
-0.213	0.8198
-0.212	0.819665
-0.211	0.819469
-0.21	0.819213
-0.209	0.818897
-0.208	0.81852
-0.207	0.818084
-0.206	0.817589
-0.205	0.817034
-0.204	0.816419
-0.203	0.815746
-0.202	0.815013
-0.201	0.814224
-0.2	0.813374
-0.199	0.812469
-0.198	0.811506
-0.197	0.810485
-0.196	0.809407
-0.195	0.808274
-0.194	0.807086
-0.193	0.805841
-0.192	0.804541
-0.191	0.803187
-0.19	0.80178
-0.189	0.800319
-0.188	0.798803
-0.187	0.797238
-0.186	0.79562
-0.185	0.79395
-0.184	0.79223
-0.183	0.790458
-0.182	0.78864
-0.181	0.786771
-0.18	0.784854
-0.179	0.782894
-0.178	0.780895
-0.177	0.778859
-0.176	0.776786
-0.175	0.774674
-0.174	0.772529
-0.173	0.770348
-0.172	0.768132
-0.171	0.765884
-0.17	0.763603
-0.169	0.76129
-0.168	0.758947
-0.167	0.756573
-0.166	0.75417
-0.165	0.75174
-0.164	0.749281
-0.163	0.746796
-0.162	0.744287
-0.161	0.741753
-0.16	0.739195
-0.159	0.736615
-0.158	0.734014
-0.157	0.731392
-0.156	0.728752
-0.155	0.726092
-0.154	0.723416
-0.153	0.720725
-0.152	0.718019
-0.151	0.715299
-0.15	0.712566
-0.149	0.709823
-0.148	0.70707
-0.147	0.704307
-0.146	0.701538
-0.145	0.698763
-0.144	0.695982
-0.143	0.693197
-0.142	0.690412
-0.141	0.687624
-0.14	0.684837
-0.139	0.682053
-0.138	0.67927
-0.137	0.676494
-0.136	0.673724
-0.135	0.670961
-0.134	0.668205
-0.133	0.665462
-0.132	0.662731
-0.131	0.660012
-0.13	0.657309
-0.129	0.654622
-0.128	0.651954
-0.127	0.649304
-0.126	0.646677
-0.125	0.644071
-0.124	0.64149
-0.123	0.638936
-0.122	0.636408
-0.121	0.63391
-0.12	0.631443
-0.119	0.629008
-0.118	0.626606
-0.117	0.624241
-0.116	0.621912
-0.115	0.619621
-0.114	0.617372
-0.113	0.615163
-0.112	0.612999
-0.111	0.61088
-0.11	0.608807
-0.109	0.606782
-0.108	0.604807
-0.107	0.602883
-0.106	0.601012
-0.105	0.599195
-0.104	0.597432
-0.103	0.595728
-0.102	0.594082
-0.101	0.592495
-0.1	0.590969