-3.037	4.99538e-006
-3.036	4.9707e-006
-3.035	5.06939e-006
-3.034	5.02317e-006
-3.033	5.00766e-006
-3.032	5.17596e-006
-3.031	5.2251e-006
-3.03	5.17069e-006
-3.029	5.28077e-006
-3.028	5.44902e-006
-3.027	5.1424e-006
-3.026	5.52668e-006
-3.025	5.33006e-006
-3.024	5.46871e-006
-3.023	5.32859e-006
-3.022	5.70425e-006
-3.021	5.75279e-006
-3.02	5.61094e-006
-3.019	5.67329e-006
-3.018	5.96341e-006
-3.017	5.95789e-006
-3.016	5.87817e-006
-3.015	6.26226e-006
-3.014	6.28394e-006
-3.013	6.13133e-006
-3.012	6.52468e-006
-3.011	6.5318e-006
-3.01	6.67034e-006
-3.009	6.76167e-006
-3.008	6.92984e-006
-3.007	6.92465e-006
-3.006	7.25285e-006
-3.005	7.22339e-006
-3.004	7.65445e-006
-3.003	7.72565e-006
-3.002	7.82729e-006
-3.001	8.1434e-006
-3	8.27185e-006
-2.999	8.51613e-006
-2.998	8.40383e-006
-2.997	8.91015e-006
-2.996	8.84219e-006
-2.995	9.17731e-006
-2.994	9.17205e-006
-2.993	9.55272e-006
-2.992	9.58187e-006
-2.991	9.96592e-006
-2.99	1.02912e-005
-2.989	1.06137e-005
-2.988	1.0786e-005
-2.987	1.09884e-005
-2.986	1.13286e-005
-2.985	1.14963e-005
-2.984	1.19271e-005
-2.983	1.20718e-005
-2.982	1.25187e-005
-2.981	1.28991e-005
-2.98	1.30954e-005
-2.979	1.37606e-005
-2.978	1.36883e-005
-2.977	1.43186e-005
-2.976	1.42616e-005
-2.975	1.51534e-005
-2.974	1.51009e-005
-2.973	1.56859e-005
-2.972	1.6083e-005
-2.971	1.6488e-005
-2.97	1.70553e-005
-2.969	1.72516e-005
-2.968	1.81065e-005
-2.967	1.82567e-005
-2.966	1.87272e-005
-2.965	1.90866e-005
-2.964	1.95487e-005
-2.963	2.00486e-005
-2.962	2.06534e-005
-2.961	2.12365e-005
-2.96	2.18537e-005
-2.959	2.23163e-005
-2.958	2.3098e-005
-2.957	2.35591e-005
-2.956	2.44139e-005
-2.955	2.46132e-005
-2.954	2.55113e-005
-2.953	2.59652e-005
-2.952	2.67841e-005
-2.951	2.73893e-005
-2.95	2.8249e-005
-2.949	2.86427e-005
-2.948	2.95227e-005
-2.947	3.05013e-005
-2.946	3.11869e-005
-2.945	3.19615e-005
-2.944	3.27016e-005
-2.943	3.35818e-005
-2.942	3.45674e-005
-2.941	3.52514e-005
-2.94	3.63037e-005
-2.939	3.71875e-005
-2.938	3.82581e-005
-2.937	3.91865e-005
-2.936	4.03175e-005
-2.935	4.12678e-005
-2.934	4.2268e-005
-2.933	4.34192e-005
-2.932	4.43223e-005
-2.931	4.55298e-005
-2.93	4.64448e-005
-2.929	4.79251e-005
-2.928	4.90523e-005
-2.927	5.06512e-005
-2.926	5.1593e-005
-2.925	5.31573e-005
-2.924	5.40507e-005
-2.923	5.58654e-005
-2.922	5.70978e-005
-2.921	5.8726e-005
-2.92	6.00157e-005
-2.919	6.15641e-005
-2.918	6.32048e-005
-2.917	6.47332e-005
-2.916	6.65021e-005
-2.915	6.79995e-005
-2.914	6.98993e-005
-2.913	7.15792e-005
-2.912	7.35042e-005
-2.911	7.52964e-005
-2.91	7.72336e-005
-2.909	7.91162e-005
-2.908	8.14118e-005
-2.907	8.33391e-005
-2.906	8.52686e-005
-2.905	8.76006e-005
-2.904	8.97804e-005
-2.903	9.22383e-005
-2.902	9.44056e-005
-2.901	9.67326e-005
-2.9	9.9207e-005
-2.899	0.000101693
-2.898	0.000104468
-2.897	0.000107001
-2.896	0.00010977
-2.895	0.000112313
-2.894	0.000115572
-2.893	0.000118222
-2.892	0.000121538
-2.891	0.000124168
-2.89	0.00012746
-2.889	0.000130694
-2.888	0.000134128
-2.887	0.000137535
-2.886	0.000140933
-2.885	0.00014453
-2.884	0.000148364
-2.883	0.000152224
-2.882	0.000155981
-2.881	0.000159992
-2.88	0.000163926
-2.879	0.0001682
-2.878	0.000172201
-2.877	0.000176818
-2.876	0.000180951
-2.875	0.000185858
-2.874	0.000190523
-2.873	0.000195439
-2.872	0.000200152
-2.871	0.000205409
-2.87	0.000210457
-2.869	0.000215943
-2.868	0.000221478
-2.867	0.000226918
-2.866	0.000232802
-2.865	0.000238551
-2.864	0.000244678
-2.863	0.000250998
-2.862	0.000257123
-2.861	0.000263962
-2.86	0.00027046
-2.859	0.000277469
-2.858	0.000284295
-2.857	0.000291617
-2.856	0.000298981
-2.855	0.000306541
-2.854	0.000314354
-2.853	0.000322331
-2.852	0.00033056
-2.851	0.000338742
-2.85	0.000347529
-2.849	0.000356244
-2.848	0.000365689
-2.847	0.000374516
-2.846	0.000384277
-2.845	0.000393706
-2.844	0.000403994
-2.843	0.000414013
-2.842	0.000424847
-2.841	0.000435282
-2.84	0.000446426
-2.839	0.000457778
-2.838	0.000469522
-2.837	0.000481437
-2.836	0.000493517
-2.835	0.000506166
-2.834	0.00051884
-2.833	0.000532186
-2.832	0.000545452
-2.831	0.00055949
-2.83	0.000573488
-2.829	0.000588068
-2.828	0.00060297
-2.827	0.000618412
-2.826	0.00063399
-2.825	0.000650172
-2.824	0.000666526
-2.823	0.000683601
-2.822	0.00070073
-2.821	0.000718784
-2.82	0.000736774
-2.819	0.000755633
-2.818	0.000774888
-2.817	0.000794597
-2.816	0.000814334
-2.815	0.000835448
-2.814	0.000856478
-2.813	0.000878208
-2.812	0.000900364
-2.811	0.000923208
-2.81	0.000946881
-2.809	0.000970598
-2.808	0.000995317
-2.807	0.00102064
-2.806	0.00104651
-2.805	0.00107294
-2.804	0.00110027
-2.803	0.00112819
-2.802	0.00115672
-2.801	0.00118627
-2.8	0.00121627
-2.799	0.00124694
-2.798	0.00127878
-2.797	0.00131111
-2.796	0.00134459
-2.795	0.00137844
-2.794	0.00141362
-2.793	0.00144922
-2.792	0.00148634
-2.791	0.00152376
-2.79	0.00156272
-2.789	0.00160219
-2.788	0.00164299
-2.787	0.00168446
-2.786	0.00172733
-2.785	0.00177108
-2.784	0.00181605
-2.783	0.00186201
-2.782	0.00190934
-2.781	0.00195785
-2.78	0.00200729
-2.779	0.00205861
-2.778	0.00211081
-2.777	0.00216423
-2.776	0.00221921
-2.775	0.00227537
-2.774	0.00233309
-2.773	0.00239216
-2.772	0.00245307
-2.771	0.00251532
-2.77	0.00257887
-2.769	0.00264469
-2.768	0.00271157
-2.767	0.00278057
-2.766	0.00285086
-2.765	0.00292354
-2.764	0.00299739
-2.763	0.00307365
-2.762	0.00315139
-2.761	0.00323143
-2.76	0.00331343
-2.759	0.00339755
-2.758	0.00348372
-2.757	0.00357214
-2.756	0.0036627
-2.755	0.0037555
-2.754	0.00385096
-2.753	0.00394864
-2.752	0.00404868
-2.751	0.00415155
-2.75	0.00425688
-2.749	0.00436495
-2.748	0.00447537
-2.747	0.00458927
-2.746	0.00470554
-2.745	0.00482502
-2.744	0.00494742
-2.743	0.00507285
-2.742	0.00520164
-2.741	0.00533341
-2.74	0.00546901
-2.739	0.0056074
-2.738	0.00575017
-2.737	0.00589562
-2.736	0.00604563
-2.735	0.0061985
-2.734	0.00635627
-2.733	0.00651705
-2.732	0.00668275
-2.731	0.00685206
-2.73	0.00702594
-2.729	0.00720421
-2.728	0.00738699
-2.727	0.00757456
-2.726	0.00776657
-2.725	0.00796389
-2.724	0.00816587
-2.723	0.00837288
-2.722	0.0085853
-2.721	0.00880314
-2.72	0.00902645
-2.719	0.00925566
-2.718	0.00949029
-2.717	0.00973106
-2.716	0.0099781
-2.715	0.0102312
-2.714	0.0104909
-2.713	0.0107569
-2.712	0.0110299
-2.711	0.0113097
-2.71	0.0115968
-2.709	0.0118907
-2.708	0.0121927
-2.707	0.0125018
-2.706	0.012819
-2.705	0.0131444
-2.704	0.0134776
-2.703	0.0138198
-2.702	0.0141701
-2.701	0.0145299
-2.7	0.0148985
-2.699	0.0152765
-2.698	0.0156639
-2.697	0.0160615
-2.696	0.016469
-2.695	0.016887
-2.694	0.0173153
-2.693	0.0177545
-2.692	0.0182051
-2.691	0.0186669
-2.69	0.0191405
-2.689	0.0196259
-2.688	0.0201239
-2.687	0.0206343
-2.686	0.0211582
-2.685	0.021695
-2.684	0.0222454
-2.683	0.0228097
-2.682	0.0233886
-2.681	0.0239818
-2.68	0.0245904
-2.679	0.0252141
-2.678	0.0258538
-2.677	0.0265097
-2.676	0.0271822
-2.675	0.0278721
-2.674	0.0285791
-2.673	0.0293043
-2.672	0.0300476
-2.671	0.0308102
-2.67	0.0315917
-2.669	0.0323932
-2.668	0.0332149
-2.667	0.0340577
-2.666	0.0349217
-2.665	0.0358077
-2.664	0.0367162
-2.663	0.0376478
-2.662	0.0386029
-2.661	0.0395826
-2.66	0.0405868
-2.659	0.0416165
-2.658	0.0426721
-2.657	0.043755
-2.656	0.0448647
-2.655	0.0460035
-2.654	0.0471702
-2.653	0.0483673
-2.652	0.0495941
-2.651	0.0508525
-2.65	0.0521426
-2.649	0.0534656
-2.648	0.0548219
-2.647	0.056213
-2.646	0.0576392
-2.645	0.0591018
-2.644	0.0606009
-2.643	0.0621386
-2.642	0.0637149
-2.641	0.0653316
-2.64	0.0669889
-2.639	0.0686887
-2.638	0.0704312
-2.637	0.0722182
-2.636	0.0740505
-2.635	0.0758722
-2.634	0.0776819
-2.633	0.0794781
-2.632	0.0812594
-2.631	0.0830246
-2.63	0.0847724
-2.629	0.0865015
-2.628	0.0882111
-2.627	0.0898998
-2.626	0.0915669
-2.625	0.0932114
-2.624	0.0948323
-2.623	0.0964286
-2.622	0.0979997
-2.621	0.0995446
-2.62	0.101063
-2.619	0.102553
-2.618	0.104015
-2.617	0.105448
-2.616	0.106852
-2.615	0.108224
-2.614	0.109566
-2.613	0.110877
-2.612	0.112155
-2.611	0.113401
-2.61	0.114613
-2.609	0.115792
-2.608	0.116936
-2.607	0.118046
-2.606	0.119121
-2.605	0.12016
-2.604	0.121163
-2.603	0.122129
-2.602	0.123059
-2.601	0.123952
-2.6	0.124807
-2.599	0.125624
-2.598	0.126403
-2.597	0.127144
-2.596	0.127846
-2.595	0.128509
-2.594	0.129133
-2.593	0.129718
-2.592	0.130263
-2.591	0.130768
-2.59	0.131233
-2.589	0.131658
-2.588	0.132043
-2.587	0.132387
-2.586	0.132691
-2.585	0.132954
-2.584	0.133177
-2.583	0.133359
-2.582	0.1335
-2.581	0.1336
-2.58	0.13366
-2.579	0.133679
-2.578	0.133657
-2.577	0.133595
-2.576	0.133492
-2.575	0.133348
-2.574	0.133164
-2.573	0.13294
-2.572	0.132675
-2.571	0.132371
-2.57	0.132026
-2.569	0.131643
-2.568	0.131219
-2.567	0.130757
-2.566	0.130255
-2.565	0.129715
-2.564	0.129137
-2.563	0.128521
-2.562	0.127866
-2.561	0.127175
-2.56	0.126446
-2.559	0.125681
-2.558	0.124879
-2.557	0.124042
-2.556	0.123169
-2.555	0.122262
-2.554	0.12132
-2.553	0.120344
-2.552	0.119335
-2.551	0.118293
-2.55	0.117219
-2.549	0.116113
-2.548	0.114977
-2.547	0.11381
-2.546	0.112614
-2.545	0.111389
-2.544	0.110136
-2.543	0.108855
-2.542	0.107549
-2.541	0.106216
-2.54	0.104859
-2.539	0.103479
-2.538	0.102075
-2.537	0.10065
-2.536	0.0992048
-2.535	0.0977398
-2.534	0.0962564
-2.533	0.094756
-2.532	0.0932398
-2.531	0.0917093
-2.53	0.0901658
-2.529	0.0886109
-2.528	0.0870462
-2.527	0.0854733
-2.526	0.0838941
-2.525	0.0823104
-2.524	0.0807243
-2.523	0.0791378
-2.522	0.0775533
-2.521	0.0759729
-2.52	0.0743995
-2.519	0.0728357
-2.518	0.0712842
-2.517	0.0697483
-2.516	0.0682311
-2.515	0.0667361
-2.514	0.0652672
-2.513	0.0638282
-2.512	0.0624232
-2.511	0.0610566
-2.51	0.0597332
-2.509	0.0584577
-2.508	0.0572353
-2.507	0.0560712
-2.506	0.0549709
-2.505	0.0539399
-2.504	0.0529838
-2.503	0.0521082
-2.502	0.0513185
-2.501	0.05062
-2.5	0.0500176
-2.499	0.0495157
-2.498	0.0491182
-2.497	0.0488284
-2.496	0.0486488
-2.495	0.0485808
-2.494	0.0486253
-2.493	0.048782
-2.492	0.0490497
-2.491	0.0494266
-2.49	0.0499097
-2.489	0.0504954
-2.488	0.0511795
-2.487	0.0519576
-2.486	0.0528246
-2.485	0.053775
-2.484	0.0548036
-2.483	0.0559046
-2.482	0.0570727
-2.481	0.0583026
-2.48	0.0595887
-2.479	0.060926
-2.478	0.0623097
-2.477	0.0637351
-2.476	0.0651975
-2.475	0.0666929
-2.474	0.0682172
-2.473	0.0697665
-2.472	0.0713377
-2.471	0.072927
-2.47	0.0745315
-2.469	0.0761483
-2.468	0.0777746
-2.467	0.0794076
-2.466	0.081045
-2.465	0.0826846
-2.464	0.0843241
-2.463	0.0859615
-2.462	0.0875948
-2.461	0.0892224
-2.46	0.0908423
-2.459	0.0924531
-2.458	0.0940532
-2.457	0.0956408
-2.456	0.0972149
-2.455	0.0987742
-2.454	0.100317
-2.453	0.101843
-2.452	0.10335
-2.451	0.104837
-2.45	0.106303
-2.449	0.107748
-2.448	0.10917
-2.447	0.110569
-2.446	0.111943
-2.445	0.113291
-2.444	0.114614
-2.443	0.115909
-2.442	0.117177
-2.441	0.118416
-2.44	0.119627
-2.439	0.120807
-2.438	0.121957
-2.437	0.123077
-2.436	0.124164
-2.435	0.12522
-2.434	0.126243
-2.433	0.127232
-2.432	0.128189
-2.431	0.129111
-2.43	0.129998
-2.429	0.130851
-2.428	0.131668
-2.427	0.13245
-2.426	0.133195
-2.425	0.133904
-2.424	0.134577
-2.423	0.135212
-2.422	0.135811
-2.421	0.136371
-2.42	0.136895
-2.419	0.13738
-2.418	0.137827
-2.417	0.138236
-2.416	0.138606
-2.415	0.138938
-2.414	0.139232
-2.413	0.139486
-2.412	0.139702
-2.411	0.139879
-2.41	0.140017
-2.409	0.140116
-2.408	0.140177
-2.407	0.140198
-2.406	0.140181
-2.405	0.140125
-2.404	0.14003
-2.403	0.139897
-2.402	0.139726
-2.401	0.139516
-2.4	0.139268
-2.399	0.138982
-2.398	0.138659
-2.397	0.138298
-2.396	0.1379
-2.395	0.137465
-2.394	0.136993
-2.393	0.136485
-2.392	0.135942
-2.391	0.135362
-2.39	0.134748
-2.389	0.134098
-2.388	0.133414
-2.387	0.132697
-2.386	0.131946
-2.385	0.131162
-2.384	0.130346
-2.383	0.129497
-2.382	0.128618
-2.381	0.127708
-2.38	0.126768
-2.379	0.125799
-2.378	0.124801
-2.377	0.123776
-2.376	0.122723
-2.375	0.121644
-2.374	0.12054
-2.373	0.119411
-2.372	0.118258
-2.371	0.117082
-2.37	0.115885
-2.369	0.114668
-2.368	0.11343
-2.367	0.112174
-2.366	0.110901
-2.365	0.109611
-2.364	0.108307
-2.363	0.106989
-2.362	0.105659
-2.361	0.104318
-2.36	0.102968
-2.359	0.10161
-2.358	0.100246
-2.357	0.0988781
-2.356	0.0975075
-2.355	0.0961361
-2.354	0.0947662
-2.353	0.0933996
-2.352	0.0920383
-2.351	0.0906847
-2.35	0.0893411
-2.349	0.0880098
-2.348	0.0866935
-2.347	0.0853945
-2.346	0.0841158
-2.345	0.08286
-2.344	0.0816301
-2.343	0.0804291
-2.342	0.07926
-2.341	0.0781261
-2.34	0.0770305
-2.339	0.0759765
-2.338	0.0749676
-2.337	0.0740068
-2.336	0.0730977
-2.335	0.0722436
-2.334	0.0714478
-2.333	0.0707134
-2.332	0.0700435
-2.331	0.0694412
-2.33	0.0689089
-2.329	0.0684493
-2.328	0.0680646
-2.327	0.0677567
-2.326	0.0675273
-2.325	0.0673777
-2.324	0.0673087
-2.323	0.0673206
-2.322	0.0674139
-2.321	0.067588
-2.32	0.0678424
-2.319	0.0681758
-2.318	0.0685867
-2.317	0.0690736
-2.316	0.0696343
-2.315	0.0702664
-2.314	0.0709673
-2.313	0.0717342
-2.312	0.0725641
-2.311	0.0734541
-2.31	0.0744008
-2.309	0.0754011
-2.308	0.0764516
-2.307	0.0775491
-2.306	0.0786903
-2.305	0.0798721
-2.304	0.081091
-2.303	0.0823442
-2.302	0.0836285
-2.301	0.0849409
-2.3	0.0862785
-2.299	0.0876386
-2.298	0.0890187
-2.297	0.0904158
-2.296	0.0918276
-2.295	0.0932518
-2.294	0.094686
-2.293	0.0961279
-2.292	0.0975756
-2.291	0.0990268
-2.29	0.10048
-2.289	0.101932
-2.288	0.103383
-2.287	0.10483
-2.286	0.106272
-2.285	0.107706
-2.284	0.109133
-2.283	0.110549
-2.282	0.111954
-2.281	0.113347
-2.28	0.114726
-2.279	0.116089
-2.278	0.117437
-2.277	0.118767
-2.276	0.120078
-2.275	0.12137
-2.274	0.122641
-2.273	0.123891
-2.272	0.125119
-2.271	0.126323
-2.27	0.127503
-2.269	0.128659
-2.268	0.129788
-2.267	0.130891
-2.266	0.131968
-2.265	0.133016
-2.264	0.134035
-2.263	0.135026
-2.262	0.135987
-2.261	0.136918
-2.26	0.137818
-2.259	0.138686
-2.258	0.139523
-2.257	0.140328
-2.256	0.1411
-2.255	0.141839
-2.254	0.142544
-2.253	0.143215
-2.252	0.143853
-2.251	0.144456
-2.25	0.145024
-2.249	0.145557
-2.248	0.146055
-2.247	0.146517
-2.246	0.146943
-2.245	0.147334
-2.244	0.147688
-2.243	0.148007
-2.242	0.148289
-2.241	0.148534
-2.24	0.148744
-2.239	0.148916
-2.238	0.149052
-2.237	0.149152
-2.236	0.149215
-2.235	0.149242
-2.234	0.149232
-2.233	0.149186
-2.232	0.149104
-2.231	0.148985
-2.23	0.148831
-2.229	0.148641
-2.228	0.148416
-2.227	0.148155
-2.226	0.147859
-2.225	0.147528
-2.224	0.147163
-2.223	0.146763
-2.222	0.14633
-2.221	0.145863
-2.22	0.145363
-2.219	0.144831
-2.218	0.144266
-2.217	0.143669
-2.216	0.143042
-2.215	0.142383
-2.214	0.141694
-2.213	0.140976
-2.212	0.140228
-2.211	0.139452
-2.21	0.138649
-2.209	0.137818
-2.208	0.136961
-2.207	0.136079
-2.206	0.135171
-2.205	0.13424
-2.204	0.133286
-2.203	0.132309
-2.202	0.131311
-2.201	0.130293
-2.2	0.129255
-2.199	0.1282
-2.198	0.127127
-2.197	0.126038
-2.196	0.124934
-2.195	0.123816
-2.194	0.122686
-2.193	0.121544
-2.192	0.120393
-2.191	0.119233
-2.19	0.118066
-2.189	0.116894
-2.188	0.115718
-2.187	0.114539
-2.186	0.11336
-2.185	0.112181
-2.184	0.111006
-2.183	0.109834
-2.182	0.108669
-2.181	0.107513
-2.18	0.106366
-2.179	0.105232
-2.178	0.104113
-2.177	0.103009
-2.176	0.101925
-2.175	0.100861
-2.174	0.0998201
-2.173	0.0988048
-2.172	0.0978172
-2.171	0.0968595
-2.17	0.0959343
-2.169	0.0950438
-2.168	0.0941903
-2.167	0.0933761
-2.166	0.0926037
-2.165	0.0918751
-2.164	0.0911925
-2.163	0.0905583
-2.162	0.0899743
-2.161	0.0894424
-2.16	0.0889645
-2.159	0.0885423
-2.158	0.0881773
-2.157	0.0878708
-2.156	0.0876239
-2.155	0.087438
-2.154	0.0873136
-2.153	0.0872511
-2.152	0.0872512
-2.151	0.0873141
-2.15	0.0874393
-2.149	0.0876271
-2.148	0.0878766
-2.147	0.0881872
-2.146	0.0885582
-2.145	0.0889883
-2.144	0.0894762
-2.143	0.0900206
-2.142	0.09062
-2.141	0.0912724
-2.14	0.0919762
-2.139	0.0927295
-2.138	0.0935299
-2.137	0.0943757
-2.136	0.0952646
-2.135	0.0961942
-2.134	0.0971625
-2.133	0.0981671
-2.132	0.0992057
-2.131	0.100276
-2.13	0.101376
-2.129	0.102503
-2.128	0.103655
-2.127	0.10483
-2.126	0.106026
-2.125	0.10724
-2.124	0.108471
-2.123	0.109716
-2.122	0.110973
-2.121	0.112241
-2.12	0.113517
-2.119	0.1148
-2.118	0.116088
-2.117	0.11738
-2.116	0.118673
-2.115	0.119965
-2.114	0.121257
-2.113	0.122545
-2.112	0.123828
-2.111	0.125105
-2.11	0.126375
-2.109	0.127636
-2.108	0.128886
-2.107	0.130126
-2.106	0.131353
-2.105	0.132566
-2.104	0.133765
-2.103	0.134947
-2.102	0.136113
-2.101	0.137261
-2.1	0.13839
-2.099	0.139499
-2.098	0.140587
-2.097	0.141654
-2.096	0.142699
-2.095	0.14372
-2.094	0.144717
-2.093	0.14569
-2.092	0.146637
-2.091	0.147559
-2.09	0.148454
-2.089	0.149322
-2.088	0.150161
-2.087	0.150973
-2.086	0.151756
-2.085	0.152509
-2.084	0.153232
-2.083	0.153926
-2.082	0.154588
-2.081	0.15522
-2.08	0.15582
-2.079	0.156388
-2.078	0.156924
-2.077	0.157428
-2.076	0.1579
-2.075	0.158338
-2.074	0.158744
-2.073	0.159116
-2.072	0.159455
-2.071	0.15976
-2.07	0.160032
-2.069	0.160269
-2.068	0.160474
-2.067	0.160644
-2.066	0.16078
-2.065	0.160883
-2.064	0.160951
-2.063	0.160986
-2.062	0.160987
-2.061	0.160955
-2.06	0.160889
-2.059	0.16079
-2.058	0.160658
-2.057	0.160492
-2.056	0.160294
-2.055	0.160064
-2.054	0.159801
-2.053	0.159507
-2.052	0.15918
-2.051	0.158823
-2.05	0.158435
-2.049	0.158016
-2.048	0.157567
-2.047	0.157089
-2.046	0.156582
-2.045	0.156046
-2.044	0.155482
-2.043	0.15489
-2.042	0.154272
-2.041	0.153628
-2.04	0.152957
-2.039	0.152262
-2.038	0.151543
-2.037	0.1508
-2.036	0.150034
-2.035	0.149247
-2.034	0.148438
-2.033	0.147609
-2.032	0.146761
-2.031	0.145894
-2.03	0.14501
-2.029	0.14411
-2.028	0.143194
-2.027	0.142264
-2.026	0.14132
-2.025	0.140364
-2.024	0.139398
-2.023	0.138421
-2.022	0.137437
-2.021	0.136444
-2.02	0.135446
-2.019	0.134444
-2.018	0.133438
-2.017	0.132431
-2.016	0.131423
-2.015	0.130417
-2.014	0.129413
-2.013	0.128413
-2.012	0.12742
-2.011	0.126434
-2.01	0.125457
-2.009	0.124491
-2.008	0.123538
-2.007	0.122599
-2.006	0.121676
-2.005	0.120771
-2.004	0.119885
-2.003	0.119022
-2.002	0.118181
-2.001	0.117365
-2	0.116576
-1.999	0.115816
-1.998	0.115086
-1.997	0.114388
-1.996	0.113723
-1.995	0.113094
-1.994	0.112503
-1.993	0.111949
-1.992	0.111436
-1.991	0.110964
-1.99	0.110536
-1.989	0.110151
-1.988	0.109811
-1.987	0.109518
-1.986	0.109272
-1.985	0.109073
-1.984	0.108924
-1.983	0.108824
-1.982	0.108774
-1.981	0.108773
-1.98	0.108823
-1.979	0.108923
-1.978	0.109074
-1.977	0.109274
-1.976	0.109524
-1.975	0.109823
-1.974	0.110171
-1.973	0.110566
-1.972	0.111008
-1.971	0.111496
-1.97	0.112029
-1.969	0.112605
-1.968	0.113224
-1.967	0.113884
-1.966	0.114583
-1.965	0.115321
-1.964	0.116095
-1.963	0.116904
-1.962	0.117747
-1.961	0.118621
-1.96	0.119525
-1.959	0.120458
-1.958	0.121417
-1.957	0.122402
-1.956	0.123409
-1.955	0.124438
-1.954	0.125486
-1.953	0.126552
-1.952	0.127635
-1.951	0.128732
-1.95	0.129843
-1.949	0.130964
-1.948	0.132095
-1.947	0.133234
-1.946	0.13438
-1.945	0.13553
-1.944	0.136684
-1.943	0.13784
-1.942	0.138997
-1.941	0.140153
-1.94	0.141307
-1.939	0.142456
-1.938	0.143602
-1.937	0.144741
-1.936	0.145873
-1.935	0.146997
-1.934	0.14811
-1.933	0.149213
-1.932	0.150305
-1.931	0.151383
-1.93	0.152447
-1.929	0.153497
-1.928	0.15453
-1.927	0.155547
-1.926	0.156546
-1.925	0.157527
-1.924	0.158488
-1.923	0.15943
-1.922	0.16035
-1.921	0.161248
-1.92	0.162125
-1.919	0.162978
-1.918	0.163808
-1.917	0.164613
-1.916	0.165393
-1.915	0.166149
-1.914	0.166878
-1.913	0.16758
-1.912	0.168256
-1.911	0.168904
-1.91	0.169525
-1.909	0.170117
-1.908	0.170681
-1.907	0.171216
-1.906	0.171722
-1.905	0.172198
-1.904	0.172644
-1.903	0.17306
-1.902	0.173446
-1.901	0.173802
-1.9	0.174127
-1.899	0.174422
-1.898	0.174685
-1.897	0.174918
-1.896	0.175119
-1.895	0.17529
-1.894	0.175429
-1.893	0.175538
-1.892	0.175615
-1.891	0.175662
-1.89	0.175678
-1.889	0.175663
-1.888	0.175617
-1.887	0.175541
-1.886	0.175435
-1.885	0.175299
-1.884	0.175133
-1.883	0.174938
-1.882	0.174713
-1.881	0.174459
-1.88	0.174177
-1.879	0.173867
-1.878	0.173529
-1.877	0.173164
-1.876	0.172771
-1.875	0.172353
-1.874	0.171908
-1.873	0.171438
-1.872	0.170943
-1.871	0.170424
-1.87	0.169881
-1.869	0.169315
-1.868	0.168727
-1.867	0.168117
-1.866	0.167486
-1.865	0.166835
-1.864	0.166165
-1.863	0.165476
-1.862	0.164769
-1.861	0.164046
-1.86	0.163306
-1.859	0.162552
-1.858	0.161783
-1.857	0.161001
-1.856	0.160207
-1.855	0.159402
-1.854	0.158587
-1.853	0.157763
-1.852	0.156931
-1.851	0.156092
-1.85	0.155248
-1.849	0.1544
-1.848	0.153549
-1.847	0.152696
-1.846	0.151842
-1.845	0.150989
-1.844	0.150138
-1.843	0.149291
-1.842	0.148449
-1.841	0.147613
-1.84	0.146784
-1.839	0.145965
-1.838	0.145155
-1.837	0.144358
-1.836	0.143574
-1.835	0.142805
-1.834	0.142053
-1.833	0.141317
-1.832	0.140601
-1.831	0.139906
-1.83	0.139232
-1.829	0.138582
-1.828	0.137957
-1.827	0.137358
-1.826	0.136786
-1.825	0.136243
-1.824	0.13573
-1.823	0.135249
-1.822	0.134799
-1.821	0.134384
-1.82	0.134002
-1.819	0.133657
-1.818	0.133348
-1.817	0.133076
-1.816	0.132843
-1.815	0.132648
-1.814	0.132493
-1.813	0.132378
-1.812	0.132303
-1.811	0.132269
-1.81	0.132276
-1.809	0.132325
-1.808	0.132415
-1.807	0.132546
-1.806	0.132719
-1.805	0.132932
-1.804	0.133186
-1.803	0.133481
-1.802	0.133816
-1.801	0.13419
-1.8	0.134602
-1.799	0.135053
-1.798	0.135541
-1.797	0.136065
-1.796	0.136625
-1.795	0.137218
-1.794	0.137846
-1.793	0.138506
-1.792	0.139197
-1.791	0.139918
-1.79	0.140667
-1.789	0.141445
-1.788	0.142248
-1.787	0.143076
-1.786	0.143928
-1.785	0.144801
-1.784	0.145696
-1.783	0.14661
-1.782	0.147542
-1.781	0.14849
-1.78	0.149454
-1.779	0.150431
-1.778	0.151421
-1.777	0.152422
-1.776	0.153433
-1.775	0.154452
-1.774	0.155478
-1.773	0.156509
-1.772	0.157545
-1.771	0.158584
-1.77	0.159625
-1.769	0.160666
-1.768	0.161707
-1.767	0.162746
-1.766	0.163781
-1.765	0.164813
-1.764	0.165839
-1.763	0.166859
-1.762	0.167871
-1.761	0.168875
-1.76	0.169869
-1.759	0.170852
-1.758	0.171825
-1.757	0.172784
-1.756	0.173731
-1.755	0.174662
-1.754	0.175579
-1.753	0.17648
-1.752	0.177365
-1.751	0.178232
-1.75	0.17908
-1.749	0.17991
-1.748	0.18072
-1.747	0.181509
-1.746	0.182278
-1.745	0.183026
-1.744	0.183751
-1.743	0.184453
-1.742	0.185133
-1.741	0.185788
-1.74	0.18642
-1.739	0.187027
-1.738	0.187609
-1.737	0.188165
-1.736	0.188696
-1.735	0.189201
-1.734	0.189679
-1.733	0.190131
-1.732	0.190555
-1.731	0.190953
-1.73	0.191323
-1.729	0.191665
-1.728	0.19198
-1.727	0.192266
-1.726	0.192525
-1.725	0.192756
-1.724	0.192958
-1.723	0.193133
-1.722	0.193279
-1.721	0.193397
-1.72	0.193487
-1.719	0.193549
-1.718	0.193583
-1.717	0.193589
-1.716	0.193568
-1.715	0.193519
-1.714	0.193443
-1.713	0.19334
-1.712	0.19321
-1.711	0.193053
-1.71	0.19287
-1.709	0.192661
-1.708	0.192427
-1.707	0.192168
-1.706	0.191883
-1.705	0.191575
-1.704	0.191242
-1.703	0.190886
-1.702	0.190507
-1.701	0.190106
-1.7	0.189683
-1.699	0.189239
-1.698	0.188774
-1.697	0.188289
-1.696	0.187785
-1.695	0.187262
-1.694	0.186721
-1.693	0.186163
-1.692	0.185588
-1.691	0.184998
-1.69	0.184393
-1.689	0.183774
-1.688	0.183142
-1.687	0.182498
-1.686	0.181842
-1.685	0.181176
-1.684	0.1805
-1.683	0.179816
-1.682	0.179125
-1.681	0.178426
-1.68	0.177723
-1.679	0.177015
-1.678	0.176304
-1.677	0.175591
-1.676	0.174876
-1.675	0.174162
-1.674	0.173449
-1.673	0.172738
-1.672	0.172031
-1.671	0.171328
-1.67	0.170632
-1.669	0.169942
-1.668	0.169261
-1.667	0.16859
-1.666	0.167929
-1.665	0.16728
-1.664	0.166644
-1.663	0.166023
-1.662	0.165417
-1.661	0.164828
-1.66	0.164257
-1.659	0.163704
-1.658	0.163172
-1.657	0.162662
-1.656	0.162173
-1.655	0.161709
-1.654	0.161268
-1.653	0.160854
-1.652	0.160465
-1.651	0.160105
-1.65	0.159772
-1.649	0.159468
-1.648	0.159194
-1.647	0.158951
-1.646	0.158739
-1.645	0.158559
-1.644	0.158412
-1.643	0.158297
-1.642	0.158216
-1.641	0.158169
-1.64	0.158156
-1.639	0.158177
-1.638	0.158232
-1.637	0.158322
-1.636	0.158447
-1.635	0.158606
-1.634	0.1588
-1.633	0.159028
-1.632	0.15929
-1.631	0.159586
-1.63	0.159915
-1.629	0.160277
-1.628	0.160672
-1.627	0.161099
-1.626	0.161557
-1.625	0.162045
-1.624	0.162564
-1.623	0.163112
-1.622	0.163688
-1.621	0.164291
-1.62	0.164921
-1.619	0.165577
-1.618	0.166258
-1.617	0.166962
-1.616	0.167689
-1.615	0.168437
-1.614	0.169207
-1.613	0.169995
-1.612	0.170802
-1.611	0.171626
-1.61	0.172466
-1.609	0.173322
-1.608	0.174191
-1.607	0.175072
-1.606	0.175965
-1.605	0.176869
-1.604	0.177781
-1.603	0.178702
-1.602	0.179629
-1.601	0.180562
-1.6	0.181499
-1.599	0.182441
-1.598	0.183384
-1.597	0.184329
-1.596	0.185274
-1.595	0.186218
-1.594	0.187159
-1.593	0.188099
-1.592	0.189034
-1.591	0.189964
-1.59	0.190888
-1.589	0.191805
-1.588	0.192715
-1.587	0.193615
-1.586	0.194507
-1.585	0.195387
-1.584	0.196256
-1.583	0.197114
-1.582	0.197958
-1.581	0.198788
-1.58	0.199604
-1.579	0.200405
-1.578	0.20119
-1.577	0.201958
-1.576	0.202709
-1.575	0.203443
-1.574	0.204157
-1.573	0.204853
-1.572	0.205529
-1.571	0.206185
-1.57	0.206821
-1.569	0.207435
-1.568	0.208028
-1.567	0.208599
-1.566	0.209148
-1.565	0.209673
-1.564	0.210176
-1.563	0.210655
-1.562	0.211111
-1.561	0.211543
-1.56	0.21195
-1.559	0.212333
-1.558	0.212691
-1.557	0.213025
-1.556	0.213333
-1.555	0.213616
-1.554	0.213875
-1.553	0.214107
-1.552	0.214315
-1.551	0.214497
-1.55	0.214654
-1.549	0.214785
-1.548	0.214892
-1.547	0.214973
-1.546	0.215029
-1.545	0.215059
-1.544	0.215066
-1.543	0.215047
-1.542	0.215004
-1.541	0.214937
-1.54	0.214846
-1.539	0.214731
-1.538	0.214593
-1.537	0.214432
-1.536	0.214248
-1.535	0.214042
-1.534	0.213813
-1.533	0.213563
-1.532	0.213293
-1.531	0.213001
-1.53	0.21269
-1.529	0.212359
-1.528	0.212008
-1.527	0.21164
-1.526	0.211253
-1.525	0.210849
-1.524	0.210429
-1.523	0.209992
-1.522	0.209541
-1.521	0.209074
-1.52	0.208594
-1.519	0.208101
-1.518	0.207595
-1.517	0.207078
-1.516	0.206549
-1.515	0.206011
-1.514	0.205464
-1.513	0.204909
-1.512	0.204346
-1.511	0.203777
-1.51	0.203202
-1.509	0.202623
-1.508	0.20204
-1.507	0.201454
-1.506	0.200866
-1.505	0.200278
-1.504	0.19969
-1.503	0.199103
-1.502	0.198519
-1.501	0.197938
-1.5	0.197361
-1.499	0.196789
-1.498	0.196224
-1.497	0.195666
-1.496	0.195116
-1.495	0.194576
-1.494	0.194047
-1.493	0.193528
-1.492	0.193023
-1.491	0.192531
-1.49	0.192053
-1.489	0.191591
-1.488	0.191145
-1.487	0.190717
-1.486	0.190306
-1.485	0.189916
-1.484	0.189545
-1.483	0.189195
-1.482	0.188866
-1.481	0.18856
-1.48	0.188278
-1.479	0.188019
-1.478	0.187785
-1.477	0.187576
-1.476	0.187393
-1.475	0.187237
-1.474	0.187107
-1.473	0.187005
-1.472	0.18693
-1.471	0.186884
-1.47	0.186866
-1.469	0.186878
-1.468	0.186918
-1.467	0.186987
-1.466	0.187085
-1.465	0.187213
-1.464	0.18737
-1.463	0.187557
-1.462	0.187772
-1.461	0.188017
-1.46	0.18829
-1.459	0.188592
-1.458	0.188923
-1.457	0.189281
-1.456	0.189667
-1.455	0.190079
-1.454	0.190519
-1.453	0.190984
-1.452	0.191475
-1.451	0.191991
-1.45	0.192531
-1.449	0.193095
-1.448	0.193681
-1.447	0.19429
-1.446	0.19492
-1.445	0.19557
-1.444	0.19624
-1.443	0.196928
-1.442	0.197635
-1.441	0.198359
-1.44	0.199098
-1.439	0.199853
-1.438	0.200622
-1.437	0.201404
-1.436	0.202199
-1.435	0.203005
-1.434	0.203821
-1.433	0.204646
-1.432	0.20548
-1.431	0.206322
-1.43	0.207169
-1.429	0.208023
-1.428	0.20888
-1.427	0.209741
-1.426	0.210605
-1.425	0.21147
-1.424	0.212336
-1.423	0.213201
-1.422	0.214065
-1.421	0.214927
-1.42	0.215786
-1.419	0.216641
-1.418	0.217491
-1.417	0.218336
-1.416	0.219173
-1.415	0.220004
-1.414	0.220827
-1.413	0.22164
-1.412	0.222444
-1.411	0.223238
-1.41	0.22402
-1.409	0.22479
-1.408	0.225548
-1.407	0.226292
-1.406	0.227023
-1.405	0.227739
-1.404	0.22844
-1.403	0.229125
-1.402	0.229795
-1.401	0.230447
-1.4	0.231082
-1.399	0.231699
-1.398	0.232298
-1.397	0.232878
-1.396	0.233439
-1.395	0.23398
-1.394	0.234502
-1.393	0.235003
-1.392	0.235484
-1.391	0.235943
-1.39	0.236382
-1.389	0.236799
-1.388	0.237195
-1.387	0.237568
-1.386	0.23792
-1.385	0.238249
-1.384	0.238556
-1.383	0.238841
-1.382	0.239102
-1.381	0.239342
-1.38	0.239559
-1.379	0.239753
-1.378	0.239924
-1.377	0.240073
-1.376	0.240199
-1.375	0.240302
-1.374	0.240384
-1.373	0.240443
-1.372	0.240479
-1.371	0.240494
-1.37	0.240487
-1.369	0.240459
-1.368	0.24041
-1.367	0.240339
-1.366	0.240247
-1.365	0.240136
-1.364	0.240004
-1.363	0.239852
-1.362	0.239681
-1.361	0.239492
-1.36	0.239283
-1.359	0.239057
-1.358	0.238813
-1.357	0.238552
-1.356	0.238275
-1.355	0.237981
-1.354	0.237673
-1.353	0.237349
-1.352	0.237011
-1.351	0.236659
-1.35	0.236294
-1.349	0.235917
-1.348	0.235528
-1.347	0.235128
-1.346	0.234718
-1.345	0.234299
-1.344	0.23387
-1.343	0.233434
-1.342	0.23299
-1.341	0.23254
-1.34	0.232084
-1.339	0.231622
-1.338	0.231157
-1.337	0.230689
-1.336	0.230218
-1.335	0.229746
-1.334	0.229273
-1.333	0.228801
-1.332	0.228329
-1.331	0.22786
-1.33	0.227393
-1.329	0.22693
-1.328	0.226471
-1.327	0.226018
-1.326	0.225572
-1.325	0.225133
-1.324	0.224702
-1.323	0.224279
-1.322	0.223867
-1.321	0.223466
-1.32	0.223076
-1.319	0.222699
-1.318	0.222335
-1.317	0.221985
-1.316	0.22165
-1.315	0.22133
-1.314	0.221027
-1.313	0.220741
-1.312	0.220473
-1.311	0.220224
-1.31	0.219993
-1.309	0.219783
-1.308	0.219592
-1.307	0.219423
-1.306	0.219275
-1.305	0.219149
-1.304	0.219046
-1.303	0.218966
-1.302	0.218909
-1.301	0.218875
-1.3	0.218866
-1.299	0.218881
-1.298	0.21892
-1.297	0.218984
-1.296	0.219073
-1.295	0.219187
-1.294	0.219326
-1.293	0.21949
-1.292	0.219679
-1.291	0.219893
-1.29	0.220132
-1.289	0.220395
-1.288	0.220684
-1.287	0.220997
-1.286	0.221334
-1.285	0.221694
-1.284	0.222079
-1.283	0.222486
-1.282	0.222917
-1.281	0.223369
-1.28	0.223844
-1.279	0.22434
-1.278	0.224856
-1.277	0.225393
-1.276	0.225949
-1.275	0.226524
-1.274	0.227118
-1.273	0.22773
-1.272	0.228358
-1.271	0.229003
-1.27	0.229664
-1.269	0.230339
-1.268	0.231028
-1.267	0.23173
-1.266	0.232445
-1.265	0.233172
-1.264	0.233909
-1.263	0.234657
-1.262	0.235413
-1.261	0.236178
-1.26	0.236951
-1.259	0.23773
-1.258	0.238515
-1.257	0.239305
-1.256	0.240099
-1.255	0.240896
-1.254	0.241696
-1.253	0.242497
-1.252	0.2433
-1.251	0.244102
-1.25	0.244903
-1.249	0.245703
-1.248	0.2465
-1.247	0.247294
-1.246	0.248084
-1.245	0.248869
-1.244	0.249649
-1.243	0.250422
-1.242	0.251189
-1.241	0.251947
-1.24	0.252698
-1.239	0.253439
-1.238	0.254171
-1.237	0.254892
-1.236	0.255602
-1.235	0.256301
-1.234	0.256988
-1.233	0.257661
-1.232	0.258322
-1.231	0.258968
-1.23	0.259601
-1.229	0.260218
-1.228	0.260821
-1.227	0.261407
-1.226	0.261977
-1.225	0.262531
-1.224	0.263068
-1.223	0.263587
-1.222	0.264089
-1.221	0.264573
-1.22	0.265038
-1.219	0.265485
-1.218	0.265913
-1.217	0.266322
-1.216	0.266711
-1.215	0.267082
-1.214	0.267432
-1.213	0.267763
-1.212	0.268073
-1.211	0.268364
-1.21	0.268635
-1.209	0.268885
-1.208	0.269116
-1.207	0.269326
-1.206	0.269516
-1.205	0.269686
-1.204	0.269835
-1.203	0.269965
-1.202	0.270075
-1.201	0.270165
-1.2	0.270236
-1.199	0.270287
-1.198	0.270319
-1.197	0.270332
-1.196	0.270326
-1.195	0.270301
-1.194	0.270258
-1.193	0.270198
-1.192	0.27012
-1.191	0.270024
-1.19	0.269911
-1.189	0.269782
-1.188	0.269637
-1.187	0.269476
-1.186	0.2693
-1.185	0.269109
-1.184	0.268904
-1.183	0.268684
-1.182	0.268452
-1.181	0.268207
-1.18	0.267949
-1.179	0.26768
-1.178	0.2674
-1.177	0.267109
-1.176	0.266808
-1.175	0.266499
-1.174	0.266181
-1.173	0.265855
-1.172	0.265521
-1.171	0.265181
-1.17	0.264836
-1.169	0.264485
-1.168	0.264129
-1.167	0.263771
-1.166	0.263409
-1.165	0.263045
-1.164	0.262679
-1.163	0.262313
-1.162	0.261947
-1.161	0.261582
-1.16	0.261218
-1.159	0.260857
-1.158	0.260499
-1.157	0.260144
-1.156	0.259795
-1.155	0.259451
-1.154	0.259113
-1.153	0.258782
-1.152	0.258459
-1.151	0.258144
-1.15	0.257839
-1.149	0.257544
-1.148	0.257259
-1.147	0.256985
-1.146	0.256724
-1.145	0.256475
-1.144	0.25624
-1.143	0.256019
-1.142	0.255812
-1.141	0.255621
-1.14	0.255445
-1.139	0.255286
-1.138	0.255144
-1.137	0.255019
-1.136	0.254912
-1.135	0.254824
-1.134	0.254754
-1.133	0.254704
-1.132	0.254673
-1.131	0.254662
-1.13	0.254672
-1.129	0.254701
-1.128	0.254752
-1.127	0.254824
-1.126	0.254917
-1.125	0.255031
-1.124	0.255166
-1.123	0.255324
-1.122	0.255502
-1.121	0.255703
-1.12	0.255925
-1.119	0.256168
-1.118	0.256433
-1.117	0.256719
-1.116	0.257027
-1.115	0.257355
-1.114	0.257704
-1.113	0.258074
-1.112	0.258463
-1.111	0.258873
-1.11	0.259303
-1.109	0.259751
-1.108	0.260219
-1.107	0.260704
-1.106	0.261208
-1.105	0.261729
-1.104	0.262267
-1.103	0.262822
-1.102	0.263392
-1.101	0.263978
-1.1	0.264578
-1.099	0.265193
-1.098	0.26582
-1.097	0.266462
-1.096	0.267115
-1.095	0.267779
-1.094	0.268455
-1.093	0.269141
-1.092	0.269836
-1.091	0.27054
-1.09	0.271252
-1.089	0.271972
-1.088	0.272698
-1.087	0.27343
-1.086	0.274167
-1.085	0.274909
-1.084	0.275654
-1.083	0.276403
-1.082	0.277153
-1.081	0.277905
-1.08	0.278659
-1.079	0.279411
-1.078	0.280164
-1.077	0.280915
-1.076	0.281665
-1.075	0.282411
-1.074	0.283154
-1.073	0.283893
-1.072	0.284627
-1.071	0.285356
-1.07	0.286078
-1.069	0.286795
-1.068	0.287504
-1.067	0.288204
-1.066	0.288897
-1.065	0.28958
-1.064	0.290254
-1.063	0.290917
-1.062	0.29157
-1.061	0.292212
-1.06	0.292842
-1.059	0.29346
-1.058	0.294065
-1.057	0.294657
-1.056	0.295236
-1.055	0.2958
-1.054	0.296351
-1.053	0.296887
-1.052	0.297407
-1.051	0.297912
-1.05	0.298402
-1.049	0.298876
-1.048	0.299333
-1.047	0.299774
-1.046	0.300198
-1.045	0.300606
-1.044	0.300996
-1.043	0.301369
-1.042	0.301725
-1.041	0.302062
-1.04	0.302383
-1.039	0.302685
-1.038	0.30297
-1.037	0.303237
-1.036	0.303486
-1.035	0.303717
-1.034	0.30393
-1.033	0.304125
-1.032	0.304303
-1.031	0.304463
-1.03	0.304605
-1.029	0.30473
-1.028	0.304838
-1.027	0.304928
-1.026	0.305002
-1.025	0.305058
-1.024	0.305099
-1.023	0.305123
-1.022	0.305131
-1.021	0.305123
-1.02	0.3051
-1.019	0.305061
-1.018	0.305008
-1.017	0.304941
-1.016	0.304859
-1.015	0.304764
-1.014	0.304655
-1.013	0.304534
-1.012	0.3044
-1.011	0.304255
-1.01	0.304098
-1.009	0.30393
-1.008	0.303752
-1.007	0.303563
-1.006	0.303366
-1.005	0.303159
-1.004	0.302945
-1.003	0.302722
-1.002	0.302493
-1.001	0.302257
-1	0.302015
-0.999	0.301768
-0.998	0.301516
-0.997	0.30126
-0.996	0.301001
-0.995	0.300739
-0.994	0.300475
-0.993	0.300209
-0.992	0.299943
-0.991	0.299677
-0.99	0.299411
-0.989	0.299147
-0.988	0.298884
-0.987	0.298625
-0.986	0.298368
-0.985	0.298115
-0.984	0.297867
-0.983	0.297624
-0.982	0.297388
-0.981	0.297157
-0.98	0.296934
-0.979	0.296719
-0.978	0.296512
-0.977	0.296315
-0.976	0.296127
-0.975	0.295949
-0.974	0.295783
-0.973	0.295628
-0.972	0.295484
-0.971	0.295353
-0.97	0.295236
-0.969	0.295132
-0.968	0.295042
-0.967	0.294967
-0.966	0.294906
-0.965	0.294861
-0.964	0.294832
-0.963	0.294819
-0.962	0.294822
-0.961	0.294843
-0.96	0.29488
-0.959	0.294934
-0.958	0.295007
-0.957	0.295097
-0.956	0.295206
-0.955	0.295332
-0.954	0.295477
-0.953	0.295641
-0.952	0.295823
-0.951	0.296024
-0.95	0.296243
-0.949	0.296482
-0.948	0.296738
-0.947	0.297014
-0.946	0.297308
-0.945	0.297621
-0.944	0.297951
-0.943	0.2983
-0.942	0.298667
-0.941	0.299051
-0.94	0.299454
-0.939	0.299873
-0.938	0.300309
-0.937	0.300761
-0.936	0.30123
-0.935	0.301715
-0.934	0.302215
-0.933	0.302731
-0.932	0.303261
-0.931	0.303805
-0.93	0.304363
-0.929	0.304934
-0.928	0.305518
-0.927	0.306114
-0.926	0.306722
-0.925	0.307341
-0.924	0.307971
-0.923	0.308611
-0.922	0.30926
-0.921	0.309919
-0.92	0.310585
-0.919	0.311259
-0.918	0.311941
-0.917	0.312629
-0.916	0.313322
-0.915	0.314021
-0.914	0.314724
-0.913	0.315431
-0.912	0.316142
-0.911	0.316855
-0.91	0.31757
-0.909	0.318286
-0.908	0.319004
-0.907	0.319721
-0.906	0.320438
-0.905	0.321154
-0.904	0.321868
-0.903	0.32258
-0.902	0.323288
-0.901	0.323994
-0.9	0.324695
-0.899	0.325391
-0.898	0.326082
-0.897	0.326767
-0.896	0.327446
-0.895	0.328118
-0.894	0.328783
-0.893	0.32944
-0.892	0.330088
-0.891	0.330727
-0.89	0.331357
-0.889	0.331977
-0.888	0.332587
-0.887	0.333185
-0.886	0.333773
-0.885	0.334349
-0.884	0.334914
-0.883	0.335466
-0.882	0.336005
-0.881	0.336532
-0.88	0.337045
-0.879	0.337545
-0.878	0.33803
-0.877	0.338502
-0.876	0.338959
-0.875	0.339402
-0.874	0.33983
-0.873	0.340243
-0.872	0.34064
-0.871	0.341023
-0.87	0.34139
-0.869	0.341742
-0.868	0.342078
-0.867	0.342398
-0.866	0.342703
-0.865	0.342992
-0.864	0.343265
-0.863	0.343522
-0.862	0.343764
-0.861	0.343989
-0.86	0.344199
-0.859	0.344394
-0.858	0.344573
-0.857	0.344737
-0.856	0.344886
-0.855	0.345019
-0.854	0.345138
-0.853	0.345242
-0.852	0.345331
-0.851	0.345407
-0.85	0.345468
-0.849	0.345515
-0.848	0.345549
-0.847	0.34557
-0.846	0.345578
-0.845	0.345573
-0.844	0.345557
-0.843	0.345528
-0.842	0.345488
-0.841	0.345437
-0.84	0.345375
-0.839	0.345304
-0.838	0.345222
-0.837	0.345131
-0.836	0.345031
-0.835	0.344923
-0.834	0.344807
-0.833	0.344683
-0.832	0.344553
-0.831	0.344416
-0.83	0.344273
-0.829	0.344125
-0.828	0.343972
-0.827	0.343815
-0.826	0.343654
-0.825	0.34349
-0.824	0.343323
-0.823	0.343155
-0.822	0.342984
-0.821	0.342814
-0.82	0.342643
-0.819	0.342472
-0.818	0.342302
-0.817	0.342134
-0.816	0.341968
-0.815	0.341804
-0.814	0.341644
-0.813	0.341487
-0.812	0.341336
-0.811	0.341189
-0.81	0.341048
-0.809	0.340912
-0.808	0.340784
-0.807	0.340663
-0.806	0.340549
-0.805	0.340444
-0.804	0.340348
-0.803	0.34026
-0.802	0.340183
-0.801	0.340116
-0.8	0.34006
-0.799	0.340015
-0.798	0.339981
-0.797	0.33996
-0.796	0.339952
-0.795	0.339956
-0.794	0.339973
-0.793	0.340004
-0.792	0.340049
-0.791	0.340108
-0.79	0.340181
-0.789	0.34027
-0.788	0.340373
-0.787	0.340492
-0.786	0.340625
-0.785	0.340775
-0.784	0.340941
-0.783	0.341122
-0.782	0.34132
-0.781	0.341533
-0.78	0.341763
-0.779	0.342009
-0.778	0.342271
-0.777	0.34255
-0.776	0.342845
-0.775	0.343155
-0.774	0.343482
-0.773	0.343825
-0.772	0.344184
-0.771	0.344558
-0.77	0.344949
-0.769	0.345354
-0.768	0.345775
-0.767	0.34621
-0.766	0.34666
-0.765	0.347125
-0.764	0.347603
-0.763	0.348095
-0.762	0.348601
-0.761	0.34912
-0.76	0.349652
-0.759	0.350196
-0.758	0.350751
-0.757	0.351319
-0.756	0.351897
-0.755	0.352486
-0.754	0.353085
-0.753	0.353694
-0.752	0.354313
-0.751	0.354939
-0.75	0.355574
-0.749	0.356217
-0.748	0.356867
-0.747	0.357524
-0.746	0.358187
-0.745	0.358856
-0.744	0.359529
-0.743	0.360207
-0.742	0.360889
-0.741	0.361575
-0.74	0.362263
-0.739	0.362954
-0.738	0.363647
-0.737	0.36434
-0.736	0.365035
-0.735	0.365729
-0.734	0.366424
-0.733	0.367116
-0.732	0.367808
-0.731	0.368497
-0.73	0.369184
-0.729	0.369868
-0.728	0.370548
-0.727	0.371224
-0.726	0.371896
-0.725	0.372562
-0.724	0.373223
-0.723	0.373878
-0.722	0.374526
-0.721	0.375167
-0.72	0.3758
-0.719	0.376426
-0.718	0.377044
-0.717	0.377653
-0.716	0.378253
-0.715	0.378843
-0.714	0.379423
-0.713	0.379994
-0.712	0.380553
-0.711	0.381103
-0.71	0.38164
-0.709	0.382167
-0.708	0.382681
-0.707	0.383184
-0.706	0.383675
-0.705	0.384153
-0.704	0.384618
-0.703	0.385071
-0.702	0.385511
-0.701	0.385937
-0.7	0.38635
-0.699	0.38675
-0.698	0.387135
-0.697	0.387508
-0.696	0.387866
-0.695	0.388211
-0.694	0.388542
-0.693	0.388859
-0.692	0.389162
-0.691	0.389452
-0.69	0.389727
-0.689	0.389989
-0.688	0.390237
-0.687	0.390471
-0.686	0.390692
-0.685	0.390899
-0.684	0.391093
-0.683	0.391274
-0.682	0.391441
-0.681	0.391596
-0.68	0.391739
-0.679	0.391869
-0.678	0.391986
-0.677	0.392092
-0.676	0.392186
-0.675	0.392268
-0.674	0.39234
-0.673	0.392401
-0.672	0.392451
-0.671	0.392491
-0.67	0.392521
-0.669	0.392542
-0.668	0.392553
-0.667	0.392556
-0.666	0.39255
-0.665	0.392537
-0.664	0.392515
-0.663	0.392487
-0.662	0.392452
-0.661	0.392411
-0.66	0.392364
-0.659	0.392312
-0.658	0.392255
-0.657	0.392194
-0.656	0.392129
-0.655	0.39206
-0.654	0.391988
-0.653	0.391914
-0.652	0.391838
-0.651	0.391761
-0.65	0.391682
-0.649	0.391604
-0.648	0.391526
-0.647	0.391447
-0.646	0.391371
-0.645	0.391296
-0.644	0.391223
-0.643	0.391153
-0.642	0.391086
-0.641	0.391023
-0.64	0.390964
-0.639	0.390909
-0.638	0.39086
-0.637	0.390817
-0.636	0.390779
-0.635	0.390749
-0.634	0.390725
-0.633	0.390709
-0.632	0.3907
-0.631	0.390701
-0.63	0.39071
-0.629	0.390729
-0.628	0.390756
-0.627	0.390794
-0.626	0.390843
-0.625	0.390902
-0.624	0.390972
-0.623	0.391053
-0.622	0.391147
-0.621	0.391252
-0.62	0.391369
-0.619	0.391499
-0.618	0.391643
-0.617	0.391798
-0.616	0.391967
-0.615	0.39215
-0.614	0.392346
-0.613	0.392555
-0.612	0.392779
-0.611	0.393016
-0.61	0.393267
-0.609	0.393533
-0.608	0.393813
-0.607	0.394107
-0.606	0.394415
-0.605	0.394737
-0.604	0.395073
-0.603	0.395423
-0.602	0.395788
-0.601	0.396166
-0.6	0.396558
-0.599	0.396964
-0.598	0.397383
-0.597	0.397816
-0.596	0.398261
-0.595	0.39872
-0.594	0.399192
-0.593	0.399675
-0.592	0.400171
-0.591	0.400679
-0.59	0.4012
-0.589	0.401731
-0.588	0.402272
-0.587	0.402825
-0.586	0.403389
-0.585	0.403962
-0.584	0.404545
-0.583	0.405137
-0.582	0.405738
-0.581	0.406347
-0.58	0.406965
-0.579	0.40759
-0.578	0.408222
-0.577	0.408861
-0.576	0.409507
-0.575	0.410158
-0.574	0.410814
-0.573	0.411475
-0.572	0.412141
-0.571	0.412811
-0.57	0.413484
-0.569	0.41416
-0.568	0.414839
-0.567	0.41552
-0.566	0.416202
-0.565	0.416885
-0.564	0.417569
-0.563	0.418253
-0.562	0.418936
-0.561	0.419619
-0.56	0.420301
-0.559	0.42098
-0.558	0.421657
-0.557	0.422332
-0.556	0.423003
-0.555	0.423671
-0.554	0.424334
-0.553	0.424994
-0.552	0.425648
-0.551	0.426297
-0.55	0.42694
-0.549	0.427577
-0.548	0.428207
-0.547	0.428831
-0.546	0.429447
-0.545	0.430056
-0.544	0.430656
-0.543	0.431248
-0.542	0.431833
-0.541	0.432407
-0.54	0.432973
-0.539	0.433529
-0.538	0.434075
-0.537	0.434611
-0.536	0.435137
-0.535	0.435652
-0.534	0.436157
-0.533	0.43665
-0.532	0.437133
-0.531	0.437604
-0.53	0.438064
-0.529	0.438512
-0.528	0.438948
-0.527	0.439373
-0.526	0.439785
-0.525	0.440186
-0.524	0.440575
-0.523	0.440951
-0.522	0.441315
-0.521	0.441668
-0.52	0.442008
-0.519	0.442335
-0.518	0.442651
-0.517	0.442955
-0.516	0.443246
-0.515	0.443526
-0.514	0.443794
-0.513	0.44405
-0.512	0.444294
-0.511	0.444527
-0.51	0.444749
-0.509	0.444959
-0.508	0.445159
-0.507	0.445348
-0.506	0.445526
-0.505	0.445693
-0.504	0.445851
-0.503	0.445999
-0.502	0.446137
-0.501	0.446265
-0.5	0.446386
-0.499	0.446496
-0.498	0.446599
-0.497	0.446693
-0.496	0.44678
-0.495	0.446859
-0.494	0.446931
-0.493	0.446996
-0.492	0.447055
-0.491	0.447108
-0.49	0.447155
-0.489	0.447197
-0.488	0.447235
-0.487	0.447268
-0.486	0.447296
-0.485	0.447322
-0.484	0.447344
-0.483	0.447363
-0.482	0.44738
-0.481	0.447396
-0.48	0.44741
-0.479	0.447423
-0.478	0.447435
-0.477	0.447448
-0.476	0.447461
-0.475	0.447475
-0.474	0.44749
-0.473	0.447507
-0.472	0.447526
-0.471	0.447548
-0.47	0.447573
-0.469	0.447601
-0.468	0.447633
-0.467	0.44767
-0.466	0.447711
-0.465	0.447758
-0.464	0.44781
-0.463	0.447869
-0.462	0.447934
-0.461	0.448005
-0.46	0.448084
-0.459	0.44817
-0.458	0.448265
-0.457	0.448367
-0.456	0.448478
-0.455	0.448599
-0.454	0.448728
-0.453	0.448867
-0.452	0.449016
-0.451	0.449175
-0.45	0.449344
-0.449	0.449524
-0.448	0.449714
-0.447	0.449916
-0.446	0.450129
-0.445	0.450354
-0.444	0.450589
-0.443	0.450838
-0.442	0.451097
-0.441	0.451369
-0.44	0.451653
-0.439	0.451949
-0.438	0.452257
-0.437	0.452578
-0.436	0.452911
-0.435	0.453257
-0.434	0.453615
-0.433	0.453985
-0.432	0.454368
-0.431	0.454762
-0.43	0.45517
-0.429	0.455589
-0.428	0.45602
-0.427	0.456463
-0.426	0.456918
-0.425	0.457385
-0.424	0.457863
-0.423	0.458352
-0.422	0.458852
-0.421	0.459364
-0.42	0.459885
-0.419	0.460418
-0.418	0.460961
-0.417	0.461513
-0.416	0.462075
-0.415	0.462646
-0.414	0.463227
-0.413	0.463816
-0.412	0.464413
-0.411	0.465019
-0.41	0.465632
-0.409	0.466252
-0.408	0.46688
-0.407	0.467514
-0.406	0.468154
-0.405	0.468801
-0.404	0.469453
-0.403	0.470109
-0.402	0.470771
-0.401	0.471437
-0.4	0.472106
-0.399	0.472779
-0.398	0.473455
-0.397	0.474134
-0.396	0.474815
-0.395	0.475498
-0.394	0.476181
-0.393	0.476866
-0.392	0.477552
-0.391	0.478237
-0.39	0.478922
-0.389	0.479606
-0.388	0.480289
-0.387	0.480971
-0.386	0.481651
-0.385	0.482327
-0.384	0.483002
-0.383	0.483673
-0.382	0.484341
-0.381	0.485004
-0.38	0.485664
-0.379	0.486319
-0.378	0.486968
-0.377	0.487612
-0.376	0.488251
-0.375	0.488883
-0.374	0.489509
-0.373	0.490129
-0.372	0.490741
-0.371	0.491346
-0.37	0.491944
-0.369	0.492533
-0.368	0.493115
-0.367	0.493688
-0.366	0.494253
-0.365	0.494808
-0.364	0.495356
-0.363	0.495893
-0.362	0.496421
-0.361	0.49694
-0.36	0.497448
-0.359	0.497947
-0.358	0.498436
-0.357	0.498915
-0.356	0.499383
-0.355	0.499841
-0.354	0.500289
-0.353	0.500726
-0.352	0.501153
-0.351	0.501569
-0.35	0.501974
-0.349	0.502428
-0.348	0.502994
-0.347	0.50367
-0.346	0.504455
-0.345	0.50535
-0.344	0.506353
-0.343	0.507463
-0.342	0.508679
-0.341	0.509999
-0.34	0.511423
-0.339	0.512942
-0.338	0.514549
-0.337	0.516239
-0.336	0.518013
-0.335	0.51987
-0.334	0.521806
-0.333	0.523819
-0.332	0.525911
-0.331	0.528076
-0.33	0.530314
-0.329	0.532622
-0.328	0.534999
-0.327	0.537443
-0.326	0.539951
-0.325	0.542522
-0.324	0.545152
-0.323	0.547842
-0.322	0.550587
-0.321	0.553387
-0.32	0.556238
-0.319	0.559139
-0.318	0.562088
-0.317	0.565083
-0.316	0.56812
-0.315	0.571199
-0.314	0.574318
-0.313	0.577473
-0.312	0.580664
-0.311	0.583887
-0.31	0.587141
-0.309	0.590425
-0.308	0.593734
-0.307	0.597069
-0.306	0.600427
-0.305	0.603805
-0.304	0.607203
-0.303	0.610618
-0.302	0.614049
-0.301	0.617491
-0.3	0.620946
-0.299	0.624411
-0.298	0.627884
-0.297	0.631362
-0.296	0.634844
-0.295	0.638331
-0.294	0.641817
-0.293	0.645304
-0.292	0.648788
-0.291	0.652268
-0.29	0.655743
-0.289	0.659212
-0.288	0.662671
-0.287	0.66612
-0.286	0.669558
-0.285	0.672984
-0.284	0.676395
-0.283	0.679791
-0.282	0.683168
-0.281	0.686528
-0.28	0.68987
-0.279	0.693189
-0.278	0.696486
-0.277	0.699761
-0.276	0.703009
-0.275	0.706234
-0.274	0.709431
-0.273	0.712599
-0.272	0.715739
-0.271	0.718848
-0.27	0.721926
-0.269	0.724971
-0.268	0.727983
-0.267	0.730961
-0.266	0.733904
-0.265	0.736809
-0.264	0.739678
-0.263	0.742509
-0.262	0.7453
-0.261	0.748051
-0.26	0.750761
-0.259	0.753434
-0.258	0.756071
-0.257	0.758671
-0.256	0.761234
-0.255	0.76376
-0.254	0.766249
-0.253	0.768697
-0.252	0.771107
-0.251	0.773476
-0.25	0.775804
-0.249	0.778092
-0.248	0.780339
-0.247	0.782541
-0.246	0.784702
-0.245	0.78682
-0.244	0.788894
-0.243	0.790923
-0.242	0.792908
-0.241	0.794847
-0.24	0.796742
-0.239	0.798589
-0.238	0.800391
-0.237	0.802146
-0.236	0.803853
-0.235	0.805514
-0.234	0.807125
-0.233	0.808689
-0.232	0.810205
-0.231	0.811671
-0.23	0.813089
-0.229	0.814456
-0.228	0.815774
-0.227	0.817043
-0.226	0.818261
-0.225	0.819429
-0.224	0.820546
-0.223	0.821612
-0.222	0.822628
-0.221	0.823592
-0.22	0.824505
-0.219	0.825367
-0.218	0.826177
-0.217	0.826934
-0.216	0.82764
-0.215	0.828294
-0.214	0.828898
-0.213	0.829447
-0.212	0.829945
-0.211	0.830391
-0.21	0.830785
-0.209	0.831127
-0.208	0.831416
-0.207	0.831653
-0.206	0.831838
-0.205	0.831971
-0.204	0.832052
-0.203	0.83208
-0.202	0.832057
-0.201	0.831982
-0.2	0.831855
-0.199	0.831676
-0.198	0.831445
-0.197	0.831165
-0.196	0.830832
-0.195	0.830448
-0.194	0.830013
-0.193	0.829528
-0.192	0.828992
-0.191	0.828406
-0.19	0.82777
-0.189	0.827084
-0.188	0.826348
-0.187	0.825565
-0.186	0.82473
-0.185	0.823848
-0.184	0.822917
-0.183	0.821939
-0.182	0.820912
-0.181	0.819838
-0.18	0.818717
-0.179	0.817554
-0.178	0.816352
-0.177	0.815112
-0.176	0.813833
-0.175	0.812517
-0.174	0.811164
-0.173	0.809775
-0.172	0.808349
-0.171	0.806888
-0.17	0.805391
-0.169	0.803861
-0.168	0.802295
-0.167	0.800696
-0.166	0.799063
-0.165	0.797398
-0.164	0.7957
-0.163	0.793972
-0.162	0.792212
-0.161	0.790421
-0.16	0.788601
-0.159	0.786752
-0.158	0.784874
-0.157	0.782967
-0.156	0.781034
-0.155	0.779074
-0.154	0.777089
-0.153	0.775077
-0.152	0.773041
-0.151	0.770982
-0.15	0.768898
-0.149	0.766793
-0.148	0.764665
-0.147	0.762518
-0.146	0.760348
-0.145	0.758161
-0.144	0.755955
-0.143	0.753731
-0.142	0.75149
-0.141	0.749232
-0.14	0.74696
-0.139	0.744673
-0.138	0.742372
-0.137	0.740059
-0.136	0.737735
-0.135	0.735399
-0.134	0.733053
-0.133	0.730699
-0.132	0.728336
-0.131	0.725967
-0.13	0.723591
-0.129	0.721211
-0.128	0.718825
-0.127	0.716438
-0.126	0.714048
-0.125	0.711657
-0.124	0.709266
-0.123	0.706876
-0.122	0.704488
-0.121	0.702104
-0.12	0.699724
-0.119	0.697349
-0.118	0.694981
-0.117	0.69262
-0.116	0.690269
-0.115	0.687927
-0.114	0.685596
-0.113	0.683278
-0.112	0.680972
-0.111	0.678682
-0.11	0.676407
-0.109	0.674149
-0.108	0.671909
-0.107	0.669688
-0.106	0.667486
-0.105	0.665308
-0.104	0.663152
-0.103	0.66102
-0.102	0.658913
-0.101	0.656832
-0.1	0.654781