-3.037	1.192e-005
-3.036	1.15072e-005
-3.035	1.20432e-005
-3.034	1.22012e-005
-3.033	1.16616e-005
-3.032	1.21842e-005
-3.031	1.19108e-005
-3.03	1.25744e-005
-3.029	1.21864e-005
-3.028	1.24798e-005
-3.027	1.23738e-005
-3.026	1.29737e-005
-3.025	1.24186e-005
-3.024	1.26724e-005
-3.023	1.28845e-005
-3.022	1.30984e-005
-3.021	1.32748e-005
-3.02	1.37516e-005
-3.019	1.3378e-005
-3.018	1.37153e-005
-3.017	1.33562e-005
-3.016	1.43724e-005
-3.015	1.3212e-005
-3.014	1.44703e-005
-3.013	1.52316e-005
-3.012	1.44005e-005
-3.011	1.53765e-005
-3.01	1.55036e-005
-3.009	1.53412e-005
-3.008	1.59782e-005
-3.007	1.59761e-005
-3.006	1.669e-005
-3.005	1.66811e-005
-3.004	1.69449e-005
-3.003	1.82057e-005
-3.002	1.81522e-005
-3.001	1.81565e-005
-3	1.89554e-005
-2.999	1.92968e-005
-2.998	1.9802e-005
-2.997	2.00737e-005
-2.996	2.01132e-005
-2.995	2.15766e-005
-2.994	2.18055e-005
-2.993	2.24514e-005
-2.992	2.26686e-005
-2.991	2.33854e-005
-2.99	2.43361e-005
-2.989	2.46398e-005
-2.988	2.52484e-005
-2.987	2.59771e-005
-2.986	2.65201e-005
-2.985	2.66945e-005
-2.984	2.77337e-005
-2.983	2.78839e-005
-2.982	2.97184e-005
-2.981	2.93558e-005
-2.98	3.041e-005
-2.979	3.15841e-005
-2.978	3.27594e-005
-2.977	3.34299e-005
-2.976	3.37636e-005
-2.975	3.53142e-005
-2.974	3.59938e-005
-2.973	3.59637e-005
-2.972	3.75236e-005
-2.971	3.83797e-005
-2.97	3.95777e-005
-2.969	4.11766e-005
-2.968	4.13725e-005
-2.967	4.28592e-005
-2.966	4.38271e-005
-2.965	4.51634e-005
-2.964	4.51433e-005
-2.963	4.70617e-005
-2.962	4.8495e-005
-2.961	5.01014e-005
-2.96	5.1063e-005
-2.959	5.23265e-005
-2.958	5.37564e-005
-2.957	5.51816e-005
-2.956	5.70873e-005
-2.955	5.81691e-005
-2.954	5.97318e-005
-2.953	6.10524e-005
-2.952	6.26946e-005
-2.951	6.355e-005
-2.95	6.5824e-005
-2.949	6.74015e-005
-2.948	6.93715e-005
-2.947	7.12498e-005
-2.946	7.36138e-005
-2.945	7.49186e-005
-2.944	7.77244e-005
-2.943	7.83731e-005
-2.942	8.10199e-005
-2.941	8.26274e-005
-2.94	8.47853e-005
-2.939	8.71566e-005
-2.938	8.91268e-005
-2.937	9.21657e-005
-2.936	9.40259e-005
-2.935	9.61795e-005
-2.934	9.92848e-005
-2.933	0.00010088
-2.932	0.000103776
-2.931	0.000107275
-2.93	0.000109318
-2.929	0.000112245
-2.928	0.000115392
-2.927	0.000118391
-2.926	0.000121382
-2.925	0.000123957
-2.924	0.000128032
-2.923	0.000130814
-2.922	0.000134157
-2.921	0.000137744
-2.92	0.000141583
-2.919	0.000144435
-2.918	0.000148796
-2.917	0.000151792
-2.916	0.000156344
-2.915	0.000159668
-2.914	0.00016415
-2.913	0.000167885
-2.912	0.000172384
-2.911	0.000177305
-2.91	0.000181192
-2.909	0.000186343
-2.908	0.000190767
-2.907	0.000195753
-2.906	0.000200908
-2.905	0.000205738
-2.904	0.000210718
-2.903	0.000216997
-2.902	0.000221772
-2.901	0.0002274
-2.9	0.000233243
-2.899	0.000239511
-2.898	0.000245061
-2.897	0.000251487
-2.896	0.000257917
-2.895	0.000264468
-2.894	0.000271262
-2.893	0.000278007
-2.892	0.000285358
-2.891	0.000293016
-2.89	0.000300154
-2.889	0.000307801
-2.888	0.000315523
-2.887	0.000323719
-2.886	0.000331525
-2.885	0.000340386
-2.884	0.000348204
-2.883	0.000357612
-2.882	0.00036705
-2.881	0.000375724
-2.88	0.000385564
-2.879	0.000395582
-2.878	0.000405996
-2.877	0.000416444
-2.876	0.000426286
-2.875	0.000437562
-2.874	0.000448812
-2.873	0.000459936
-2.872	0.00047121
-2.871	0.000483445
-2.87	0.000495856
-2.869	0.000508558
-2.868	0.00052099
-2.867	0.000534736
-2.866	0.000547979
-2.865	0.000562432
-2.864	0.000575832
-2.863	0.000590922
-2.862	0.000606445
-2.861	0.000621735
-2.86	0.000637444
-2.859	0.000653694
-2.858	0.000670515
-2.857	0.000687399
-2.856	0.000704946
-2.855	0.000722315
-2.854	0.000741378
-2.853	0.000759308
-2.852	0.000778968
-2.851	0.000798592
-2.85	0.00081911
-2.849	0.000840214
-2.848	0.000860925
-2.847	0.000883466
-2.846	0.000906227
-2.845	0.000929157
-2.844	0.000952487
-2.843	0.000976583
-2.842	0.00100127
-2.841	0.00102752
-2.84	0.0010532
-2.839	0.00107996
-2.838	0.00110787
-2.837	0.0011358
-2.836	0.00116422
-2.835	0.00119417
-2.834	0.00122381
-2.833	0.00125568
-2.832	0.00128714
-2.831	0.00132007
-2.83	0.00135451
-2.829	0.0013883
-2.828	0.00142373
-2.827	0.00145975
-2.826	0.00149725
-2.825	0.00153421
-2.824	0.00157389
-2.823	0.0016137
-2.822	0.00165467
-2.821	0.0016967
-2.82	0.00174032
-2.819	0.00178456
-2.818	0.00182939
-2.817	0.00187658
-2.816	0.00192422
-2.815	0.0019732
-2.814	0.00202241
-2.813	0.00207483
-2.812	0.00212678
-2.811	0.00218139
-2.81	0.00223586
-2.809	0.0022944
-2.808	0.00235218
-2.807	0.00241128
-2.806	0.00247362
-2.805	0.00253583
-2.804	0.00260052
-2.803	0.00266626
-2.802	0.00273436
-2.801	0.00280437
-2.8	0.00287528
-2.799	0.00294882
-2.798	0.00302353
-2.797	0.00310089
-2.796	0.00317893
-2.795	0.0032606
-2.794	0.00334253
-2.793	0.00342768
-2.792	0.0035147
-2.791	0.00360465
-2.79	0.00369617
-2.789	0.0037899
-2.788	0.00388626
-2.787	0.00398532
-2.786	0.00408584
-2.785	0.00419089
-2.784	0.00429732
-2.783	0.00440669
-2.782	0.00451806
-2.781	0.00463401
-2.78	0.00475117
-2.779	0.00487134
-2.778	0.00499507
-2.777	0.00512281
-2.776	0.00525251
-2.775	0.005386
-2.774	0.00552381
-2.773	0.0056643
-2.772	0.00580823
-2.771	0.00595524
-2.77	0.00610744
-2.769	0.00626272
-2.768	0.00642172
-2.767	0.00658547
-2.766	0.00675269
-2.765	0.00692419
-2.764	0.00710013
-2.763	0.00728068
-2.762	0.00746603
-2.761	0.00765523
-2.76	0.00785006
-2.759	0.00805064
-2.758	0.00825417
-2.757	0.00846531
-2.756	0.00868016
-2.755	0.00890092
-2.754	0.00912688
-2.753	0.00935913
-2.752	0.00959704
-2.751	0.00984092
-2.75	0.0100912
-2.749	0.0103483
-2.748	0.0106109
-2.747	0.0108809
-2.746	0.0111577
-2.745	0.0114411
-2.744	0.0117321
-2.743	0.0120303
-2.742	0.0123359
-2.741	0.0126501
-2.74	0.0129718
-2.739	0.0133017
-2.738	0.01364
-2.737	0.0139862
-2.736	0.0143433
-2.735	0.0147069
-2.734	0.0150809
-2.733	0.015465
-2.732	0.0158572
-2.731	0.0162614
-2.73	0.0166741
-2.729	0.0170981
-2.728	0.0175328
-2.727	0.0179788
-2.726	0.0184361
-2.725	0.0189057
-2.724	0.0193859
-2.723	0.0198794
-2.722	0.0203835
-2.721	0.0209028
-2.72	0.0214342
-2.719	0.0219785
-2.718	0.0225377
-2.717	0.0231108
-2.716	0.0236983
-2.715	0.024302
-2.714	0.0249192
-2.713	0.0255524
-2.712	0.0262032
-2.711	0.0268687
-2.71	0.027552
-2.709	0.0282517
-2.708	0.0289718
-2.707	0.0297077
-2.706	0.0304634
-2.705	0.0312378
-2.704	0.0320323
-2.703	0.0328464
-2.702	0.0336818
-2.701	0.0345383
-2.7	0.0354159
-2.699	0.0363174
-2.698	0.0372403
-2.697	0.038188
-2.696	0.0391585
-2.695	0.0401552
-2.694	0.041175
-2.693	0.0422224
-2.692	0.0432962
-2.691	0.0443966
-2.69	0.045526
-2.689	0.0466835
-2.688	0.0478707
-2.687	0.0490878
-2.686	0.0503361
-2.685	0.0516163
-2.684	0.0529285
-2.683	0.054275
-2.682	0.0556542
-2.681	0.0570695
-2.68	0.0585209
-2.679	0.060009
-2.678	0.0615351
-2.677	0.0630997
-2.676	0.0647041
-2.675	0.0663494
-2.674	0.0680367
-2.673	0.0697667
-2.672	0.071541
-2.671	0.0733594
-2.67	0.0752257
-2.669	0.0771378
-2.668	0.0790993
-2.667	0.081111
-2.666	0.0831734
-2.665	0.0852887
-2.664	0.0874566
-2.663	0.0896814
-2.662	0.091961
-2.661	0.0943004
-2.66	0.0966973
-2.659	0.0991567
-2.658	0.101677
-2.657	0.104265
-2.656	0.106914
-2.655	0.109634
-2.654	0.112421
-2.653	0.11528
-2.652	0.118211
-2.651	0.121216
-2.65	0.124299
-2.649	0.12746
-2.648	0.1307
-2.647	0.134024
-2.646	0.137433
-2.645	0.140927
-2.644	0.144511
-2.643	0.148185
-2.642	0.151953
-2.641	0.155818
-2.64	0.159779
-2.639	0.163842
-2.638	0.168009
-2.637	0.172281
-2.636	0.176661
-2.635	0.181015
-2.634	0.185337
-2.633	0.189625
-2.632	0.193877
-2.631	0.19809
-2.63	0.20226
-2.629	0.206386
-2.628	0.210466
-2.627	0.214497
-2.626	0.218477
-2.625	0.222404
-2.624	0.226276
-2.623	0.230091
-2.622	0.233848
-2.621	0.237545
-2.62	0.24118
-2.619	0.244752
-2.618	0.248258
-2.617	0.251698
-2.616	0.25507
-2.615	0.258373
-2.614	0.261605
-2.613	0.264764
-2.612	0.267851
-2.611	0.270863
-2.61	0.2738
-2.609	0.27666
-2.608	0.279442
-2.607	0.282146
-2.606	0.284769
-2.605	0.287312
-2.604	0.289772
-2.603	0.29215
-2.602	0.294445
-2.601	0.296655
-2.6	0.29878
-2.599	0.300819
-2.598	0.302771
-2.597	0.304635
-2.596	0.306412
-2.595	0.3081
-2.594	0.3097
-2.593	0.311209
-2.592	0.312627
-2.591	0.313955
-2.59	0.315192
-2.589	0.316337
-2.588	0.31739
-2.587	0.318351
-2.586	0.319219
-2.585	0.319994
-2.584	0.320676
-2.583	0.321265
-2.582	0.321759
-2.581	0.32216
-2.58	0.322468
-2.579	0.322681
-2.578	0.3228
-2.577	0.322826
-2.576	0.322757
-2.575	0.322595
-2.574	0.322339
-2.573	0.321989
-2.572	0.321546
-2.571	0.321009
-2.57	0.320379
-2.569	0.319657
-2.568	0.318842
-2.567	0.317935
-2.566	0.316936
-2.565	0.315846
-2.564	0.314666
-2.563	0.313394
-2.562	0.312033
-2.561	0.310583
-2.56	0.309043
-2.559	0.307416
-2.558	0.305701
-2.557	0.3039
-2.556	0.302012
-2.555	0.30004
-2.554	0.297983
-2.553	0.295842
-2.552	0.293618
-2.551	0.291314
-2.55	0.288928
-2.549	0.286463
-2.548	0.283919
-2.547	0.281297
-2.546	0.278599
-2.545	0.275826
-2.544	0.272979
-2.543	0.27006
-2.542	0.267069
-2.541	0.264008
-2.54	0.260879
-2.539	0.257682
-2.538	0.254421
-2.537	0.251096
-2.536	0.247708
-2.535	0.24426
-2.534	0.240754
-2.533	0.237191
-2.532	0.233574
-2.531	0.229903
-2.53	0.226183
-2.529	0.222414
-2.528	0.2186
-2.527	0.214742
-2.526	0.210844
-2.525	0.206907
-2.524	0.202936
-2.523	0.198932
-2.522	0.1949
-2.521	0.190841
-2.52	0.186762
-2.519	0.182664
-2.518	0.178552
-2.517	0.174431
-2.516	0.170304
-2.515	0.166178
-2.514	0.162057
-2.513	0.157947
-2.512	0.153855
-2.511	0.149787
-2.51	0.145751
-2.509	0.141756
-2.508	0.137808
-2.507	0.133918
-2.506	0.130097
-2.505	0.126355
-2.504	0.122706
-2.503	0.119161
-2.502	0.115735
-2.501	0.112445
-2.5	0.109306
-2.499	0.106337
-2.498	0.103555
-2.497	0.100979
-2.496	0.098631
-2.495	0.0965285
-2.494	0.0946914
-2.493	0.093138
-2.492	0.0918847
-2.491	0.090946
-2.49	0.0903326
-2.489	0.0900522
-2.488	0.0901084
-2.487	0.0905005
-2.486	0.0912243
-2.485	0.0922708
-2.484	0.0936282
-2.483	0.095282
-2.482	0.0972149
-2.481	0.0994084
-2.48	0.101844
-2.479	0.104501
-2.478	0.10736
-2.477	0.110402
-2.476	0.11361
-2.475	0.116965
-2.474	0.120452
-2.473	0.124056
-2.472	0.127762
-2.471	0.131558
-2.47	0.135431
-2.469	0.139371
-2.468	0.143367
-2.467	0.147411
-2.466	0.151494
-2.465	0.155608
-2.464	0.159746
-2.463	0.163901
-2.462	0.168066
-2.461	0.172238
-2.46	0.176409
-2.459	0.180575
-2.458	0.184733
-2.457	0.188876
-2.456	0.193002
-2.455	0.197106
-2.454	0.201186
-2.453	0.205237
-2.452	0.209256
-2.451	0.213241
-2.45	0.217189
-2.449	0.221097
-2.448	0.224961
-2.447	0.228782
-2.446	0.232555
-2.445	0.236278
-2.444	0.23995
-2.443	0.243568
-2.442	0.24713
-2.441	0.250634
-2.44	0.254079
-2.439	0.257463
-2.438	0.260785
-2.437	0.264042
-2.436	0.267232
-2.435	0.270356
-2.434	0.27341
-2.433	0.276395
-2.432	0.279307
-2.431	0.282147
-2.43	0.284913
-2.429	0.287603
-2.428	0.290217
-2.427	0.292754
-2.426	0.295211
-2.425	0.29759
-2.424	0.299887
-2.423	0.302104
-2.422	0.304238
-2.421	0.306288
-2.42	0.308255
-2.419	0.310137
-2.418	0.311934
-2.417	0.313644
-2.416	0.315268
-2.415	0.316804
-2.414	0.318252
-2.413	0.319611
-2.412	0.320881
-2.411	0.322063
-2.41	0.323154
-2.409	0.324154
-2.408	0.325064
-2.407	0.325883
-2.406	0.326611
-2.405	0.327248
-2.404	0.327792
-2.403	0.328245
-2.402	0.328606
-2.401	0.328875
-2.4	0.329051
-2.399	0.329135
-2.398	0.329128
-2.397	0.329028
-2.396	0.328836
-2.395	0.328552
-2.394	0.328176
-2.393	0.327709
-2.392	0.327151
-2.391	0.326502
-2.39	0.325762
-2.389	0.324931
-2.388	0.324011
-2.387	0.323001
-2.386	0.321902
-2.385	0.320714
-2.384	0.319439
-2.383	0.318076
-2.382	0.316626
-2.381	0.31509
-2.38	0.313469
-2.379	0.311763
-2.378	0.309973
-2.377	0.3081
-2.376	0.306144
-2.375	0.304108
-2.374	0.301991
-2.373	0.299795
-2.372	0.29752
-2.371	0.295168
-2.37	0.292741
-2.369	0.290238
-2.368	0.287662
-2.367	0.285013
-2.366	0.282294
-2.365	0.279504
-2.364	0.276647
-2.363	0.273724
-2.362	0.270735
-2.361	0.267683
-2.36	0.264569
-2.359	0.261396
-2.358	0.258164
-2.357	0.254877
-2.356	0.251536
-2.355	0.248143
-2.354	0.244699
-2.353	0.241209
-2.352	0.237674
-2.351	0.234096
-2.35	0.230479
-2.349	0.226824
-2.348	0.223136
-2.347	0.219416
-2.346	0.215668
-2.345	0.211895
-2.344	0.208102
-2.343	0.204291
-2.342	0.200468
-2.341	0.196635
-2.34	0.192796
-2.339	0.188959
-2.338	0.185126
-2.337	0.181304
-2.336	0.177497
-2.335	0.173713
-2.334	0.169957
-2.333	0.166236
-2.332	0.162557
-2.331	0.15893
-2.33	0.15536
-2.329	0.151858
-2.328	0.148433
-2.327	0.145095
-2.326	0.141853
-2.325	0.138721
-2.324	0.135708
-2.323	0.132828
-2.322	0.130091
-2.321	0.127514
-2.32	0.125107
-2.319	0.122884
-2.318	0.120859
-2.317	0.119043
-2.316	0.11745
-2.315	0.116091
-2.314	0.114975
-2.313	0.114112
-2.312	0.113508
-2.311	0.113169
-2.31	0.113098
-2.309	0.113294
-2.308	0.113757
-2.307	0.114484
-2.306	0.115468
-2.305	0.116702
-2.304	0.118177
-2.303	0.119882
-2.302	0.121806
-2.301	0.123935
-2.3	0.126259
-2.299	0.128762
-2.298	0.131433
-2.297	0.134258
-2.296	0.137224
-2.295	0.140319
-2.294	0.143531
-2.293	0.146849
-2.292	0.150261
-2.291	0.153758
-2.29	0.15733
-2.289	0.160968
-2.288	0.164662
-2.287	0.168406
-2.286	0.172191
-2.285	0.17601
-2.284	0.179858
-2.283	0.183726
-2.282	0.18761
-2.281	0.191504
-2.28	0.195404
-2.279	0.199303
-2.278	0.203197
-2.277	0.207083
-2.276	0.210955
-2.275	0.21481
-2.274	0.218646
-2.273	0.222457
-2.272	0.22624
-2.271	0.229993
-2.27	0.233713
-2.269	0.237396
-2.268	0.241041
-2.267	0.244643
-2.266	0.248202
-2.265	0.251714
-2.264	0.255178
-2.263	0.25859
-2.262	0.261949
-2.261	0.265254
-2.26	0.268502
-2.259	0.271691
-2.258	0.274819
-2.257	0.277885
-2.256	0.280888
-2.255	0.283825
-2.254	0.286695
-2.253	0.289497
-2.252	0.292229
-2.251	0.294891
-2.25	0.297479
-2.249	0.299994
-2.248	0.302435
-2.247	0.3048
-2.246	0.307087
-2.245	0.309297
-2.244	0.311428
-2.243	0.313479
-2.242	0.315449
-2.241	0.317337
-2.24	0.319143
-2.239	0.320866
-2.238	0.322505
-2.237	0.324059
-2.236	0.325528
-2.235	0.326911
-2.234	0.328208
-2.233	0.329418
-2.232	0.33054
-2.231	0.331575
-2.23	0.332521
-2.229	0.333379
-2.228	0.334148
-2.227	0.334828
-2.226	0.335418
-2.225	0.335919
-2.224	0.33633
-2.223	0.336651
-2.222	0.336882
-2.221	0.337023
-2.22	0.337075
-2.219	0.337036
-2.218	0.336907
-2.217	0.336689
-2.216	0.336381
-2.215	0.335983
-2.214	0.335497
-2.213	0.334921
-2.212	0.334257
-2.211	0.333504
-2.21	0.332665
-2.209	0.331737
-2.208	0.330722
-2.207	0.329621
-2.206	0.328435
-2.205	0.327163
-2.204	0.325806
-2.203	0.324366
-2.202	0.322842
-2.201	0.321237
-2.2	0.31955
-2.199	0.317782
-2.198	0.315934
-2.197	0.314008
-2.196	0.312004
-2.195	0.309923
-2.194	0.307766
-2.193	0.305536
-2.192	0.303232
-2.191	0.300856
-2.19	0.29841
-2.189	0.295894
-2.188	0.293311
-2.187	0.290661
-2.186	0.287947
-2.185	0.28517
-2.184	0.282332
-2.183	0.279434
-2.182	0.276479
-2.181	0.273467
-2.18	0.270403
-2.179	0.267286
-2.178	0.26412
-2.177	0.260907
-2.176	0.257649
-2.175	0.254349
-2.174	0.251009
-2.173	0.247632
-2.172	0.24422
-2.171	0.240778
-2.17	0.237307
-2.169	0.233811
-2.168	0.230294
-2.167	0.226759
-2.166	0.22321
-2.165	0.21965
-2.164	0.216084
-2.163	0.212516
-2.162	0.20895
-2.161	0.205392
-2.16	0.201846
-2.159	0.198318
-2.158	0.194814
-2.157	0.191338
-2.156	0.187897
-2.155	0.184498
-2.154	0.181148
-2.153	0.177853
-2.152	0.174622
-2.151	0.171461
-2.15	0.168379
-2.149	0.165385
-2.148	0.162487
-2.147	0.159695
-2.146	0.157017
-2.145	0.154463
-2.144	0.152044
-2.143	0.149767
-2.142	0.147644
-2.141	0.145684
-2.14	0.143896
-2.139	0.142288
-2.138	0.14087
-2.137	0.139649
-2.136	0.138632
-2.135	0.137825
-2.134	0.137232
-2.133	0.136858
-2.132	0.136705
-2.131	0.136774
-2.13	0.137064
-2.129	0.137575
-2.128	0.138302
-2.127	0.139243
-2.126	0.140391
-2.125	0.141742
-2.124	0.143286
-2.123	0.145017
-2.122	0.146925
-2.121	0.149003
-2.12	0.15124
-2.119	0.153627
-2.118	0.156154
-2.117	0.158812
-2.116	0.161591
-2.115	0.164483
-2.114	0.167477
-2.113	0.170565
-2.112	0.173738
-2.111	0.176988
-2.11	0.180308
-2.109	0.183688
-2.108	0.187123
-2.107	0.190605
-2.106	0.194128
-2.105	0.197685
-2.104	0.20127
-2.103	0.204878
-2.102	0.208503
-2.101	0.212141
-2.1	0.215785
-2.099	0.219432
-2.098	0.223077
-2.097	0.226716
-2.096	0.230345
-2.095	0.23396
-2.094	0.237557
-2.093	0.241133
-2.092	0.244685
-2.091	0.248209
-2.09	0.251703
-2.089	0.255164
-2.088	0.258588
-2.087	0.261973
-2.086	0.265317
-2.085	0.268617
-2.084	0.271871
-2.083	0.275076
-2.082	0.278232
-2.081	0.281334
-2.08	0.284383
-2.079	0.287374
-2.078	0.290307
-2.077	0.29318
-2.076	0.295992
-2.075	0.29874
-2.074	0.301424
-2.073	0.304041
-2.072	0.30659
-2.071	0.30907
-2.07	0.31148
-2.069	0.313818
-2.068	0.316083
-2.067	0.318274
-2.066	0.320391
-2.065	0.322431
-2.064	0.324394
-2.063	0.326278
-2.062	0.328084
-2.061	0.32981
-2.06	0.331455
-2.059	0.333019
-2.058	0.334501
-2.057	0.3359
-2.056	0.337216
-2.055	0.338448
-2.054	0.339595
-2.053	0.340657
-2.052	0.341634
-2.051	0.342525
-2.05	0.34333
-2.049	0.344049
-2.048	0.344681
-2.047	0.345226
-2.046	0.345684
-2.045	0.346053
-2.044	0.346336
-2.043	0.346531
-2.042	0.346639
-2.041	0.34666
-2.04	0.346593
-2.039	0.346438
-2.038	0.346197
-2.037	0.345868
-2.036	0.345453
-2.035	0.344951
-2.034	0.344363
-2.033	0.343689
-2.032	0.34293
-2.031	0.342086
-2.03	0.341157
-2.029	0.340145
-2.028	0.339048
-2.027	0.33787
-2.026	0.33661
-2.025	0.335268
-2.024	0.333845
-2.023	0.332343
-2.022	0.330762
-2.021	0.329103
-2.02	0.327367
-2.019	0.325554
-2.018	0.323668
-2.017	0.321707
-2.016	0.319674
-2.015	0.317569
-2.014	0.315394
-2.013	0.313151
-2.012	0.31084
-2.011	0.308463
-2.01	0.306022
-2.009	0.303518
-2.008	0.300953
-2.007	0.298329
-2.006	0.295647
-2.005	0.292909
-2.004	0.290118
-2.003	0.287274
-2.002	0.284382
-2.001	0.281441
-2	0.278456
-1.999	0.275428
-1.998	0.27236
-1.997	0.269254
-1.996	0.266113
-1.995	0.262941
-1.994	0.259738
-1.993	0.25651
-1.992	0.253258
-1.991	0.249987
-1.99	0.2467
-1.989	0.2434
-1.988	0.240091
-1.987	0.236777
-1.986	0.233463
-1.985	0.230151
-1.984	0.226848
-1.983	0.223557
-1.982	0.220284
-1.981	0.217033
-1.98	0.21381
-1.979	0.21062
-1.978	0.207468
-1.977	0.204362
-1.976	0.201306
-1.975	0.198308
-1.974	0.195374
-1.973	0.19251
-1.972	0.189724
-1.971	0.187023
-1.97	0.184414
-1.969	0.181904
-1.968	0.179501
-1.967	0.177213
-1.966	0.175046
-1.965	0.173009
-1.964	0.17111
-1.963	0.169354
-1.962	0.167749
-1.961	0.166301
-1.96	0.165017
-1.959	0.163902
-1.958	0.162961
-1.957	0.162199
-1.956	0.161619
-1.955	0.161224
-1.954	0.161017
-1.953	0.160998
-1.952	0.161167
-1.951	0.161524
-1.95	0.162067
-1.949	0.162795
-1.948	0.163703
-1.947	0.164788
-1.946	0.166046
-1.945	0.16747
-1.944	0.169056
-1.943	0.170797
-1.942	0.172685
-1.941	0.174716
-1.94	0.17688
-1.939	0.179172
-1.938	0.181583
-1.937	0.184105
-1.936	0.186733
-1.935	0.189457
-1.934	0.192272
-1.933	0.195168
-1.932	0.198141
-1.931	0.201182
-1.93	0.204286
-1.929	0.207446
-1.928	0.210655
-1.927	0.213908
-1.926	0.217199
-1.925	0.220522
-1.924	0.223873
-1.923	0.227245
-1.922	0.230634
-1.921	0.234035
-1.92	0.237444
-1.919	0.240856
-1.918	0.244268
-1.917	0.247675
-1.916	0.251073
-1.915	0.254459
-1.914	0.257829
-1.913	0.26118
-1.912	0.264508
-1.911	0.267811
-1.91	0.271086
-1.909	0.274329
-1.908	0.277538
-1.907	0.280711
-1.906	0.283844
-1.905	0.286936
-1.904	0.289983
-1.903	0.292984
-1.902	0.295937
-1.901	0.29884
-1.9	0.30169
-1.899	0.304485
-1.898	0.307224
-1.897	0.309906
-1.896	0.312528
-1.895	0.315088
-1.894	0.317585
-1.893	0.320019
-1.892	0.322386
-1.891	0.324686
-1.89	0.326918
-1.889	0.32908
-1.888	0.331171
-1.887	0.33319
-1.886	0.335136
-1.885	0.337008
-1.884	0.338804
-1.883	0.340525
-1.882	0.342168
-1.881	0.343734
-1.88	0.345221
-1.879	0.346629
-1.878	0.347957
-1.877	0.349204
-1.876	0.35037
-1.875	0.351454
-1.874	0.352456
-1.873	0.353375
-1.872	0.354211
-1.871	0.354964
-1.87	0.355632
-1.869	0.356217
-1.868	0.356717
-1.867	0.357133
-1.866	0.357464
-1.865	0.357711
-1.864	0.357873
-1.863	0.35795
-1.862	0.357942
-1.861	0.35785
-1.86	0.357673
-1.859	0.357412
-1.858	0.357067
-1.857	0.356637
-1.856	0.356125
-1.855	0.35553
-1.854	0.354851
-1.853	0.35409
-1.852	0.353248
-1.851	0.352324
-1.85	0.351319
-1.849	0.350236
-1.848	0.349072
-1.847	0.34783
-1.846	0.34651
-1.845	0.345113
-1.844	0.34364
-1.843	0.342092
-1.842	0.34047
-1.841	0.338775
-1.84	0.337008
-1.839	0.335169
-1.838	0.333262
-1.837	0.331286
-1.836	0.329244
-1.835	0.327135
-1.834	0.324963
-1.833	0.322728
-1.832	0.320432
-1.831	0.318077
-1.83	0.315663
-1.829	0.313195
-1.828	0.310672
-1.827	0.308097
-1.826	0.305472
-1.825	0.302799
-1.824	0.300081
-1.823	0.297319
-1.822	0.294516
-1.821	0.291674
-1.82	0.288796
-1.819	0.285884
-1.818	0.282942
-1.817	0.279972
-1.816	0.276976
-1.815	0.273959
-1.814	0.270923
-1.813	0.267872
-1.812	0.264809
-1.811	0.261737
-1.81	0.25866
-1.809	0.255583
-1.808	0.252509
-1.807	0.249442
-1.806	0.246386
-1.805	0.243346
-1.804	0.240326
-1.803	0.237333
-1.802	0.234368
-1.801	0.231439
-1.8	0.22855
-1.799	0.225707
-1.798	0.222914
-1.797	0.220179
-1.796	0.217506
-1.795	0.214901
-1.794	0.21237
-1.793	0.20992
-1.792	0.207556
-1.791	0.205284
-1.79	0.203111
-1.789	0.201043
-1.788	0.199085
-1.787	0.197244
-1.786	0.195525
-1.785	0.193934
-1.784	0.192477
-1.783	0.191158
-1.782	0.189981
-1.781	0.188953
-1.78	0.188075
-1.779	0.187352
-1.778	0.186786
-1.777	0.186381
-1.776	0.186137
-1.775	0.186055
-1.774	0.186136
-1.773	0.186381
-1.772	0.186788
-1.771	0.187355
-1.77	0.188082
-1.769	0.188965
-1.768	0.190001
-1.767	0.191187
-1.766	0.192518
-1.765	0.19399
-1.764	0.195599
-1.763	0.197339
-1.762	0.199204
-1.761	0.20119
-1.76	0.203291
-1.759	0.205499
-1.758	0.20781
-1.757	0.210218
-1.756	0.212716
-1.755	0.215299
-1.754	0.21796
-1.753	0.220693
-1.752	0.223493
-1.751	0.226354
-1.75	0.22927
-1.749	0.232237
-1.748	0.235248
-1.747	0.238297
-1.746	0.241382
-1.745	0.244495
-1.744	0.247633
-1.743	0.250791
-1.742	0.253965
-1.741	0.25715
-1.74	0.260342
-1.739	0.263537
-1.738	0.266731
-1.737	0.269921
-1.736	0.273102
-1.735	0.276272
-1.734	0.279427
-1.733	0.282564
-1.732	0.285679
-1.731	0.288771
-1.73	0.291835
-1.729	0.29487
-1.728	0.297872
-1.727	0.300838
-1.726	0.303767
-1.725	0.306656
-1.724	0.309503
-1.723	0.312305
-1.722	0.31506
-1.721	0.317767
-1.72	0.320424
-1.719	0.323027
-1.718	0.325577
-1.717	0.32807
-1.716	0.330505
-1.715	0.332881
-1.714	0.335196
-1.713	0.337449
-1.712	0.339638
-1.711	0.341761
-1.71	0.343818
-1.709	0.345808
-1.708	0.347728
-1.707	0.349578
-1.706	0.351358
-1.705	0.353065
-1.704	0.3547
-1.703	0.35626
-1.702	0.357745
-1.701	0.359155
-1.7	0.360489
-1.699	0.361744
-1.698	0.362923
-1.697	0.364023
-1.696	0.365044
-1.695	0.365986
-1.694	0.366848
-1.693	0.36763
-1.692	0.368331
-1.691	0.368952
-1.69	0.369491
-1.689	0.369949
-1.688	0.370325
-1.687	0.370619
-1.686	0.370832
-1.685	0.370963
-1.684	0.371012
-1.683	0.37098
-1.682	0.370866
-1.681	0.37067
-1.68	0.370393
-1.679	0.370036
-1.678	0.369597
-1.677	0.369079
-1.676	0.36848
-1.675	0.367803
-1.674	0.367046
-1.673	0.36621
-1.672	0.365298
-1.671	0.364308
-1.67	0.363241
-1.669	0.362099
-1.668	0.360882
-1.667	0.359591
-1.666	0.358227
-1.665	0.356791
-1.664	0.355283
-1.663	0.353706
-1.662	0.35206
-1.661	0.350345
-1.66	0.348565
-1.659	0.346719
-1.658	0.34481
-1.657	0.342837
-1.656	0.340804
-1.655	0.338712
-1.654	0.336563
-1.653	0.334357
-1.652	0.332096
-1.651	0.329783
-1.65	0.32742
-1.649	0.325008
-1.648	0.322549
-1.647	0.320046
-1.646	0.317501
-1.645	0.314916
-1.644	0.312293
-1.643	0.309635
-1.642	0.306945
-1.641	0.304224
-1.64	0.301477
-1.639	0.298705
-1.638	0.295911
-1.637	0.2931
-1.636	0.290272
-1.635	0.287433
-1.634	0.284585
-1.633	0.281731
-1.632	0.278876
-1.631	0.276023
-1.63	0.273175
-1.629	0.270337
-1.628	0.267513
-1.627	0.264707
-1.626	0.261922
-1.625	0.259164
-1.624	0.256437
-1.623	0.253745
-1.622	0.251093
-1.621	0.248486
-1.62	0.245929
-1.619	0.243427
-1.618	0.240983
-1.617	0.238605
-1.616	0.236297
-1.615	0.234064
-1.614	0.231911
-1.613	0.229843
-1.612	0.227865
-1.611	0.225983
-1.61	0.224201
-1.609	0.222524
-1.608	0.220957
-1.607	0.219504
-1.606	0.21817
-1.605	0.216958
-1.604	0.215872
-1.603	0.214916
-1.602	0.214093
-1.601	0.213406
-1.6	0.212856
-1.599	0.212447
-1.598	0.212179
-1.597	0.212053
-1.596	0.21207
-1.595	0.212231
-1.594	0.212534
-1.593	0.212979
-1.592	0.213565
-1.591	0.21429
-1.59	0.215153
-1.589	0.216149
-1.588	0.217277
-1.587	0.218533
-1.586	0.219914
-1.585	0.221416
-1.584	0.223035
-1.583	0.224766
-1.582	0.226605
-1.581	0.228548
-1.58	0.230589
-1.579	0.232723
-1.578	0.234946
-1.577	0.237252
-1.576	0.239637
-1.575	0.242095
-1.574	0.244621
-1.573	0.247212
-1.572	0.249859
-1.571	0.252561
-1.57	0.255311
-1.569	0.258106
-1.568	0.260939
-1.567	0.263807
-1.566	0.266705
-1.565	0.269629
-1.564	0.272575
-1.563	0.275538
-1.562	0.278514
-1.561	0.2815
-1.56	0.284492
-1.559	0.287485
-1.558	0.290478
-1.557	0.293465
-1.556	0.296444
-1.555	0.299411
-1.554	0.302363
-1.553	0.305298
-1.552	0.308212
-1.551	0.311102
-1.55	0.313966
-1.549	0.316801
-1.548	0.319604
-1.547	0.322373
-1.546	0.325107
-1.545	0.327801
-1.544	0.330454
-1.543	0.333064
-1.542	0.335629
-1.541	0.338147
-1.54	0.340616
-1.539	0.343033
-1.538	0.345398
-1.537	0.347709
-1.536	0.349964
-1.535	0.352161
-1.534	0.354299
-1.533	0.356376
-1.532	0.358392
-1.531	0.360344
-1.53	0.362231
-1.529	0.364054
-1.528	0.365809
-1.527	0.367496
-1.526	0.369113
-1.525	0.370662
-1.524	0.372138
-1.523	0.373544
-1.522	0.374877
-1.521	0.376136
-1.52	0.377322
-1.519	0.378433
-1.518	0.379468
-1.517	0.380428
-1.516	0.381311
-1.515	0.382118
-1.514	0.382847
-1.513	0.383499
-1.512	0.384073
-1.511	0.384569
-1.51	0.384986
-1.509	0.385325
-1.508	0.385585
-1.507	0.385767
-1.506	0.38587
-1.505	0.385895
-1.504	0.385841
-1.503	0.385709
-1.502	0.385498
-1.501	0.38521
-1.5	0.384845
-1.499	0.384401
-1.498	0.383881
-1.497	0.383285
-1.496	0.382613
-1.495	0.381865
-1.494	0.381042
-1.493	0.380146
-1.492	0.379175
-1.491	0.378133
-1.49	0.377018
-1.489	0.375832
-1.488	0.374576
-1.487	0.373251
-1.486	0.371859
-1.485	0.370398
-1.484	0.368872
-1.483	0.367282
-1.482	0.365627
-1.481	0.363912
-1.48	0.362134
-1.479	0.360298
-1.478	0.358405
-1.477	0.356454
-1.476	0.354449
-1.475	0.352392
-1.474	0.350283
-1.473	0.348124
-1.472	0.345919
-1.471	0.343668
-1.47	0.341373
-1.469	0.339038
-1.468	0.336663
-1.467	0.334251
-1.466	0.331805
-1.465	0.329327
-1.464	0.326819
-1.463	0.324285
-1.462	0.321726
-1.461	0.319146
-1.46	0.316547
-1.459	0.313933
-1.458	0.311305
-1.457	0.308668
-1.456	0.306025
-1.455	0.303379
-1.454	0.300733
-1.453	0.298091
-1.452	0.295456
-1.451	0.292832
-1.45	0.290223
-1.449	0.287633
-1.448	0.285065
-1.447	0.282524
-1.446	0.280013
-1.445	0.277537
-1.444	0.2751
-1.443	0.272706
-1.442	0.270359
-1.441	0.268065
-1.44	0.265826
-1.439	0.263649
-1.438	0.261536
-1.437	0.259493
-1.436	0.257524
-1.435	0.255633
-1.434	0.253824
-1.433	0.252103
-1.432	0.250472
-1.431	0.248937
-1.43	0.247499
-1.429	0.246164
-1.428	0.244936
-1.427	0.243817
-1.426	0.242809
-1.425	0.241918
-1.424	0.241144
-1.423	0.24049
-1.422	0.239959
-1.421	0.23955
-1.42	0.239267
-1.419	0.23911
-1.418	0.23908
-1.417	0.239177
-1.416	0.239401
-1.415	0.239751
-1.414	0.240227
-1.413	0.240828
-1.412	0.241551
-1.411	0.242395
-1.41	0.243359
-1.409	0.24444
-1.408	0.245635
-1.407	0.24694
-1.406	0.248354
-1.405	0.249872
-1.404	0.251491
-1.403	0.253207
-1.402	0.255017
-1.401	0.256916
-1.4	0.258901
-1.399	0.260966
-1.398	0.263108
-1.397	0.265323
-1.396	0.267606
-1.395	0.269952
-1.394	0.272358
-1.393	0.27482
-1.392	0.277331
-1.391	0.27989
-1.39	0.282491
-1.389	0.28513
-1.388	0.287803
-1.387	0.290506
-1.386	0.293235
-1.385	0.295986
-1.384	0.298756
-1.383	0.301541
-1.382	0.304335
-1.381	0.307138
-1.38	0.309944
-1.379	0.312751
-1.378	0.315556
-1.377	0.318354
-1.376	0.321143
-1.375	0.32392
-1.374	0.326682
-1.373	0.329426
-1.372	0.33215
-1.371	0.33485
-1.37	0.337524
-1.369	0.34017
-1.368	0.342785
-1.367	0.345366
-1.366	0.347912
-1.365	0.35042
-1.364	0.352888
-1.363	0.355315
-1.362	0.357697
-1.361	0.360034
-1.36	0.362322
-1.359	0.364562
-1.358	0.36675
-1.357	0.368885
-1.356	0.370966
-1.355	0.372991
-1.354	0.374958
-1.353	0.376867
-1.352	0.378716
-1.351	0.380503
-1.35	0.382228
-1.349	0.383889
-1.348	0.385485
-1.347	0.387015
-1.346	0.388478
-1.345	0.389875
-1.344	0.391202
-1.343	0.392459
-1.342	0.393646
-1.341	0.394763
-1.34	0.395808
-1.339	0.39678
-1.338	0.39768
-1.337	0.398507
-1.336	0.39926
-1.335	0.399939
-1.334	0.400544
-1.333	0.401074
-1.332	0.401529
-1.331	0.401908
-1.33	0.402214
-1.329	0.402443
-1.328	0.402597
-1.327	0.402676
-1.326	0.402679
-1.325	0.402608
-1.324	0.402461
-1.323	0.40224
-1.322	0.401944
-1.321	0.401574
-1.32	0.40113
-1.319	0.400613
-1.318	0.400023
-1.317	0.399361
-1.316	0.398627
-1.315	0.397822
-1.314	0.396946
-1.313	0.396002
-1.312	0.394987
-1.311	0.393905
-1.31	0.392756
-1.309	0.391541
-1.308	0.390262
-1.307	0.388917
-1.306	0.38751
-1.305	0.386041
-1.304	0.384512
-1.303	0.382924
-1.302	0.381278
-1.301	0.379575
-1.3	0.377818
-1.299	0.376008
-1.298	0.374146
-1.297	0.372234
-1.296	0.370274
-1.295	0.368268
-1.294	0.366217
-1.293	0.364123
-1.292	0.361989
-1.291	0.359817
-1.29	0.357608
-1.289	0.355365
-1.288	0.353091
-1.287	0.350787
-1.286	0.348456
-1.285	0.3461
-1.284	0.343723
-1.283	0.341328
-1.282	0.338915
-1.281	0.336489
-1.28	0.334052
-1.279	0.331608
-1.278	0.329158
-1.277	0.326707
-1.276	0.324258
-1.275	0.321815
-1.274	0.319379
-1.273	0.316954
-1.272	0.314546
-1.271	0.312155
-1.27	0.309786
-1.269	0.307445
-1.268	0.305132
-1.267	0.302852
-1.266	0.30061
-1.265	0.298409
-1.264	0.296253
-1.263	0.294145
-1.262	0.29209
-1.261	0.290091
-1.26	0.288153
-1.259	0.286279
-1.258	0.284473
-1.257	0.282738
-1.256	0.281078
-1.255	0.279498
-1.254	0.278
-1.253	0.276588
-1.252	0.275265
-1.251	0.274034
-1.25	0.272898
-1.249	0.271861
-1.248	0.270924
-1.247	0.27009
-1.246	0.269361
-1.245	0.26874
-1.244	0.268228
-1.243	0.267826
-1.242	0.267535
-1.241	0.267357
-1.24	0.267293
-1.239	0.267341
-1.238	0.267504
-1.237	0.267779
-1.236	0.268168
-1.235	0.268668
-1.234	0.26928
-1.233	0.270002
-1.232	0.270831
-1.231	0.271768
-1.23	0.272808
-1.229	0.273951
-1.228	0.275193
-1.227	0.276532
-1.226	0.277965
-1.225	0.279489
-1.224	0.281101
-1.223	0.282798
-1.222	0.284576
-1.221	0.286432
-1.22	0.288361
-1.219	0.290361
-1.218	0.292428
-1.217	0.294558
-1.216	0.296747
-1.215	0.298991
-1.214	0.301287
-1.213	0.303631
-1.212	0.306019
-1.211	0.308447
-1.21	0.310912
-1.209	0.313409
-1.208	0.315936
-1.207	0.318488
-1.206	0.321062
-1.205	0.323655
-1.204	0.326262
-1.203	0.328881
-1.202	0.331509
-1.201	0.334142
-1.2	0.336776
-1.199	0.339409
-1.198	0.342038
-1.197	0.34466
-1.196	0.347272
-1.195	0.349871
-1.194	0.352455
-1.193	0.35502
-1.192	0.357564
-1.191	0.360085
-1.19	0.36258
-1.189	0.365046
-1.188	0.367483
-1.187	0.369886
-1.186	0.372254
-1.185	0.374586
-1.184	0.376878
-1.183	0.379129
-1.182	0.381338
-1.181	0.383502
-1.18	0.385619
-1.179	0.387688
-1.178	0.389707
-1.177	0.391675
-1.176	0.39359
-1.175	0.395451
-1.174	0.397256
-1.173	0.399004
-1.172	0.400694
-1.171	0.402324
-1.17	0.403894
-1.169	0.405401
-1.168	0.406847
-1.167	0.408228
-1.166	0.409545
-1.165	0.410796
-1.164	0.411981
-1.163	0.413098
-1.162	0.414149
-1.161	0.41513
-1.16	0.416043
-1.159	0.416886
-1.158	0.417659
-1.157	0.418362
-1.156	0.418993
-1.155	0.419554
-1.154	0.420043
-1.153	0.420461
-1.152	0.420807
-1.151	0.42108
-1.15	0.421283
-1.149	0.421413
-1.148	0.42147
-1.147	0.421456
-1.146	0.421371
-1.145	0.421214
-1.144	0.420986
-1.143	0.420686
-1.142	0.420316
-1.141	0.419877
-1.14	0.419366
-1.139	0.418787
-1.138	0.41814
-1.137	0.417424
-1.136	0.416641
-1.135	0.415792
-1.134	0.414876
-1.133	0.413896
-1.132	0.412851
-1.131	0.411744
-1.13	0.410575
-1.129	0.409344
-1.128	0.408053
-1.127	0.406704
-1.126	0.405297
-1.125	0.403834
-1.124	0.402316
-1.123	0.400745
-1.122	0.399122
-1.121	0.397448
-1.12	0.395726
-1.119	0.393956
-1.118	0.392141
-1.117	0.390282
-1.116	0.388382
-1.115	0.386442
-1.114	0.384463
-1.113	0.382449
-1.112	0.380401
-1.111	0.378321
-1.11	0.376212
-1.109	0.374076
-1.108	0.371915
-1.107	0.369732
-1.106	0.367529
-1.105	0.365308
-1.104	0.363073
-1.103	0.360826
-1.102	0.35857
-1.101	0.356308
-1.1	0.354042
-1.099	0.351775
-1.098	0.34951
-1.097	0.347252
-1.096	0.345001
-1.095	0.342763
-1.094	0.34054
-1.093	0.338334
-1.092	0.33615
-1.091	0.333992
-1.09	0.331861
-1.089	0.329762
-1.088	0.327697
-1.087	0.325672
-1.086	0.323688
-1.085	0.321749
-1.084	0.31986
-1.083	0.318022
-1.082	0.31624
-1.081	0.314517
-1.08	0.312856
-1.079	0.311261
-1.078	0.309734
-1.077	0.30828
-1.076	0.3069
-1.075	0.305598
-1.074	0.304377
-1.073	0.303239
-1.072	0.302187
-1.071	0.301223
-1.07	0.30035
-1.069	0.29957
-1.068	0.298884
-1.067	0.298295
-1.066	0.297803
-1.065	0.29741
-1.064	0.297118
-1.063	0.296927
-1.062	0.296837
-1.061	0.296849
-1.06	0.296964
-1.059	0.297181
-1.058	0.2975
-1.057	0.29792
-1.056	0.298441
-1.055	0.299062
-1.054	0.299782
-1.053	0.300598
-1.052	0.301511
-1.051	0.302517
-1.05	0.303615
-1.049	0.304803
-1.048	0.306077
-1.047	0.307437
-1.046	0.30888
-1.045	0.310402
-1.044	0.312001
-1.043	0.313674
-1.042	0.315417
-1.041	0.317229
-1.04	0.319104
-1.039	0.321042
-1.038	0.323037
-1.037	0.325087
-1.036	0.327189
-1.035	0.329338
-1.034	0.331532
-1.033	0.333767
-1.032	0.336041
-1.031	0.338349
-1.03	0.340688
-1.029	0.343054
-1.028	0.345445
-1.027	0.347858
-1.026	0.350289
-1.025	0.352735
-1.024	0.355193
-1.023	0.357659
-1.022	0.360131
-1.021	0.362605
-1.02	0.36508
-1.019	0.367552
-1.018	0.370018
-1.017	0.372475
-1.016	0.374921
-1.015	0.377353
-1.014	0.379769
-1.013	0.382166
-1.012	0.384541
-1.011	0.386893
-1.01	0.38922
-1.009	0.391517
-1.008	0.393785
-1.007	0.39602
-1.006	0.398221
-1.005	0.400385
-1.004	0.402511
-1.003	0.404597
-1.002	0.406641
-1.001	0.408641
-1	0.410596
-0.999	0.412504
-0.998	0.414364
-0.997	0.416173
-0.996	0.417931
-0.995	0.419636
-0.994	0.421287
-0.993	0.422884
-0.992	0.424423
-0.991	0.425905
-0.99	0.427328
-0.989	0.428692
-0.988	0.429995
-0.987	0.431236
-0.986	0.432415
-0.985	0.433531
-0.984	0.434583
-0.983	0.43557
-0.982	0.436492
-0.981	0.437348
-0.98	0.438138
-0.979	0.438861
-0.978	0.439517
-0.977	0.440105
-0.976	0.440625
-0.975	0.441077
-0.974	0.441461
-0.973	0.441777
-0.972	0.442024
-0.971	0.442202
-0.97	0.442312
-0.969	0.442353
-0.968	0.442326
-0.967	0.44223
-0.966	0.442067
-0.965	0.441836
-0.964	0.441537
-0.963	0.441172
-0.962	0.44074
-0.961	0.440241
-0.96	0.439677
-0.959	0.439049
-0.958	0.438356
-0.957	0.4376
-0.956	0.436781
-0.955	0.435899
-0.954	0.434957
-0.953	0.433955
-0.952	0.432893
-0.951	0.431773
-0.95	0.430597
-0.949	0.429364
-0.948	0.428076
-0.947	0.426736
-0.946	0.425343
-0.945	0.4239
-0.944	0.422407
-0.943	0.420867
-0.942	0.41928
-0.941	0.417648
-0.94	0.415974
-0.939	0.414258
-0.938	0.412504
-0.937	0.410711
-0.936	0.408883
-0.935	0.407022
-0.934	0.405128
-0.933	0.403205
-0.932	0.401255
-0.931	0.39928
-0.93	0.397281
-0.929	0.395262
-0.928	0.393224
-0.927	0.391171
-0.926	0.389104
-0.925	0.387027
-0.924	0.384942
-0.923	0.382851
-0.922	0.380757
-0.921	0.378663
-0.92	0.376572
-0.919	0.374487
-0.918	0.37241
-0.917	0.370344
-0.916	0.368293
-0.915	0.366259
-0.914	0.364246
-0.913	0.362255
-0.912	0.360292
-0.911	0.358358
-0.91	0.356457
-0.909	0.354591
-0.908	0.352764
-0.907	0.350979
-0.906	0.349239
-0.905	0.347548
-0.904	0.345907
-0.903	0.344321
-0.902	0.342791
-0.901	0.341322
-0.9	0.339915
-0.899	0.338573
-0.898	0.3373
-0.897	0.336097
-0.896	0.334968
-0.895	0.333914
-0.894	0.332938
-0.893	0.332041
-0.892	0.331227
-0.891	0.330496
-0.89	0.329851
-0.889	0.329292
-0.888	0.328822
-0.887	0.328441
-0.886	0.328151
-0.885	0.327952
-0.884	0.327845
-0.883	0.32783
-0.882	0.327908
-0.881	0.328078
-0.88	0.328341
-0.879	0.328696
-0.878	0.329142
-0.877	0.32968
-0.876	0.330309
-0.875	0.331025
-0.874	0.33183
-0.873	0.33272
-0.872	0.333697
-0.871	0.334755
-0.87	0.335895
-0.869	0.337114
-0.868	0.33841
-0.867	0.339781
-0.866	0.341225
-0.865	0.342738
-0.864	0.344319
-0.863	0.345965
-0.862	0.347671
-0.861	0.349438
-0.86	0.351261
-0.859	0.353137
-0.858	0.355064
-0.857	0.357038
-0.856	0.359057
-0.855	0.361117
-0.854	0.363216
-0.853	0.36535
-0.852	0.367517
-0.851	0.369713
-0.85	0.371935
-0.849	0.37418
-0.848	0.376446
-0.847	0.37873
-0.846	0.381027
-0.845	0.383337
-0.844	0.385655
-0.843	0.387979
-0.842	0.390306
-0.841	0.392635
-0.84	0.39496
-0.839	0.397281
-0.838	0.399594
-0.837	0.401898
-0.836	0.404189
-0.835	0.406465
-0.834	0.408724
-0.833	0.410964
-0.832	0.413182
-0.831	0.415375
-0.83	0.417543
-0.829	0.419683
-0.828	0.421792
-0.827	0.423869
-0.826	0.425913
-0.825	0.42792
-0.824	0.42989
-0.823	0.43182
-0.822	0.433709
-0.821	0.435556
-0.82	0.437358
-0.819	0.439115
-0.818	0.440824
-0.817	0.442485
-0.816	0.444095
-0.815	0.445655
-0.814	0.447163
-0.813	0.448616
-0.812	0.450015
-0.811	0.451359
-0.81	0.452646
-0.809	0.453874
-0.808	0.455045
-0.807	0.456156
-0.806	0.457207
-0.805	0.458197
-0.804	0.459126
-0.803	0.459993
-0.802	0.460797
-0.801	0.461538
-0.8	0.462215
-0.799	0.462829
-0.798	0.463377
-0.797	0.463862
-0.796	0.464282
-0.795	0.464636
-0.794	0.464926
-0.793	0.46515
-0.792	0.465309
-0.791	0.465403
-0.79	0.465432
-0.789	0.465396
-0.788	0.465295
-0.787	0.46513
-0.786	0.464901
-0.785	0.464607
-0.784	0.464251
-0.783	0.463831
-0.782	0.463349
-0.781	0.462805
-0.78	0.462199
-0.779	0.461534
-0.778	0.460809
-0.777	0.460024
-0.776	0.459181
-0.775	0.458281
-0.774	0.457324
-0.773	0.456313
-0.772	0.455247
-0.771	0.454127
-0.77	0.452956
-0.769	0.451734
-0.768	0.450463
-0.767	0.449143
-0.766	0.447777
-0.765	0.446366
-0.764	0.44491
-0.763	0.443413
-0.762	0.441874
-0.761	0.440297
-0.76	0.438683
-0.759	0.437033
-0.758	0.435349
-0.757	0.433634
-0.756	0.431889
-0.755	0.430116
-0.754	0.428318
-0.753	0.426496
-0.752	0.424653
-0.751	0.42279
-0.75	0.42091
-0.749	0.419015
-0.748	0.417108
-0.747	0.415191
-0.746	0.413267
-0.745	0.411338
-0.744	0.409406
-0.743	0.407475
-0.742	0.405545
-0.741	0.403622
-0.74	0.401706
-0.739	0.399802
-0.738	0.39791
-0.737	0.396035
-0.736	0.394178
-0.735	0.392344
-0.734	0.390534
-0.733	0.388752
-0.732	0.387
-0.731	0.385281
-0.73	0.383598
-0.729	0.381953
-0.728	0.38035
-0.727	0.37879
-0.726	0.377278
-0.725	0.375815
-0.724	0.374405
-0.723	0.373049
-0.722	0.37175
-0.721	0.37051
-0.72	0.369333
-0.719	0.368221
-0.718	0.367174
-0.717	0.366196
-0.716	0.365289
-0.715	0.364454
-0.714	0.363693
-0.713	0.363009
-0.712	0.362401
-0.711	0.361872
-0.71	0.361424
-0.709	0.361056
-0.708	0.360771
-0.707	0.360567
-0.706	0.360448
-0.705	0.360413
-0.704	0.360461
-0.703	0.360594
-0.702	0.360811
-0.701	0.361112
-0.7	0.361497
-0.699	0.361965
-0.698	0.362516
-0.697	0.363149
-0.696	0.363862
-0.695	0.364655
-0.694	0.365526
-0.693	0.366474
-0.692	0.367498
-0.691	0.368595
-0.69	0.369765
-0.689	0.371004
-0.688	0.372312
-0.687	0.373685
-0.686	0.375123
-0.685	0.376622
-0.684	0.37818
-0.683	0.379795
-0.682	0.381464
-0.681	0.383186
-0.68	0.384956
-0.679	0.386773
-0.678	0.388633
-0.677	0.390535
-0.676	0.392475
-0.675	0.394451
-0.674	0.39646
-0.673	0.3985
-0.672	0.400566
-0.671	0.402657
-0.67	0.404771
-0.669	0.406903
-0.668	0.409053
-0.667	0.411215
-0.666	0.41339
-0.665	0.415572
-0.664	0.417762
-0.663	0.419954
-0.662	0.422147
-0.661	0.424338
-0.66	0.426525
-0.659	0.428706
-0.658	0.430878
-0.657	0.433038
-0.656	0.435185
-0.655	0.437317
-0.654	0.43943
-0.653	0.441523
-0.652	0.443594
-0.651	0.445641
-0.65	0.447661
-0.649	0.449653
-0.648	0.451616
-0.647	0.453546
-0.646	0.455443
-0.645	0.457304
-0.644	0.459128
-0.643	0.460914
-0.642	0.462659
-0.641	0.464362
-0.64	0.466023
-0.639	0.467639
-0.638	0.469209
-0.637	0.470732
-0.636	0.472206
-0.635	0.473631
-0.634	0.475004
-0.633	0.476327
-0.632	0.477596
-0.631	0.478812
-0.63	0.479973
-0.629	0.481079
-0.628	0.482127
-0.627	0.483119
-0.626	0.484054
-0.625	0.484929
-0.624	0.485746
-0.623	0.486503
-0.622	0.487201
-0.621	0.487837
-0.62	0.488414
-0.619	0.488929
-0.618	0.489382
-0.617	0.489775
-0.616	0.490105
-0.615	0.490373
-0.614	0.49058
-0.613	0.490725
-0.612	0.490808
-0.611	0.49083
-0.61	0.490789
-0.609	0.490688
-0.608	0.490525
-0.607	0.490303
-0.606	0.490019
-0.605	0.489676
-0.604	0.489273
-0.603	0.488811
-0.602	0.488291
-0.601	0.487714
-0.6	0.487079
-0.599	0.486388
-0.598	0.485642
-0.597	0.484841
-0.596	0.483987
-0.595	0.48308
-0.594	0.482122
-0.593	0.481113
-0.592	0.480054
-0.591	0.478947
-0.59	0.477793
-0.589	0.476593
-0.588	0.475349
-0.587	0.474062
-0.586	0.472733
-0.585	0.471365
-0.584	0.469957
-0.583	0.468513
-0.582	0.467034
-0.581	0.46552
-0.58	0.463976
-0.579	0.4624
-0.578	0.460797
-0.577	0.459168
-0.576	0.457514
-0.575	0.455838
-0.574	0.454141
-0.573	0.452427
-0.572	0.450696
-0.571	0.448952
-0.57	0.447195
-0.569	0.445429
-0.568	0.443656
-0.567	0.441879
-0.566	0.440099
-0.565	0.438318
-0.564	0.436541
-0.563	0.434768
-0.562	0.433002
-0.561	0.431247
-0.56	0.429504
-0.559	0.427775
-0.558	0.426064
-0.557	0.424374
-0.556	0.422705
-0.555	0.421062
-0.554	0.419447
-0.553	0.417862
-0.552	0.416309
-0.551	0.414793
-0.55	0.413314
-0.549	0.411875
-0.548	0.41048
-0.547	0.409129
-0.546	0.407826
-0.545	0.406573
-0.544	0.405372
-0.543	0.404225
-0.542	0.403135
-0.541	0.402103
-0.54	0.401133
-0.539	0.400224
-0.538	0.399379
-0.537	0.398601
-0.536	0.397889
-0.535	0.397247
-0.534	0.396675
-0.533	0.396175
-0.532	0.395747
-0.531	0.395393
-0.53	0.395114
-0.529	0.394909
-0.528	0.394782
-0.527	0.39473
-0.526	0.394755
-0.525	0.394857
-0.524	0.395037
-0.523	0.395293
-0.522	0.395626
-0.521	0.396036
-0.52	0.39652
-0.519	0.397081
-0.518	0.397716
-0.517	0.398425
-0.516	0.399206
-0.515	0.400059
-0.514	0.400981
-0.513	0.401973
-0.512	0.403032
-0.511	0.404156
-0.51	0.405345
-0.509	0.406597
-0.508	0.407908
-0.507	0.409277
-0.506	0.410703
-0.505	0.412184
-0.504	0.413717
-0.503	0.415299
-0.502	0.416929
-0.501	0.418604
-0.5	0.420323
-0.499	0.422082
-0.498	0.423879
-0.497	0.425711
-0.496	0.427577
-0.495	0.429474
-0.494	0.431398
-0.493	0.433349
-0.492	0.435321
-0.491	0.437316
-0.49	0.439328
-0.489	0.441356
-0.488	0.443397
-0.487	0.445448
-0.486	0.447508
-0.485	0.449573
-0.484	0.451643
-0.483	0.453712
-0.482	0.455781
-0.481	0.457847
-0.48	0.459906
-0.479	0.461957
-0.478	0.463998
-0.477	0.466026
-0.476	0.46804
-0.475	0.470038
-0.474	0.472016
-0.473	0.473974
-0.472	0.47591
-0.471	0.477821
-0.47	0.479705
-0.469	0.481562
-0.468	0.483387
-0.467	0.485183
-0.466	0.486944
-0.465	0.488671
-0.464	0.490361
-0.463	0.492013
-0.462	0.493627
-0.461	0.495199
-0.46	0.49673
-0.459	0.498216
-0.458	0.499658
-0.457	0.501055
-0.456	0.502404
-0.455	0.503705
-0.454	0.504958
-0.453	0.50616
-0.452	0.507311
-0.451	0.508411
-0.45	0.509457
-0.449	0.510451
-0.448	0.51139
-0.447	0.512275
-0.446	0.513104
-0.445	0.513878
-0.444	0.514594
-0.443	0.515253
-0.442	0.515856
-0.441	0.5164
-0.44	0.516888
-0.439	0.517316
-0.438	0.517686
-0.437	0.517997
-0.436	0.518251
-0.435	0.518445
-0.434	0.518581
-0.433	0.518659
-0.432	0.518677
-0.431	0.518638
-0.43	0.518541
-0.429	0.518386
-0.428	0.518174
-0.427	0.517905
-0.426	0.517579
-0.425	0.517197
-0.424	0.51676
-0.423	0.516269
-0.422	0.515722
-0.421	0.515123
-0.42	0.51447
-0.419	0.513766
-0.418	0.51301
-0.417	0.512205
-0.416	0.51135
-0.415	0.510447
-0.414	0.509498
-0.413	0.508501
-0.412	0.50746
-0.411	0.506376
-0.41	0.50525
-0.409	0.504083
-0.408	0.502875
-0.407	0.50163
-0.406	0.500348
-0.405	0.499031
-0.404	0.49768
-0.403	0.496298
-0.402	0.494885
-0.401	0.493443
-0.4	0.491975
-0.399	0.490481
-0.398	0.488964
-0.397	0.487426
-0.396	0.485868
-0.395	0.484294
-0.394	0.482703
-0.393	0.4811
-0.392	0.479485
-0.391	0.477861
-0.39	0.476229
-0.389	0.474594
-0.388	0.472955
-0.387	0.471316
-0.386	0.469679
-0.385	0.468047
-0.384	0.46642
-0.383	0.464802
-0.382	0.463196
-0.381	0.461603
-0.38	0.460026
-0.379	0.458467
-0.378	0.456929
-0.377	0.455414
-0.376	0.453924
-0.375	0.452461
-0.374	0.451029
-0.373	0.449629
-0.372	0.448263
-0.371	0.446934
-0.37	0.445645
-0.369	0.444396
-0.368	0.443192
-0.367	0.442032
-0.366	0.440919
-0.365	0.439858
-0.364	0.438846
-0.363	0.437888
-0.362	0.436986
-0.361	0.43614
-0.36	0.435353
-0.359	0.434626
-0.358	0.43396
-0.357	0.433356
-0.356	0.432818
-0.355	0.432344
-0.354	0.431937
-0.353	0.431597
-0.352	0.431325
-0.351	0.431122
-0.35	0.430989
-0.349	0.430972
-0.348	0.431126
-0.347	0.431446
-0.346	0.431933
-0.345	0.432588
-0.344	0.433408
-0.343	0.434392
-0.342	0.43554
-0.341	0.436849
-0.34	0.438316
-0.339	0.439937
-0.338	0.441701
-0.337	0.443609
-0.336	0.445654
-0.335	0.447837
-0.334	0.450153
-0.333	0.452601
-0.332	0.455174
-0.331	0.457873
-0.33	0.460691
-0.329	0.46363
-0.328	0.46668
-0.327	0.469842
-0.326	0.473111
-0.325	0.476483
-0.324	0.479955
-0.323	0.483525
-0.322	0.487185
-0.321	0.490934
-0.32	0.49477
-0.319	0.498688
-0.318	0.502682
-0.317	0.506755
-0.316	0.510895
-0.315	0.515105
-0.314	0.519379
-0.313	0.523714
-0.312	0.528107
-0.311	0.532555
-0.31	0.537054
-0.309	0.541599
-0.308	0.546193
-0.307	0.550824
-0.306	0.555498
-0.305	0.560206
-0.304	0.564948
-0.303	0.56972
-0.302	0.574519
-0.301	0.579343
-0.3	0.584191
-0.299	0.589056
-0.298	0.593939
-0.297	0.598837
-0.296	0.603747
-0.295	0.608668
-0.294	0.613595
-0.293	0.618529
-0.292	0.623464
-0.291	0.628402
-0.29	0.633338
-0.289	0.63827
-0.288	0.6432
-0.287	0.648119
-0.286	0.65303
-0.285	0.657932
-0.284	0.662819
-0.283	0.667693
-0.282	0.67255
-0.281	0.67739
-0.28	0.68221
-0.279	0.687009
-0.278	0.691784
-0.277	0.696536
-0.276	0.701263
-0.275	0.705961
-0.274	0.710631
-0.273	0.715271
-0.272	0.71988
-0.271	0.724456
-0.27	0.728996
-0.269	0.733502
-0.268	0.737973
-0.267	0.742404
-0.266	0.746797
-0.265	0.75115
-0.264	0.755461
-0.263	0.75973
-0.262	0.763955
-0.261	0.768135
-0.26	0.77227
-0.259	0.776361
-0.258	0.780413
-0.257	0.784424
-0.256	0.788393
-0.255	0.792319
-0.254	0.7962
-0.253	0.800039
-0.252	0.803833
-0.251	0.807579
-0.25	0.81128
-0.249	0.814933
-0.248	0.818538
-0.247	0.822095
-0.246	0.825602
-0.245	0.82906
-0.244	0.832466
-0.243	0.835821
-0.242	0.839125
-0.241	0.842375
-0.24	0.845574
-0.239	0.848719
-0.238	0.851809
-0.237	0.854843
-0.236	0.857824
-0.235	0.860749
-0.234	0.863616
-0.233	0.866428
-0.232	0.869183
-0.231	0.871879
-0.23	0.874518
-0.229	0.877097
-0.228	0.879619
-0.227	0.882081
-0.226	0.884484
-0.225	0.886826
-0.224	0.889107
-0.223	0.891328
-0.222	0.893488
-0.221	0.895587
-0.22	0.897622
-0.219	0.899597
-0.218	0.90151
-0.217	0.90336
-0.216	0.905145
-0.215	0.906869
-0.214	0.90853
-0.213	0.910125
-0.212	0.911659
-0.211	0.913128
-0.21	0.914531
-0.209	0.915872
-0.208	0.917147
-0.207	0.918357
-0.206	0.919504
-0.205	0.920584
-0.204	0.921599
-0.203	0.922549
-0.202	0.923435
-0.201	0.924255
-0.2	0.925008
-0.199	0.925696
-0.198	0.926319
-0.197	0.926877
-0.196	0.927367
-0.195	0.927793
-0.194	0.928151
-0.193	0.928446
-0.192	0.928675
-0.191	0.928837
-0.19	0.928934
-0.189	0.928965
-0.188	0.928931
-0.187	0.928831
-0.186	0.928665
-0.185	0.928435
-0.184	0.928139
-0.183	0.927778
-0.182	0.927351
-0.181	0.926862
-0.18	0.926306
-0.179	0.925691
-0.178	0.925018
-0.177	0.924289
-0.176	0.923503
-0.175	0.922661
-0.174	0.921763
-0.173	0.92081
-0.172	0.919801
-0.171	0.918737
-0.17	0.917618
-0.169	0.916444
-0.168	0.915216
-0.167	0.913934
-0.166	0.912598
-0.165	0.911208
-0.164	0.909765
-0.163	0.908269
-0.162	0.906721
-0.161	0.905119
-0.16	0.903466
-0.159	0.901762
-0.158	0.900007
-0.157	0.8982
-0.156	0.896343
-0.155	0.894437
-0.154	0.89248
-0.153	0.890475
-0.152	0.888421
-0.151	0.886319
-0.15	0.884167
-0.149	0.881972
-0.148	0.879727
-0.147	0.877436
-0.146	0.875101
-0.145	0.87272
-0.144	0.870294
-0.143	0.867824
-0.142	0.865309
-0.141	0.862753
-0.14	0.860156
-0.139	0.857514
-0.138	0.854833
-0.137	0.85211
-0.136	0.849348
-0.135	0.846548
-0.134	0.843708
-0.133	0.84083
-0.132	0.837916
-0.131	0.834966
-0.13	0.831979
-0.129	0.828958
-0.128	0.825902
-0.127	0.822814
-0.126	0.819692
-0.125	0.81654
-0.124	0.813355
-0.123	0.810142
-0.122	0.806899
-0.121	0.803627
-0.12	0.800328
-0.119	0.797004
-0.118	0.793654
-0.117	0.790278
-0.116	0.786879
-0.115	0.783457
-0.114	0.780014
-0.113	0.776551
-0.112	0.773067
-0.111	0.769565
-0.11	0.766045
-0.109	0.762509
-0.108	0.758958
-0.107	0.755393
-0.106	0.751814
-0.105	0.748226
-0.104	0.744625
-0.103	0.741014
-0.102	0.737395
-0.101	0.733772
-0.1	0.730138