-3.037	3.43701e-005
-3.036	3.3994e-005
-3.035	3.38501e-005
-3.034	3.12571e-005
-3.033	3.31982e-005
-3.032	3.21511e-005
-3.031	3.16105e-005
-3.03	3.33491e-005
-3.029	3.27673e-005
-3.028	3.20833e-005
-3.027	3.17707e-005
-3.026	3.49702e-005
-3.025	3.30542e-005
-3.024	3.46122e-005
-3.023	3.409e-005
-3.022	3.66628e-005
-3.021	3.40586e-005
-3.02	3.33018e-005
-3.019	3.60226e-005
-3.018	3.5404e-005
-3.017	3.68585e-005
-3.016	3.63202e-005
-3.015	3.97079e-005
-3.014	3.65049e-005
-3.013	3.77729e-005
-3.012	3.74532e-005
-3.011	3.98635e-005
-3.01	4.03407e-005
-3.009	4.15938e-005
-3.008	4.13956e-005
-3.007	4.10694e-005
-3.006	4.23786e-005
-3.005	4.27782e-005
-3.004	4.53174e-005
-3.003	4.63627e-005
-3.002	4.82612e-005
-3.001	4.78407e-005
-3	4.99923e-005
-2.999	4.98962e-005
-2.998	4.95346e-005
-2.997	5.32255e-005
-2.996	5.51344e-005
-2.995	5.35675e-005
-2.994	5.44846e-005
-2.993	5.60041e-005
-2.992	5.85573e-005
-2.991	5.67763e-005
-2.99	5.96288e-005
-2.989	6.29472e-005
-2.988	6.43725e-005
-2.987	6.45943e-005
-2.986	6.69569e-005
-2.985	6.91304e-005
-2.984	7.08279e-005
-2.983	7.12205e-005
-2.982	7.56031e-005
-2.981	7.55858e-005
-2.98	7.75964e-005
-2.979	7.95574e-005
-2.978	8.02082e-005
-2.977	8.27636e-005
-2.976	8.71494e-005
-2.975	8.75368e-005
-2.974	9.14492e-005
-2.973	9.23174e-005
-2.972	9.6553e-005
-2.971	9.51894e-005
-2.97	0.000101705
-2.969	0.000103238
-2.968	0.000104591
-2.967	0.000107437
-2.966	0.000109193
-2.965	0.000113595
-2.964	0.00011493
-2.963	0.000122025
-2.962	0.00012207
-2.961	0.000126865
-2.96	0.00012967
-2.959	0.000130344
-2.958	0.000136709
-2.957	0.000139009
-2.956	0.000144508
-2.955	0.000145521
-2.954	0.000150507
-2.953	0.000156027
-2.952	0.00015693
-2.951	0.000162426
-2.95	0.00016541
-2.949	0.000172714
-2.948	0.00017438
-2.947	0.00018126
-2.946	0.000184846
-2.945	0.000189611
-2.944	0.000193663
-2.943	0.000198968
-2.942	0.000205278
-2.941	0.000208458
-2.94	0.000215957
-2.939	0.000219037
-2.938	0.000227314
-2.937	0.000230152
-2.936	0.000237568
-2.935	0.00024315
-2.934	0.000251649
-2.933	0.000257653
-2.932	0.000262979
-2.931	0.000269522
-2.93	0.000277447
-2.929	0.00028346
-2.928	0.000290765
-2.927	0.000299032
-2.926	0.000306906
-2.925	0.000312895
-2.924	0.000323583
-2.923	0.000331182
-2.922	0.00033724
-2.921	0.000348225
-2.92	0.00035618
-2.919	0.000365117
-2.918	0.000373391
-2.917	0.000385789
-2.916	0.000392954
-2.915	0.000403318
-2.914	0.000415576
-2.913	0.000424463
-2.912	0.000435843
-2.911	0.000446087
-2.91	0.000457606
-2.909	0.000469715
-2.908	0.000481573
-2.907	0.000495849
-2.906	0.000507171
-2.905	0.000519744
-2.904	0.000531693
-2.903	0.000546621
-2.902	0.000559121
-2.901	0.000574898
-2.9	0.000589185
-2.899	0.000606192
-2.898	0.000619382
-2.897	0.000635708
-2.896	0.000652343
-2.895	0.000669411
-2.894	0.000685909
-2.893	0.000700964
-2.892	0.000720281
-2.891	0.000738338
-2.89	0.0007571
-2.889	0.000775211
-2.888	0.000796163
-2.887	0.000816926
-2.886	0.000836597
-2.885	0.000858926
-2.884	0.000880087
-2.883	0.000902976
-2.882	0.000927521
-2.881	0.00094758
-2.88	0.000976171
-2.879	0.000997964
-2.878	0.00102321
-2.877	0.00104983
-2.876	0.00107519
-2.875	0.00110499
-2.874	0.00113057
-2.873	0.00115918
-2.872	0.00118916
-2.871	0.0012184
-2.87	0.00124972
-2.869	0.00128134
-2.868	0.00131808
-2.867	0.00134679
-2.866	0.0013837
-2.865	0.00141761
-2.864	0.00145494
-2.863	0.00148992
-2.862	0.0015283
-2.861	0.00156973
-2.86	0.00160804
-2.859	0.00164675
-2.858	0.00169085
-2.857	0.00173424
-2.856	0.00177689
-2.855	0.00182017
-2.854	0.00186782
-2.853	0.00191586
-2.852	0.0019643
-2.851	0.00201458
-2.85	0.00206641
-2.849	0.00211847
-2.848	0.00217137
-2.847	0.00222746
-2.846	0.00228316
-2.845	0.00234071
-2.844	0.00240148
-2.843	0.00246336
-2.842	0.00252545
-2.841	0.00258625
-2.84	0.00265577
-2.839	0.00272164
-2.838	0.0027903
-2.837	0.002861
-2.836	0.00293471
-2.835	0.0030084
-2.834	0.00308482
-2.833	0.00316263
-2.832	0.00324413
-2.831	0.00332655
-2.83	0.00340943
-2.829	0.0034981
-2.828	0.00358651
-2.827	0.00367945
-2.826	0.00376949
-2.825	0.00386606
-2.824	0.00396247
-2.823	0.00406364
-2.822	0.00416727
-2.821	0.00427434
-2.82	0.00438216
-2.819	0.00449334
-2.818	0.00460673
-2.817	0.00472548
-2.816	0.00484346
-2.815	0.00496709
-2.814	0.00509433
-2.813	0.00522552
-2.812	0.00535517
-2.811	0.00549325
-2.81	0.00563315
-2.809	0.00577613
-2.808	0.00591984
-2.807	0.00607098
-2.806	0.00622547
-2.805	0.00638209
-2.804	0.00654345
-2.803	0.00671193
-2.802	0.00688335
-2.801	0.00705783
-2.8	0.00723683
-2.799	0.00742078
-2.798	0.00760978
-2.797	0.00779897
-2.796	0.00800141
-2.795	0.00820451
-2.794	0.00841186
-2.793	0.00862389
-2.792	0.00884436
-2.791	0.00906969
-2.79	0.00929608
-2.789	0.00953376
-2.788	0.00977651
-2.787	0.0100238
-2.786	0.0102775
-2.785	0.010541
-2.784	0.0108091
-2.783	0.0110829
-2.782	0.0113633
-2.781	0.0116551
-2.78	0.0119513
-2.779	0.0122517
-2.778	0.0125631
-2.777	0.0128807
-2.776	0.0132085
-2.775	0.0135414
-2.774	0.0138882
-2.773	0.0142409
-2.772	0.0146007
-2.771	0.0149729
-2.77	0.0153536
-2.769	0.0157423
-2.768	0.0161418
-2.767	0.0165548
-2.766	0.0169738
-2.765	0.0174056
-2.764	0.0178461
-2.763	0.0183004
-2.762	0.0187642
-2.761	0.0192394
-2.76	0.0197273
-2.759	0.0202285
-2.758	0.0207435
-2.757	0.0212685
-2.756	0.0218085
-2.755	0.0223616
-2.754	0.0229317
-2.753	0.023513
-2.752	0.0241103
-2.751	0.0247244
-2.75	0.0253499
-2.749	0.0259942
-2.748	0.0266521
-2.747	0.0273305
-2.746	0.0280232
-2.745	0.0287355
-2.744	0.0294665
-2.743	0.0302133
-2.742	0.0309794
-2.741	0.0317649
-2.74	0.0325739
-2.739	0.0333992
-2.738	0.0342473
-2.737	0.0351191
-2.736	0.0360088
-2.735	0.0369216
-2.734	0.0378602
-2.733	0.0388221
-2.732	0.0398057
-2.731	0.040819
-2.73	0.0418528
-2.729	0.0429167
-2.728	0.0440048
-2.727	0.0451237
-2.726	0.0462683
-2.725	0.0474425
-2.724	0.0486491
-2.723	0.0498829
-2.722	0.0511485
-2.721	0.0524457
-2.72	0.0537766
-2.719	0.0551429
-2.718	0.0565426
-2.717	0.057979
-2.716	0.0594503
-2.715	0.0609609
-2.714	0.0625067
-2.713	0.0640938
-2.712	0.0657213
-2.711	0.0673913
-2.71	0.0691014
-2.709	0.0708528
-2.708	0.0726527
-2.707	0.0744972
-2.706	0.0763861
-2.705	0.0783272
-2.704	0.080315
-2.703	0.0823552
-2.702	0.0844434
-2.701	0.086588
-2.7	0.0887869
-2.699	0.0910392
-2.698	0.0933509
-2.697	0.0957206
-2.696	0.0981498
-2.695	0.100642
-2.694	0.103197
-2.693	0.105815
-2.692	0.108503
-2.691	0.111259
-2.69	0.114081
-2.689	0.116977
-2.688	0.119946
-2.687	0.12299
-2.686	0.126111
-2.685	0.129316
-2.684	0.132597
-2.683	0.135963
-2.682	0.139413
-2.681	0.142952
-2.68	0.146579
-2.679	0.150302
-2.678	0.154118
-2.677	0.158029
-2.676	0.162042
-2.675	0.166155
-2.674	0.170371
-2.673	0.174696
-2.672	0.179131
-2.671	0.18368
-2.67	0.18834
-2.669	0.193122
-2.668	0.198026
-2.667	0.20305
-2.666	0.208205
-2.665	0.213491
-2.664	0.218909
-2.663	0.224466
-2.662	0.230163
-2.661	0.236007
-2.66	0.241999
-2.659	0.24814
-2.658	0.254441
-2.657	0.260899
-2.656	0.267524
-2.655	0.274313
-2.654	0.281278
-2.653	0.288417
-2.652	0.295741
-2.651	0.303245
-2.65	0.310944
-2.649	0.318837
-2.648	0.32693
-2.647	0.33523
-2.646	0.343741
-2.645	0.352466
-2.644	0.361415
-2.643	0.370588
-2.642	0.379998
-2.641	0.389643
-2.64	0.399535
-2.639	0.409676
-2.638	0.420076
-2.637	0.43074
-2.636	0.441676
-2.635	0.452539
-2.634	0.463322
-2.633	0.474021
-2.632	0.484627
-2.631	0.495135
-2.63	0.50554
-2.629	0.515837
-2.628	0.526019
-2.627	0.536084
-2.626	0.546025
-2.625	0.555837
-2.624	0.565519
-2.623	0.575063
-2.622	0.584468
-2.621	0.593728
-2.62	0.602841
-2.619	0.611802
-2.618	0.620608
-2.617	0.629256
-2.616	0.637741
-2.615	0.646062
-2.614	0.654216
-2.613	0.662198
-2.612	0.670008
-2.611	0.677639
-2.61	0.685092
-2.609	0.692362
-2.608	0.69945
-2.607	0.706349
-2.606	0.713059
-2.605	0.719578
-2.604	0.725903
-2.603	0.732031
-2.602	0.737963
-2.601	0.743694
-2.6	0.749222
-2.599	0.754549
-2.598	0.759669
-2.597	0.764581
-2.596	0.769286
-2.595	0.773779
-2.594	0.77806
-2.593	0.782129
-2.592	0.785984
-2.591	0.789622
-2.59	0.793044
-2.589	0.796248
-2.588	0.799233
-2.587	0.801999
-2.586	0.804541
-2.585	0.806863
-2.584	0.808964
-2.583	0.81084
-2.582	0.812493
-2.581	0.813923
-2.58	0.815128
-2.579	0.816107
-2.578	0.81686
-2.577	0.817389
-2.576	0.817692
-2.575	0.817769
-2.574	0.817621
-2.573	0.817246
-2.572	0.816647
-2.571	0.815822
-2.57	0.814771
-2.569	0.813496
-2.568	0.811998
-2.567	0.810274
-2.566	0.808328
-2.565	0.806159
-2.564	0.803769
-2.563	0.801156
-2.562	0.798324
-2.561	0.795273
-2.56	0.792003
-2.559	0.788516
-2.558	0.784814
-2.557	0.780896
-2.556	0.776765
-2.555	0.772422
-2.554	0.767868
-2.553	0.763105
-2.552	0.758134
-2.551	0.752959
-2.55	0.747577
-2.549	0.741993
-2.548	0.736211
-2.547	0.730228
-2.546	0.72405
-2.545	0.717679
-2.544	0.711115
-2.543	0.70436
-2.542	0.697419
-2.541	0.690292
-2.54	0.682983
-2.539	0.675496
-2.538	0.667831
-2.537	0.659991
-2.536	0.651981
-2.535	0.643803
-2.534	0.635459
-2.533	0.626953
-2.532	0.61829
-2.531	0.609471
-2.53	0.600499
-2.529	0.591381
-2.528	0.582119
-2.527	0.572714
-2.526	0.563176
-2.525	0.553505
-2.524	0.543707
-2.523	0.533786
-2.522	0.523746
-2.521	0.513593
-2.52	0.503334
-2.519	0.492971
-2.518	0.482511
-2.517	0.47196
-2.516	0.461326
-2.515	0.450613
-2.514	0.439829
-2.513	0.428984
-2.512	0.418082
-2.511	0.407133
-2.51	0.396149
-2.509	0.385138
-2.508	0.37411
-2.507	0.363078
-2.506	0.352054
-2.505	0.341052
-2.504	0.33009
-2.503	0.319183
-2.502	0.308351
-2.501	0.297615
-2.5	0.286997
-2.499	0.276527
-2.498	0.266233
-2.497	0.25615
-2.496	0.246315
-2.495	0.236772
-2.494	0.227569
-2.493	0.21876
-2.492	0.210406
-2.491	0.202572
-2.49	0.195331
-2.489	0.188762
-2.488	0.182944
-2.487	0.177956
-2.486	0.173876
-2.485	0.170777
-2.484	0.168714
-2.483	0.167728
-2.482	0.167838
-2.481	0.169047
-2.48	0.171323
-2.479	0.174627
-2.478	0.178898
-2.477	0.184061
-2.476	0.190042
-2.475	0.196756
-2.474	0.204126
-2.473	0.212074
-2.472	0.22053
-2.471	0.229428
-2.47	0.23871
-2.469	0.248324
-2.468	0.258218
-2.467	0.268355
-2.466	0.278695
-2.465	0.289206
-2.464	0.299859
-2.463	0.310626
-2.462	0.321486
-2.461	0.332417
-2.46	0.343401
-2.459	0.35442
-2.458	0.365459
-2.457	0.376505
-2.456	0.387543
-2.455	0.398566
-2.454	0.409559
-2.453	0.420513
-2.452	0.431419
-2.451	0.44227
-2.45	0.453056
-2.449	0.463771
-2.448	0.474407
-2.447	0.484959
-2.446	0.495418
-2.445	0.505781
-2.444	0.51604
-2.443	0.526191
-2.442	0.536228
-2.441	0.546146
-2.44	0.555941
-2.439	0.565609
-2.438	0.575143
-2.437	0.584541
-2.436	0.593801
-2.435	0.602914
-2.434	0.61188
-2.433	0.620694
-2.432	0.629352
-2.431	0.637852
-2.43	0.646189
-2.429	0.654361
-2.428	0.662365
-2.427	0.670199
-2.426	0.677858
-2.425	0.685339
-2.424	0.692641
-2.423	0.699761
-2.422	0.706695
-2.421	0.713443
-2.42	0.720001
-2.419	0.726367
-2.418	0.732539
-2.417	0.738515
-2.416	0.744291
-2.415	0.749868
-2.414	0.755243
-2.413	0.760414
-2.412	0.765378
-2.411	0.770137
-2.41	0.774685
-2.409	0.779023
-2.408	0.783149
-2.407	0.787064
-2.406	0.790761
-2.405	0.794244
-2.404	0.797511
-2.403	0.800558
-2.402	0.803387
-2.401	0.805996
-2.4	0.808385
-2.399	0.810552
-2.398	0.812497
-2.397	0.81422
-2.396	0.815718
-2.395	0.816994
-2.394	0.818044
-2.393	0.818871
-2.392	0.819472
-2.391	0.819849
-2.39	0.82
-2.389	0.819927
-2.388	0.819629
-2.387	0.819105
-2.386	0.818357
-2.385	0.817384
-2.384	0.816186
-2.383	0.814765
-2.382	0.813122
-2.381	0.811255
-2.38	0.809166
-2.379	0.806857
-2.378	0.804325
-2.377	0.801575
-2.376	0.798606
-2.375	0.795418
-2.374	0.792014
-2.373	0.788395
-2.372	0.784561
-2.371	0.780513
-2.37	0.776255
-2.369	0.771784
-2.368	0.767107
-2.367	0.762223
-2.366	0.757132
-2.365	0.751836
-2.364	0.746341
-2.363	0.740645
-2.362	0.734749
-2.361	0.728658
-2.36	0.722375
-2.359	0.7159
-2.358	0.709234
-2.357	0.702383
-2.356	0.695346
-2.355	0.688128
-2.354	0.680732
-2.353	0.673158
-2.352	0.665412
-2.351	0.657494
-2.35	0.649409
-2.349	0.641159
-2.348	0.632748
-2.347	0.624181
-2.346	0.615459
-2.345	0.606586
-2.344	0.597567
-2.343	0.588404
-2.342	0.579101
-2.341	0.569664
-2.34	0.560097
-2.339	0.550404
-2.338	0.54059
-2.337	0.530657
-2.336	0.520615
-2.335	0.510467
-2.334	0.500219
-2.333	0.489876
-2.332	0.479444
-2.331	0.468931
-2.33	0.458342
-2.329	0.447685
-2.328	0.436969
-2.327	0.426202
-2.326	0.415392
-2.325	0.404548
-2.324	0.393682
-2.323	0.382804
-2.322	0.371927
-2.321	0.361061
-2.32	0.350226
-2.319	0.339432
-2.318	0.328699
-2.317	0.318046
-2.316	0.307495
-2.315	0.297068
-2.314	0.286793
-2.313	0.276697
-2.312	0.266814
-2.311	0.257182
-2.31	0.24784
-2.309	0.238834
-2.308	0.230215
-2.307	0.222038
-2.306	0.214363
-2.305	0.207254
-2.304	0.200786
-2.303	0.195024
-2.302	0.19004
-2.301	0.185906
-2.3	0.182681
-2.299	0.18042
-2.298	0.17916
-2.297	0.178927
-2.296	0.179722
-2.295	0.181534
-2.294	0.184327
-2.293	0.188058
-2.292	0.192665
-2.291	0.198085
-2.29	0.204245
-2.289	0.211074
-2.288	0.218504
-2.287	0.226465
-2.286	0.234896
-2.285	0.243739
-2.284	0.252941
-2.283	0.262454
-2.282	0.272236
-2.281	0.282246
-2.28	0.292451
-2.279	0.302823
-2.278	0.313332
-2.277	0.323951
-2.276	0.334661
-2.275	0.345441
-2.274	0.356272
-2.273	0.367138
-2.272	0.378025
-2.271	0.388918
-2.27	0.399807
-2.269	0.410676
-2.268	0.421518
-2.267	0.432323
-2.266	0.44308
-2.265	0.453781
-2.264	0.46442
-2.263	0.474985
-2.262	0.485474
-2.261	0.495879
-2.26	0.50619
-2.259	0.516405
-2.258	0.526518
-2.257	0.536522
-2.256	0.546411
-2.255	0.556183
-2.254	0.565833
-2.253	0.575351
-2.252	0.58474
-2.251	0.593991
-2.25	0.603102
-2.249	0.612068
-2.248	0.620885
-2.247	0.629551
-2.246	0.638061
-2.245	0.646412
-2.244	0.6546
-2.243	0.662623
-2.242	0.670477
-2.241	0.67816
-2.24	0.685668
-2.239	0.692998
-2.238	0.70015
-2.237	0.707117
-2.236	0.7139
-2.235	0.720495
-2.234	0.7269
-2.233	0.733113
-2.232	0.739133
-2.231	0.744955
-2.23	0.750577
-2.229	0.756001
-2.228	0.761221
-2.227	0.766236
-2.226	0.771048
-2.225	0.775652
-2.224	0.780044
-2.223	0.784228
-2.222	0.7882
-2.221	0.791958
-2.22	0.795502
-2.219	0.79883
-2.218	0.801941
-2.217	0.804835
-2.216	0.80751
-2.215	0.809964
-2.214	0.812199
-2.213	0.814212
-2.212	0.816004
-2.211	0.817574
-2.21	0.81892
-2.209	0.820043
-2.208	0.820941
-2.207	0.821617
-2.206	0.822069
-2.205	0.822295
-2.204	0.822298
-2.203	0.822076
-2.202	0.821631
-2.201	0.82096
-2.2	0.820066
-2.199	0.818948
-2.198	0.817608
-2.197	0.816045
-2.196	0.814258
-2.195	0.812252
-2.194	0.810024
-2.193	0.807575
-2.192	0.804907
-2.191	0.802022
-2.19	0.798919
-2.189	0.795599
-2.188	0.792064
-2.187	0.788316
-2.186	0.784355
-2.185	0.780182
-2.184	0.775799
-2.183	0.771209
-2.182	0.766412
-2.181	0.761408
-2.18	0.756202
-2.179	0.750795
-2.178	0.745189
-2.177	0.739383
-2.176	0.733384
-2.175	0.72719
-2.174	0.720806
-2.173	0.714231
-2.172	0.707473
-2.171	0.700529
-2.17	0.693403
-2.169	0.686101
-2.168	0.678622
-2.167	0.67097
-2.166	0.663149
-2.165	0.655159
-2.164	0.647007
-2.163	0.638694
-2.162	0.630225
-2.161	0.621602
-2.16	0.612829
-2.159	0.603911
-2.158	0.594852
-2.157	0.585653
-2.156	0.576321
-2.155	0.56686
-2.154	0.557275
-2.153	0.54757
-2.152	0.537749
-2.151	0.527819
-2.15	0.517786
-2.149	0.507652
-2.148	0.497428
-2.147	0.487117
-2.146	0.476727
-2.145	0.466265
-2.144	0.455737
-2.143	0.445153
-2.142	0.43452
-2.141	0.423848
-2.14	0.413146
-2.139	0.402426
-2.138	0.391696
-2.137	0.380972
-2.136	0.370264
-2.135	0.35959
-2.134	0.348964
-2.133	0.338402
-2.132	0.327925
-2.131	0.317552
-2.13	0.307308
-2.129	0.297219
-2.128	0.287311
-2.127	0.277618
-2.126	0.268175
-2.125	0.259019
-2.124	0.250194
-2.123	0.241747
-2.122	0.233729
-2.121	0.226196
-2.12	0.219204
-2.119	0.212819
-2.118	0.207104
-2.117	0.202118
-2.116	0.19793
-2.115	0.194591
-2.114	0.19215
-2.113	0.190646
-2.112	0.190102
-2.111	0.190527
-2.11	0.191915
-2.109	0.194242
-2.108	0.197474
-2.107	0.201562
-2.106	0.206452
-2.105	0.212084
-2.104	0.218393
-2.103	0.225316
-2.102	0.232791
-2.101	0.240758
-2.1	0.24916
-2.099	0.257947
-2.098	0.267071
-2.097	0.276489
-2.096	0.286161
-2.095	0.296052
-2.094	0.306132
-2.093	0.316367
-2.092	0.326737
-2.091	0.337214
-2.09	0.347777
-2.089	0.358411
-2.088	0.369094
-2.087	0.37981
-2.086	0.390547
-2.085	0.401292
-2.084	0.41203
-2.083	0.422752
-2.082	0.433445
-2.081	0.444099
-2.08	0.454709
-2.079	0.465261
-2.078	0.475752
-2.077	0.486172
-2.076	0.496513
-2.075	0.50677
-2.074	0.516935
-2.073	0.527004
-2.072	0.536969
-2.071	0.546826
-2.07	0.55657
-2.069	0.566195
-2.068	0.575697
-2.067	0.585069
-2.066	0.59431
-2.065	0.603415
-2.064	0.612377
-2.063	0.621196
-2.062	0.629867
-2.061	0.638384
-2.06	0.646745
-2.059	0.654947
-2.058	0.662986
-2.057	0.67086
-2.056	0.678566
-2.055	0.686098
-2.054	0.693456
-2.053	0.700637
-2.052	0.707635
-2.051	0.714452
-2.05	0.721085
-2.049	0.727528
-2.048	0.733781
-2.047	0.739842
-2.046	0.745708
-2.045	0.751378
-2.044	0.756849
-2.043	0.762118
-2.042	0.767186
-2.041	0.772049
-2.04	0.776707
-2.039	0.781156
-2.038	0.785397
-2.037	0.789427
-2.036	0.793245
-2.035	0.79685
-2.034	0.800241
-2.033	0.803415
-2.032	0.806373
-2.031	0.809114
-2.03	0.811637
-2.029	0.81394
-2.028	0.816022
-2.027	0.817884
-2.026	0.819524
-2.025	0.820944
-2.024	0.822139
-2.023	0.823113
-2.022	0.823862
-2.021	0.82439
-2.02	0.824693
-2.019	0.824773
-2.018	0.824629
-2.017	0.824261
-2.016	0.823671
-2.015	0.822857
-2.014	0.82182
-2.013	0.82056
-2.012	0.81908
-2.011	0.817376
-2.01	0.815452
-2.009	0.813308
-2.008	0.810944
-2.007	0.808361
-2.006	0.805561
-2.005	0.802543
-2.004	0.799311
-2.003	0.795864
-2.002	0.792202
-2.001	0.788328
-2	0.784244
-1.999	0.779949
-1.998	0.775448
-1.997	0.77074
-1.996	0.765828
-1.995	0.760712
-1.994	0.755396
-1.993	0.74988
-1.992	0.744167
-1.991	0.738259
-1.99	0.73216
-1.989	0.725867
-1.988	0.719388
-1.987	0.712723
-1.986	0.705874
-1.985	0.698844
-1.984	0.691638
-1.983	0.684255
-1.982	0.6767
-1.981	0.668977
-1.98	0.661086
-1.979	0.653032
-1.978	0.644821
-1.977	0.636452
-1.976	0.627931
-1.975	0.619261
-1.974	0.610447
-1.973	0.601491
-1.972	0.592398
-1.971	0.583174
-1.97	0.573821
-1.969	0.564346
-1.968	0.554751
-1.967	0.545043
-1.966	0.535229
-1.965	0.525311
-1.964	0.515296
-1.963	0.505192
-1.962	0.495003
-1.961	0.484737
-1.96	0.474402
-1.959	0.464003
-1.958	0.453552
-1.957	0.443054
-1.956	0.43252
-1.955	0.42196
-1.954	0.411383
-1.953	0.400804
-1.952	0.39023
-1.951	0.379678
-1.95	0.369163
-1.949	0.358699
-1.948	0.348303
-1.947	0.337996
-1.946	0.327797
-1.945	0.317729
-1.944	0.307816
-1.943	0.298087
-1.942	0.288574
-1.941	0.279306
-1.94	0.270324
-1.939	0.261666
-1.938	0.253376
-1.937	0.245501
-1.936	0.238092
-1.935	0.231203
-1.934	0.224892
-1.933	0.219214
-1.932	0.214225
-1.931	0.209983
-1.93	0.206538
-1.929	0.203934
-1.928	0.202207
-1.927	0.201382
-1.926	0.201471
-1.925	0.202472
-1.924	0.204371
-1.923	0.207142
-1.922	0.210747
-1.921	0.215138
-1.92	0.220267
-1.919	0.226076
-1.918	0.232508
-1.917	0.239506
-1.916	0.247014
-1.915	0.254977
-1.914	0.263349
-1.913	0.27208
-1.912	0.281129
-1.911	0.290454
-1.91	0.300022
-1.909	0.309799
-1.908	0.319754
-1.907	0.329861
-1.906	0.340094
-1.905	0.350434
-1.904	0.360858
-1.903	0.371347
-1.902	0.381886
-1.901	0.392458
-1.9	0.403049
-1.899	0.413647
-1.898	0.424238
-1.897	0.434811
-1.896	0.445358
-1.895	0.455866
-1.894	0.466327
-1.893	0.476736
-1.892	0.487079
-1.891	0.497353
-1.89	0.507548
-1.889	0.517658
-1.888	0.527678
-1.887	0.5376
-1.886	0.547419
-1.885	0.557131
-1.884	0.56673
-1.883	0.576208
-1.882	0.585564
-1.881	0.594791
-1.88	0.603886
-1.879	0.612843
-1.878	0.621659
-1.877	0.630331
-1.876	0.638854
-1.875	0.647224
-1.874	0.655438
-1.873	0.663492
-1.872	0.671384
-1.871	0.679109
-1.87	0.686665
-1.869	0.694049
-1.868	0.701257
-1.867	0.708287
-1.866	0.715138
-1.865	0.721805
-1.864	0.728285
-1.863	0.73458
-1.862	0.740682
-1.861	0.746591
-1.86	0.752307
-1.859	0.757825
-1.858	0.763143
-1.857	0.768263
-1.856	0.773179
-1.855	0.77789
-1.854	0.782396
-1.853	0.786693
-1.852	0.790782
-1.851	0.79466
-1.85	0.798327
-1.849	0.801781
-1.848	0.805019
-1.847	0.808043
-1.846	0.81085
-1.845	0.81344
-1.844	0.815812
-1.843	0.817965
-1.842	0.819897
-1.841	0.821611
-1.84	0.823102
-1.839	0.824372
-1.838	0.825421
-1.837	0.826246
-1.836	0.82685
-1.835	0.82723
-1.834	0.827388
-1.833	0.827324
-1.832	0.827037
-1.831	0.826527
-1.83	0.825793
-1.829	0.824839
-1.828	0.823662
-1.827	0.822265
-1.826	0.820645
-1.825	0.818806
-1.824	0.816746
-1.823	0.814467
-1.822	0.811971
-1.821	0.809258
-1.82	0.806328
-1.819	0.803182
-1.818	0.799823
-1.817	0.796252
-1.816	0.792466
-1.815	0.788472
-1.814	0.784268
-1.813	0.779857
-1.812	0.775241
-1.811	0.770419
-1.81	0.765396
-1.809	0.760172
-1.808	0.75475
-1.807	0.749129
-1.806	0.743316
-1.805	0.73731
-1.804	0.731114
-1.803	0.72473
-1.802	0.718161
-1.801	0.711408
-1.8	0.704476
-1.799	0.697365
-1.798	0.690081
-1.797	0.682625
-1.796	0.675002
-1.795	0.667211
-1.794	0.659258
-1.793	0.651148
-1.792	0.642883
-1.791	0.634464
-1.79	0.625899
-1.789	0.61719
-1.788	0.60834
-1.787	0.599354
-1.786	0.590238
-1.785	0.580995
-1.784	0.57163
-1.783	0.56215
-1.782	0.552556
-1.781	0.542855
-1.78	0.533054
-1.779	0.523159
-1.778	0.513175
-1.777	0.503111
-1.776	0.492969
-1.775	0.482761
-1.774	0.472492
-1.773	0.462173
-1.772	0.451811
-1.771	0.441414
-1.77	0.430994
-1.769	0.420561
-1.768	0.410128
-1.767	0.399705
-1.766	0.389306
-1.765	0.378946
-1.764	0.368641
-1.763	0.358407
-1.762	0.348264
-1.761	0.338231
-1.76	0.328331
-1.759	0.31859
-1.758	0.30903
-1.757	0.299685
-1.756	0.290585
-1.755	0.281763
-1.754	0.273259
-1.753	0.265114
-1.752	0.257371
-1.751	0.250075
-1.75	0.243277
-1.749	0.237029
-1.748	0.231383
-1.747	0.226388
-1.746	0.222096
-1.745	0.218554
-1.744	0.2158
-1.743	0.213872
-1.742	0.212792
-1.741	0.212576
-1.74	0.213225
-1.739	0.214732
-1.738	0.217078
-1.737	0.22023
-1.736	0.224156
-1.735	0.228806
-1.734	0.234136
-1.733	0.240095
-1.732	0.246628
-1.731	0.253685
-1.73	0.261216
-1.729	0.269173
-1.728	0.27751
-1.727	0.286186
-1.726	0.29516
-1.725	0.304397
-1.724	0.313864
-1.723	0.323528
-1.722	0.333364
-1.721	0.343346
-1.72	0.353451
-1.719	0.363655
-1.718	0.373941
-1.717	0.384292
-1.716	0.394689
-1.715	0.405119
-1.714	0.415568
-1.713	0.426019
-1.712	0.436467
-1.711	0.446897
-1.71	0.457297
-1.709	0.467661
-1.708	0.477978
-1.707	0.48824
-1.706	0.498439
-1.705	0.508567
-1.704	0.518616
-1.703	0.528582
-1.702	0.538456
-1.701	0.548233
-1.7	0.557909
-1.699	0.567475
-1.698	0.576927
-1.697	0.586261
-1.696	0.595471
-1.695	0.604552
-1.694	0.613501
-1.693	0.622313
-1.692	0.630983
-1.691	0.639508
-1.69	0.647885
-1.689	0.656108
-1.688	0.664175
-1.687	0.672082
-1.686	0.679825
-1.685	0.687402
-1.684	0.694811
-1.683	0.702047
-1.682	0.709106
-1.681	0.715988
-1.68	0.722689
-1.679	0.729207
-1.678	0.735539
-1.677	0.741682
-1.676	0.747634
-1.675	0.753395
-1.674	0.758959
-1.673	0.764327
-1.672	0.769496
-1.671	0.774464
-1.67	0.779229
-1.669	0.783791
-1.668	0.788146
-1.667	0.792293
-1.666	0.796231
-1.665	0.799959
-1.664	0.803476
-1.663	0.806779
-1.662	0.809869
-1.661	0.812742
-1.66	0.815401
-1.659	0.817841
-1.658	0.820064
-1.657	0.822068
-1.656	0.823853
-1.655	0.825419
-1.654	0.826763
-1.653	0.827885
-1.652	0.828789
-1.651	0.829469
-1.65	0.829928
-1.649	0.830165
-1.648	0.830181
-1.647	0.829973
-1.646	0.829545
-1.645	0.828894
-1.644	0.828022
-1.643	0.826929
-1.642	0.825615
-1.641	0.824079
-1.64	0.822326
-1.639	0.820353
-1.638	0.818161
-1.637	0.815752
-1.636	0.813126
-1.635	0.810285
-1.634	0.807227
-1.633	0.803957
-1.632	0.800475
-1.631	0.796781
-1.63	0.792877
-1.629	0.788764
-1.628	0.784446
-1.627	0.779922
-1.626	0.775193
-1.625	0.770263
-1.624	0.765132
-1.623	0.759804
-1.622	0.754278
-1.621	0.74856
-1.62	0.742649
-1.619	0.73655
-1.618	0.730262
-1.617	0.72379
-1.616	0.717135
-1.615	0.710301
-1.614	0.70329
-1.613	0.696105
-1.612	0.688749
-1.611	0.681225
-1.61	0.673537
-1.609	0.665685
-1.608	0.657678
-1.607	0.649516
-1.606	0.641202
-1.605	0.632741
-1.604	0.624139
-1.603	0.615397
-1.602	0.60652
-1.601	0.597514
-1.6	0.588381
-1.599	0.579128
-1.598	0.569759
-1.597	0.56028
-1.596	0.550698
-1.595	0.541014
-1.594	0.531237
-1.593	0.521376
-1.592	0.511434
-1.591	0.501419
-1.59	0.491337
-1.589	0.481199
-1.588	0.471011
-1.587	0.460782
-1.586	0.450522
-1.585	0.440242
-1.584	0.429951
-1.583	0.419662
-1.582	0.409387
-1.581	0.399138
-1.58	0.388931
-1.579	0.378781
-1.578	0.368704
-1.577	0.358722
-1.576	0.34885
-1.575	0.339112
-1.574	0.329531
-1.573	0.320135
-1.572	0.310949
-1.571	0.302006
-1.57	0.293336
-1.569	0.284976
-1.568	0.276964
-1.567	0.269341
-1.566	0.26215
-1.565	0.255436
-1.564	0.249246
-1.563	0.243626
-1.562	0.238625
-1.561	0.234286
-1.56	0.230656
-1.559	0.227768
-1.558	0.225658
-1.557	0.224348
-1.556	0.223854
-1.555	0.224182
-1.554	0.225331
-1.553	0.227283
-1.552	0.230017
-1.551	0.233503
-1.55	0.237705
-1.549	0.242579
-1.548	0.248082
-1.547	0.254165
-1.546	0.260783
-1.545	0.267889
-1.544	0.275434
-1.543	0.283377
-1.542	0.29168
-1.541	0.300298
-1.54	0.309202
-1.539	0.318351
-1.538	0.327719
-1.537	0.337277
-1.536	0.346998
-1.535	0.356858
-1.534	0.366836
-1.533	0.376911
-1.532	0.387063
-1.531	0.397278
-1.53	0.407538
-1.529	0.417827
-1.528	0.428134
-1.527	0.438446
-1.526	0.448751
-1.525	0.459036
-1.524	0.469295
-1.523	0.479515
-1.522	0.489688
-1.521	0.499806
-1.52	0.509859
-1.519	0.519844
-1.518	0.52975
-1.517	0.539571
-1.516	0.549301
-1.515	0.558935
-1.514	0.568464
-1.513	0.577885
-1.512	0.587193
-1.511	0.596381
-1.51	0.605446
-1.509	0.614382
-1.508	0.623186
-1.507	0.631852
-1.506	0.640376
-1.505	0.648755
-1.504	0.656985
-1.503	0.66506
-1.502	0.672981
-1.501	0.680741
-1.5	0.688336
-1.499	0.695767
-1.498	0.703028
-1.497	0.710115
-1.496	0.717026
-1.495	0.72376
-1.494	0.730311
-1.493	0.736681
-1.492	0.742863
-1.491	0.748857
-1.49	0.754661
-1.489	0.760271
-1.488	0.765686
-1.487	0.770904
-1.486	0.775923
-1.485	0.780742
-1.484	0.785356
-1.483	0.789768
-1.482	0.793973
-1.481	0.797971
-1.48	0.801759
-1.479	0.805338
-1.478	0.808705
-1.477	0.81186
-1.476	0.8148
-1.475	0.817524
-1.474	0.820035
-1.473	0.822327
-1.472	0.824402
-1.471	0.826259
-1.47	0.827899
-1.469	0.829317
-1.468	0.830516
-1.467	0.831494
-1.466	0.832252
-1.465	0.832788
-1.464	0.833105
-1.463	0.8332
-1.462	0.833073
-1.461	0.832725
-1.46	0.832156
-1.459	0.831368
-1.458	0.830358
-1.457	0.829128
-1.456	0.827679
-1.455	0.826011
-1.454	0.824124
-1.453	0.822019
-1.452	0.819697
-1.451	0.81716
-1.45	0.814406
-1.449	0.81144
-1.448	0.808259
-1.447	0.804867
-1.446	0.801263
-1.445	0.797451
-1.444	0.79343
-1.443	0.789204
-1.442	0.784772
-1.441	0.780137
-1.44	0.7753
-1.439	0.770265
-1.438	0.76503
-1.437	0.759602
-1.436	0.753979
-1.435	0.748165
-1.434	0.742162
-1.433	0.735971
-1.432	0.729596
-1.431	0.72304
-1.43	0.716305
-1.429	0.709394
-1.428	0.702309
-1.427	0.695054
-1.426	0.687633
-1.425	0.680045
-1.424	0.672298
-1.423	0.664393
-1.422	0.656336
-1.421	0.648126
-1.42	0.639773
-1.419	0.631277
-1.418	0.622643
-1.417	0.613876
-1.416	0.60498
-1.415	0.595959
-1.414	0.586818
-1.413	0.577563
-1.412	0.5682
-1.411	0.558733
-1.41	0.549169
-1.409	0.539511
-1.408	0.529773
-1.407	0.519953
-1.406	0.510063
-1.405	0.500109
-1.404	0.4901
-1.403	0.480044
-1.402	0.469949
-1.401	0.459825
-1.4	0.449682
-1.399	0.439531
-1.398	0.429385
-1.397	0.419256
-1.396	0.409153
-1.395	0.399097
-1.394	0.389098
-1.393	0.379175
-1.392	0.369347
-1.391	0.359633
-1.39	0.350051
-1.389	0.340627
-1.388	0.331385
-1.387	0.322351
-1.386	0.313555
-1.385	0.30503
-1.384	0.296804
-1.383	0.28892
-1.382	0.281409
-1.381	0.274313
-1.38	0.267675
-1.379	0.26154
-1.378	0.255945
-1.377	0.250938
-1.376	0.246559
-1.375	0.242847
-1.374	0.239839
-1.373	0.237563
-1.372	0.236044
-1.371	0.235299
-1.37	0.235337
-1.369	0.236154
-1.368	0.237745
-1.367	0.240093
-1.366	0.24317
-1.365	0.246948
-1.364	0.251389
-1.363	0.256457
-1.362	0.262107
-1.361	0.268298
-1.36	0.274986
-1.359	0.282129
-1.358	0.289683
-1.357	0.297612
-1.356	0.305874
-1.355	0.314438
-1.354	0.323269
-1.353	0.332334
-1.352	0.341607
-1.351	0.35106
-1.35	0.360669
-1.349	0.370412
-1.348	0.380267
-1.347	0.390215
-1.346	0.400237
-1.345	0.410318
-1.344	0.420442
-1.343	0.430595
-1.342	0.440763
-1.341	0.450936
-1.34	0.461101
-1.339	0.471244
-1.338	0.481361
-1.337	0.491438
-1.336	0.50147
-1.335	0.511443
-1.334	0.521355
-1.333	0.531195
-1.332	0.540959
-1.331	0.550635
-1.33	0.560222
-1.329	0.56971
-1.328	0.579097
-1.327	0.588372
-1.326	0.597536
-1.325	0.606579
-1.324	0.615499
-1.323	0.62429
-1.322	0.632949
-1.321	0.641468
-1.32	0.649847
-1.319	0.658079
-1.318	0.666162
-1.317	0.674092
-1.316	0.681865
-1.315	0.689477
-1.314	0.696927
-1.313	0.704209
-1.312	0.711321
-1.311	0.718262
-1.31	0.725023
-1.309	0.731609
-1.308	0.738011
-1.307	0.744232
-1.306	0.750266
-1.305	0.756111
-1.304	0.761764
-1.303	0.767226
-1.302	0.772491
-1.301	0.777561
-1.3	0.782429
-1.299	0.787099
-1.298	0.791564
-1.297	0.795826
-1.296	0.799881
-1.295	0.803731
-1.294	0.807369
-1.293	0.810799
-1.292	0.814017
-1.291	0.817023
-1.29	0.819813
-1.289	0.822391
-1.288	0.824754
-1.287	0.826899
-1.286	0.828829
-1.285	0.830538
-1.284	0.832031
-1.283	0.833304
-1.282	0.834359
-1.281	0.835192
-1.28	0.835807
-1.279	0.836201
-1.278	0.836376
-1.277	0.83633
-1.276	0.836064
-1.275	0.835575
-1.274	0.834871
-1.273	0.833943
-1.272	0.832798
-1.271	0.831433
-1.27	0.829851
-1.269	0.828049
-1.268	0.826033
-1.267	0.823797
-1.266	0.821349
-1.265	0.818684
-1.264	0.815806
-1.263	0.812715
-1.262	0.809414
-1.261	0.805901
-1.26	0.80218
-1.259	0.798252
-1.258	0.794117
-1.257	0.789781
-1.256	0.785237
-1.255	0.780496
-1.254	0.775554
-1.253	0.770416
-1.252	0.765081
-1.251	0.759555
-1.25	0.753837
-1.249	0.747932
-1.248	0.741838
-1.247	0.735563
-1.246	0.729104
-1.245	0.72247
-1.244	0.715658
-1.243	0.708675
-1.242	0.701519
-1.241	0.694202
-1.24	0.686716
-1.239	0.679073
-1.238	0.671273
-1.237	0.663321
-1.236	0.655217
-1.235	0.64697
-1.234	0.638582
-1.233	0.630056
-1.232	0.621399
-1.231	0.612612
-1.23	0.603704
-1.229	0.594676
-1.228	0.585537
-1.227	0.576288
-1.226	0.566939
-1.225	0.557493
-1.224	0.547958
-1.223	0.538337
-1.222	0.528643
-1.221	0.518876
-1.22	0.509051
-1.219	0.499169
-1.218	0.489245
-1.217	0.479281
-1.216	0.469294
-1.215	0.459287
-1.214	0.449277
-1.213	0.43927
-1.212	0.429285
-1.211	0.419327
-1.21	0.409417
-1.209	0.399567
-1.208	0.389793
-1.207	0.380116
-1.206	0.370552
-1.205	0.361122
-1.204	0.351849
-1.203	0.342757
-1.202	0.333868
-1.201	0.325214
-1.2	0.316822
-1.199	0.308727
-1.198	0.300959
-1.197	0.293554
-1.196	0.286549
-1.195	0.279984
-1.194	0.273896
-1.193	0.268327
-1.192	0.263315
-1.191	0.258902
-1.19	0.255117
-1.189	0.251999
-1.188	0.249574
-1.187	0.247868
-1.186	0.246895
-1.185	0.246666
-1.184	0.247184
-1.183	0.248443
-1.182	0.25043
-1.181	0.253127
-1.18	0.256507
-1.179	0.260541
-1.178	0.265194
-1.177	0.27043
-1.176	0.276208
-1.175	0.282491
-1.174	0.289238
-1.173	0.29641
-1.172	0.303968
-1.171	0.311876
-1.17	0.3201
-1.169	0.328607
-1.168	0.337368
-1.167	0.346351
-1.166	0.35553
-1.165	0.364883
-1.164	0.374383
-1.163	0.384011
-1.162	0.393744
-1.161	0.403569
-1.16	0.413463
-1.159	0.423413
-1.158	0.433403
-1.157	0.443422
-1.156	0.453455
-1.155	0.46349
-1.154	0.473514
-1.153	0.48352
-1.152	0.493495
-1.151	0.503432
-1.15	0.51332
-1.149	0.523154
-1.148	0.532922
-1.147	0.542619
-1.146	0.552239
-1.145	0.561772
-1.144	0.571216
-1.143	0.58056
-1.142	0.589802
-1.141	0.598933
-1.14	0.607953
-1.139	0.61685
-1.138	0.625626
-1.137	0.63427
-1.136	0.642784
-1.135	0.651157
-1.134	0.659391
-1.133	0.667475
-1.132	0.675414
-1.131	0.683195
-1.13	0.690823
-1.129	0.698287
-1.128	0.705589
-1.127	0.712722
-1.126	0.719688
-1.125	0.726477
-1.124	0.733093
-1.123	0.739529
-1.122	0.745784
-1.121	0.751855
-1.12	0.757741
-1.119	0.763436
-1.118	0.76894
-1.117	0.774253
-1.116	0.779369
-1.115	0.784288
-1.114	0.789007
-1.113	0.793528
-1.112	0.797843
-1.111	0.801957
-1.11	0.805863
-1.109	0.809563
-1.108	0.813052
-1.107	0.816335
-1.106	0.819402
-1.105	0.822261
-1.104	0.824904
-1.103	0.827336
-1.102	0.829549
-1.101	0.83155
-1.1	0.833332
-1.099	0.834897
-1.098	0.836243
-1.097	0.837373
-1.096	0.838283
-1.095	0.838975
-1.094	0.839447
-1.093	0.8397
-1.092	0.839734
-1.091	0.839548
-1.09	0.839143
-1.089	0.838518
-1.088	0.837676
-1.087	0.836613
-1.086	0.835334
-1.085	0.833836
-1.084	0.832122
-1.083	0.83019
-1.082	0.828044
-1.081	0.82568
-1.08	0.823105
-1.079	0.820315
-1.078	0.817317
-1.077	0.814104
-1.076	0.810683
-1.075	0.807054
-1.074	0.803218
-1.073	0.799175
-1.072	0.794931
-1.071	0.790483
-1.07	0.785835
-1.069	0.780988
-1.068	0.775945
-1.067	0.770707
-1.066	0.765276
-1.065	0.759656
-1.064	0.753847
-1.063	0.747853
-1.062	0.741675
-1.061	0.735317
-1.06	0.728781
-1.059	0.722071
-1.058	0.715187
-1.057	0.708136
-1.056	0.700918
-1.055	0.693538
-1.054	0.685996
-1.053	0.678303
-1.052	0.670454
-1.051	0.662459
-1.05	0.654317
-1.049	0.646039
-1.048	0.637621
-1.047	0.629074
-1.046	0.620399
-1.045	0.611602
-1.044	0.602687
-1.043	0.593663
-1.042	0.58453
-1.041	0.575298
-1.04	0.56597
-1.039	0.556554
-1.038	0.547056
-1.037	0.537484
-1.036	0.527843
-1.035	0.518143
-1.034	0.50839
-1.033	0.498594
-1.032	0.488764
-1.031	0.478908
-1.03	0.469039
-1.029	0.459164
-1.028	0.449299
-1.027	0.439452
-1.026	0.429639
-1.025	0.419871
-1.024	0.410167
-1.023	0.400539
-1.022	0.391008
-1.021	0.38159
-1.02	0.372308
-1.019	0.363178
-1.018	0.354229
-1.017	0.34548
-1.016	0.336963
-1.015	0.3287
-1.014	0.320725
-1.013	0.313068
-1.012	0.305764
-1.011	0.298843
-1.01	0.292346
-1.009	0.286306
-1.008	0.28076
-1.007	0.275745
-1.006	0.271299
-1.005	0.267452
-1.004	0.264236
-1.003	0.261679
-1.002	0.259801
-1.001	0.258621
-1	0.258151
-0.999	0.258393
-0.998	0.259347
-0.997	0.261002
-0.996	0.263345
-0.995	0.266353
-0.994	0.270003
-0.993	0.274264
-0.992	0.279105
-0.991	0.284486
-0.99	0.290378
-0.989	0.29674
-0.988	0.303534
-0.987	0.310727
-0.986	0.318285
-0.985	0.326172
-0.984	0.334355
-0.983	0.342807
-0.982	0.351498
-0.981	0.3604
-0.98	0.369489
-0.979	0.378742
-0.978	0.388136
-0.977	0.39765
-0.976	0.407267
-0.975	0.416971
-0.974	0.426739
-0.973	0.436562
-0.972	0.446423
-0.971	0.456308
-0.97	0.466205
-0.969	0.476104
-0.968	0.48599
-0.967	0.495858
-0.966	0.505693
-0.965	0.51549
-0.964	0.525238
-0.963	0.534931
-0.962	0.544557
-0.961	0.554112
-0.96	0.563587
-0.959	0.572979
-0.958	0.582277
-0.957	0.591479
-0.956	0.600576
-0.955	0.609564
-0.954	0.618437
-0.953	0.627192
-0.952	0.63582
-0.951	0.644321
-0.95	0.652687
-0.949	0.660913
-0.948	0.669001
-0.947	0.676941
-0.946	0.684731
-0.945	0.692365
-0.944	0.699845
-0.943	0.707161
-0.942	0.714316
-0.941	0.721302
-0.94	0.728119
-0.939	0.734759
-0.938	0.741227
-0.937	0.747514
-0.936	0.753621
-0.935	0.759542
-0.934	0.765278
-0.933	0.770824
-0.932	0.77618
-0.931	0.781341
-0.93	0.78631
-0.929	0.791079
-0.928	0.79565
-0.927	0.800019
-0.926	0.804187
-0.925	0.80815
-0.924	0.811908
-0.923	0.815458
-0.922	0.818801
-0.921	0.821934
-0.92	0.824856
-0.919	0.827566
-0.918	0.830063
-0.917	0.832346
-0.916	0.834413
-0.915	0.836268
-0.914	0.837904
-0.913	0.839325
-0.912	0.840527
-0.911	0.841515
-0.91	0.84228
-0.909	0.842832
-0.908	0.843162
-0.907	0.843276
-0.906	0.843169
-0.905	0.842845
-0.904	0.842302
-0.903	0.841542
-0.902	0.840563
-0.901	0.839369
-0.9	0.837955
-0.899	0.836327
-0.898	0.834481
-0.897	0.832422
-0.896	0.830147
-0.895	0.82766
-0.894	0.824961
-0.893	0.822049
-0.892	0.818929
-0.891	0.815598
-0.89	0.812061
-0.889	0.808316
-0.888	0.804368
-0.887	0.800214
-0.886	0.795861
-0.885	0.791308
-0.884	0.786557
-0.883	0.781608
-0.882	0.776468
-0.881	0.771132
-0.88	0.76561
-0.879	0.759898
-0.878	0.754003
-0.877	0.747924
-0.876	0.741667
-0.875	0.735231
-0.874	0.728622
-0.873	0.721839
-0.872	0.71489
-0.871	0.707774
-0.87	0.700497
-0.869	0.693061
-0.868	0.685471
-0.867	0.677729
-0.866	0.669839
-0.865	0.661808
-0.864	0.653635
-0.863	0.645329
-0.862	0.636891
-0.861	0.628328
-0.86	0.619642
-0.859	0.610842
-0.858	0.601931
-0.857	0.592915
-0.856	0.5838
-0.855	0.574592
-0.854	0.565294
-0.853	0.555919
-0.852	0.546468
-0.851	0.536952
-0.85	0.527377
-0.849	0.517754
-0.848	0.508086
-0.847	0.498387
-0.846	0.488663
-0.845	0.478927
-0.844	0.469188
-0.843	0.459459
-0.842	0.449751
-0.841	0.440077
-0.84	0.430452
-0.839	0.420888
-0.838	0.411403
-0.837	0.402014
-0.836	0.392741
-0.835	0.383597
-0.834	0.374609
-0.833	0.365796
-0.832	0.357182
-0.831	0.348791
-0.83	0.340654
-0.829	0.332794
-0.828	0.325244
-0.827	0.318032
-0.826	0.311193
-0.825	0.304757
-0.824	0.298764
-0.823	0.293242
-0.822	0.288226
-0.821	0.283751
-0.82	0.279847
-0.819	0.276542
-0.818	0.273865
-0.817	0.271833
-0.816	0.270465
-0.815	0.269774
-0.814	0.269763
-0.813	0.270435
-0.812	0.271785
-0.811	0.273799
-0.81	0.276461
-0.809	0.279749
-0.808	0.283639
-0.807	0.288101
-0.806	0.293105
-0.805	0.298617
-0.804	0.304606
-0.803	0.311034
-0.802	0.317871
-0.801	0.32508
-0.8	0.332632
-0.799	0.340495
-0.798	0.348638
-0.797	0.357034
-0.796	0.365657
-0.795	0.374479
-0.794	0.383479
-0.793	0.392636
-0.792	0.401926
-0.791	0.411331
-0.79	0.420834
-0.789	0.430415
-0.788	0.440063
-0.787	0.44976
-0.786	0.459491
-0.785	0.469244
-0.784	0.47901
-0.783	0.488773
-0.782	0.498525
-0.781	0.508255
-0.78	0.517953
-0.779	0.527611
-0.778	0.537219
-0.777	0.54677
-0.776	0.556255
-0.775	0.565668
-0.774	0.575001
-0.773	0.58425
-0.772	0.593406
-0.771	0.602463
-0.77	0.611416
-0.769	0.62026
-0.768	0.628989
-0.767	0.637597
-0.766	0.646081
-0.765	0.654435
-0.764	0.662654
-0.763	0.670737
-0.762	0.678676
-0.761	0.686469
-0.76	0.694112
-0.759	0.7016
-0.758	0.70893
-0.757	0.7161
-0.756	0.723105
-0.755	0.729943
-0.754	0.736611
-0.753	0.743104
-0.752	0.749423
-0.751	0.75556
-0.75	0.761518
-0.749	0.767289
-0.748	0.772876
-0.747	0.778273
-0.746	0.78348
-0.745	0.788491
-0.744	0.79331
-0.743	0.79793
-0.742	0.802352
-0.741	0.806572
-0.74	0.810591
-0.739	0.814405
-0.738	0.818014
-0.737	0.821416
-0.736	0.824611
-0.735	0.827595
-0.734	0.83037
-0.733	0.832932
-0.732	0.835283
-0.731	0.83742
-0.73	0.839343
-0.729	0.84105
-0.728	0.842543
-0.727	0.84382
-0.726	0.844879
-0.725	0.845722
-0.724	0.846348
-0.723	0.846757
-0.722	0.846948
-0.721	0.846922
-0.72	0.846677
-0.719	0.846217
-0.718	0.845538
-0.717	0.844642
-0.716	0.84353
-0.715	0.842202
-0.714	0.840658
-0.713	0.8389
-0.712	0.836926
-0.711	0.83474
-0.71	0.83234
-0.709	0.829731
-0.708	0.826908
-0.707	0.823879
-0.706	0.82064
-0.705	0.817193
-0.704	0.813539
-0.703	0.809684
-0.702	0.805626
-0.701	0.801365
-0.7	0.796907
-0.699	0.792251
-0.698	0.787398
-0.697	0.782353
-0.696	0.777117
-0.695	0.77169
-0.694	0.766077
-0.693	0.76028
-0.692	0.754301
-0.691	0.748142
-0.69	0.741809
-0.689	0.735299
-0.688	0.728619
-0.687	0.721772
-0.686	0.714762
-0.685	0.707586
-0.684	0.700257
-0.683	0.692771
-0.682	0.685135
-0.681	0.677353
-0.68	0.669429
-0.679	0.661365
-0.678	0.653168
-0.677	0.644842
-0.676	0.63639
-0.675	0.627818
-0.674	0.619131
-0.673	0.610335
-0.672	0.601435
-0.671	0.592436
-0.67	0.583346
-0.669	0.57417
-0.668	0.564914
-0.667	0.555587
-0.666	0.546195
-0.665	0.536746
-0.664	0.527247
-0.663	0.51771
-0.662	0.508139
-0.661	0.498548
-0.66	0.488943
-0.659	0.479339
-0.658	0.469744
-0.657	0.460173
-0.656	0.450636
-0.655	0.441149
-0.654	0.431725
-0.653	0.422379
-0.652	0.413129
-0.651	0.403992
-0.65	0.394986
-0.649	0.386133
-0.648	0.377453
-0.647	0.368967
-0.646	0.360701
-0.645	0.352679
-0.644	0.34493
-0.643	0.337479
-0.642	0.330359
-0.641	0.323596
-0.64	0.317222
-0.639	0.31127
-0.638	0.305772
-0.637	0.300756
-0.636	0.29626
-0.635	0.292303
-0.634	0.288919
-0.633	0.28613
-0.632	0.283958
-0.631	0.282418
-0.63	0.281526
-0.629	0.281283
-0.628	0.281697
-0.627	0.282762
-0.626	0.284469
-0.625	0.286807
-0.624	0.289756
-0.623	0.293295
-0.622	0.297399
-0.621	0.302041
-0.62	0.30719
-0.619	0.312817
-0.618	0.318889
-0.617	0.325377
-0.616	0.332245
-0.615	0.339466
-0.614	0.347008
-0.613	0.354844
-0.612	0.362946
-0.611	0.371287
-0.61	0.379841
-0.609	0.388585
-0.608	0.397499
-0.607	0.40656
-0.606	0.415748
-0.605	0.425046
-0.604	0.434436
-0.603	0.443902
-0.602	0.453428
-0.601	0.463
-0.6	0.472606
-0.599	0.48223
-0.598	0.491865
-0.597	0.501495
-0.596	0.511113
-0.595	0.520705
-0.594	0.530267
-0.593	0.539785
-0.592	0.549255
-0.591	0.558666
-0.59	0.568011
-0.589	0.577282
-0.588	0.586476
-0.587	0.595581
-0.586	0.604594
-0.585	0.613507
-0.584	0.622317
-0.583	0.631016
-0.582	0.6396
-0.581	0.648064
-0.58	0.656401
-0.579	0.664611
-0.578	0.672685
-0.577	0.68062
-0.576	0.688411
-0.575	0.696058
-0.574	0.703552
-0.573	0.710894
-0.572	0.718076
-0.571	0.725099
-0.57	0.731955
-0.569	0.738645
-0.568	0.745163
-0.567	0.751509
-0.566	0.757677
-0.565	0.763667
-0.564	0.769473
-0.563	0.775097
-0.562	0.780534
-0.561	0.785782
-0.56	0.790839
-0.559	0.795702
-0.558	0.80037
-0.557	0.804842
-0.556	0.809114
-0.555	0.813186
-0.554	0.817055
-0.553	0.820721
-0.552	0.824183
-0.551	0.827435
-0.55	0.830482
-0.549	0.83332
-0.548	0.835947
-0.547	0.838362
-0.546	0.840568
-0.545	0.842558
-0.544	0.844336
-0.543	0.845899
-0.542	0.847249
-0.541	0.848382
-0.54	0.849299
-0.539	0.850001
-0.538	0.850486
-0.537	0.850755
-0.536	0.850807
-0.535	0.850643
-0.534	0.850262
-0.533	0.849664
-0.532	0.848852
-0.531	0.847822
-0.53	0.846578
-0.529	0.84512
-0.528	0.843447
-0.527	0.84156
-0.526	0.83946
-0.525	0.83715
-0.524	0.834627
-0.523	0.831895
-0.522	0.828954
-0.521	0.825806
-0.52	0.822451
-0.519	0.818891
-0.518	0.815126
-0.517	0.811162
-0.516	0.806996
-0.515	0.802631
-0.514	0.79807
-0.513	0.793314
-0.512	0.788365
-0.511	0.783224
-0.51	0.777897
-0.509	0.772382
-0.508	0.766683
-0.507	0.760804
-0.506	0.754745
-0.505	0.748511
-0.504	0.742103
-0.503	0.735525
-0.502	0.728781
-0.501	0.721873
-0.5	0.714803
-0.499	0.707578
-0.498	0.700199
-0.497	0.692669
-0.496	0.684995
-0.495	0.677177
-0.494	0.669224
-0.493	0.661135
-0.492	0.65292
-0.491	0.64458
-0.49	0.636121
-0.489	0.627548
-0.488	0.618867
-0.487	0.610083
-0.486	0.601202
-0.485	0.59223
-0.484	0.583172
-0.483	0.574037
-0.482	0.564832
-0.481	0.555564
-0.48	0.546239
-0.479	0.536867
-0.478	0.527457
-0.477	0.518014
-0.476	0.508552
-0.475	0.49908
-0.474	0.489607
-0.473	0.480147
-0.472	0.470708
-0.471	0.461307
-0.47	0.451955
-0.469	0.442666
-0.468	0.433456
-0.467	0.424343
-0.466	0.415339
-0.465	0.406466
-0.464	0.397743
-0.463	0.38919
-0.462	0.380829
-0.461	0.372682
-0.46	0.364773
-0.459	0.357129
-0.458	0.349774
-0.457	0.342739
-0.456	0.336049
-0.455	0.329736
-0.454	0.323825
-0.453	0.318349
-0.452	0.313336
-0.451	0.308816
-0.45	0.304816
-0.449	0.30136
-0.448	0.298472
-0.447	0.296171
-0.446	0.294476
-0.445	0.293396
-0.444	0.292942
-0.443	0.293116
-0.442	0.29392
-0.441	0.295342
-0.44	0.297376
-0.439	0.300006
-0.438	0.303215
-0.437	0.306979
-0.436	0.311275
-0.435	0.316076
-0.434	0.321355
-0.433	0.32708
-0.432	0.333227
-0.431	0.339763
-0.43	0.346658
-0.429	0.353885
-0.428	0.361415
-0.427	0.369223
-0.426	0.377281
-0.425	0.385566
-0.424	0.394052
-0.423	0.40272
-0.422	0.411549
-0.421	0.420516
-0.42	0.429604
-0.419	0.438796
-0.418	0.448076
-0.417	0.457426
-0.416	0.466833
-0.415	0.476284
-0.414	0.485763
-0.413	0.495261
-0.412	0.504765
-0.411	0.514264
-0.41	0.523748
-0.409	0.533207
-0.408	0.542632
-0.407	0.552013
-0.406	0.561344
-0.405	0.570616
-0.404	0.579822
-0.403	0.588953
-0.402	0.598004
-0.401	0.606967
-0.4	0.615837
-0.399	0.624607
-0.398	0.633273
-0.397	0.641828
-0.396	0.650267
-0.395	0.658585
-0.394	0.666778
-0.393	0.674841
-0.392	0.68277
-0.391	0.690557
-0.39	0.698203
-0.389	0.705702
-0.388	0.71305
-0.387	0.720243
-0.386	0.727279
-0.385	0.734152
-0.384	0.740861
-0.383	0.747402
-0.382	0.753771
-0.381	0.759968
-0.38	0.765987
-0.379	0.771828
-0.378	0.777486
-0.377	0.782961
-0.376	0.788248
-0.375	0.793347
-0.374	0.798254
-0.373	0.802968
-0.372	0.807488
-0.371	0.81181
-0.37	0.815934
-0.369	0.819857
-0.368	0.823578
-0.367	0.827097
-0.366	0.830409
-0.365	0.833515
-0.364	0.836414
-0.363	0.839105
-0.362	0.841584
-0.361	0.843856
-0.36	0.845915
-0.359	0.847761
-0.358	0.849395
-0.357	0.850815
-0.356	0.852021
-0.355	0.853011
-0.354	0.853788
-0.353	0.854349
-0.352	0.854694
-0.351	0.854825
-0.35	0.854739
-0.349	0.854527
-0.348	0.854282
-0.347	0.854005
-0.346	0.853692
-0.345	0.853347
-0.344	0.85297
-0.343	0.852559
-0.342	0.852114
-0.341	0.851636
-0.34	0.851126
-0.339	0.850574
-0.338	0.84997
-0.337	0.849316
-0.336	0.84861
-0.335	0.847853
-0.334	0.847045
-0.333	0.846187
-0.332	0.845279
-0.331	0.84432
-0.33	0.843311
-0.329	0.842251
-0.328	0.841144
-0.327	0.839984
-0.326	0.838777
-0.325	0.837521
-0.324	0.836217
-0.323	0.834864
-0.322	0.833464
-0.321	0.832014
-0.32	0.830517
-0.319	0.828975
-0.318	0.827384
-0.317	0.825748
-0.316	0.824065
-0.315	0.822336
-0.314	0.820563
-0.313	0.818742
-0.312	0.81688
-0.311	0.814974
-0.31	0.813022
-0.309	0.811028
-0.308	0.808991
-0.307	0.806911
-0.306	0.804788
-0.305	0.802627
-0.304	0.800422
-0.303	0.798179
-0.302	0.795896
-0.301	0.793574
-0.3	0.791211
-0.299	0.788812
-0.298	0.786374
-0.297	0.7839
-0.296	0.781389
-0.295	0.778843
-0.294	0.77626
-0.293	0.773646
-0.292	0.770995
-0.291	0.768313
-0.29	0.765597
-0.289	0.762849
-0.288	0.760073
-0.287	0.757264
-0.286	0.754427
-0.285	0.751561
-0.284	0.748667
-0.283	0.745744
-0.282	0.742797
-0.281	0.739824
-0.28	0.736825
-0.279	0.733805
-0.278	0.73076
-0.277	0.727693
-0.276	0.724605
-0.275	0.721497
-0.274	0.71837
-0.273	0.715225
-0.272	0.712062
-0.271	0.708883
-0.27	0.705688
-0.269	0.702481
-0.268	0.699259
-0.267	0.696025
-0.266	0.69278
-0.265	0.689525
-0.264	0.686263
-0.263	0.68299
-0.262	0.679713
-0.261	0.67643
-0.26	0.673143
-0.259	0.669857
-0.258	0.666575
-0.257	0.6633
-0.256	0.66003
-0.255	0.656773
-0.254	0.653523
-0.253	0.650286
-0.252	0.647062
-0.251	0.643853
-0.25	0.640659
-0.249	0.637484
-0.248	0.634325
-0.247	0.631188
-0.246	0.628072
-0.245	0.62498
-0.244	0.621914
-0.243	0.618872
-0.242	0.615859
-0.241	0.612875
-0.24	0.609922
-0.239	0.607003
-0.238	0.604118
-0.237	0.601266
-0.236	0.598454
-0.235	0.595679
-0.234	0.592946
-0.233	0.590256
-0.232	0.587608
-0.231	0.585006
-0.23	0.582451
-0.229	0.579943
-0.228	0.577488
-0.227	0.575083
-0.226	0.572734
-0.225	0.570439
-0.224	0.5682
-0.223	0.566019
-0.222	0.563897
-0.221	0.561837
-0.22	0.559841
-0.219	0.557908
-0.218	0.556041
-0.217	0.554241
-0.216	0.552509
-0.215	0.550846
-0.214	0.549256
-0.213	0.547738
-0.212	0.546294
-0.211	0.544924
-0.21	0.54363
-0.209	0.542414
-0.208	0.541275
-0.207	0.540215
-0.206	0.539235
-0.205	0.538337
-0.204	0.537521
-0.203	0.536787
-0.202	0.536138
-0.201	0.535571
-0.2	0.53509
-0.199	0.534692
-0.198	0.534381
-0.197	0.534155
-0.196	0.534016
-0.195	0.533963
-0.194	0.533996
-0.193	0.534117
-0.192	0.534323
-0.191	0.534616
-0.19	0.534995
-0.189	0.53546
-0.188	0.536012
-0.187	0.536649
-0.186	0.537372
-0.185	0.53818
-0.184	0.539071
-0.183	0.540046
-0.182	0.541105
-0.181	0.542245
-0.18	0.543467
-0.179	0.54477
-0.178	0.54616
-0.177	0.547628
-0.176	0.549181
-0.175	0.550813
-0.174	0.552525
-0.173	0.554315
-0.172	0.556182
-0.171	0.558125
-0.17	0.560142
-0.169	0.562233
-0.168	0.564394
-0.167	0.566627
-0.166	0.568929
-0.165	0.571299
-0.164	0.573734
-0.163	0.576235
-0.162	0.578798
-0.161	0.581422
-0.16	0.584105
-0.159	0.586848
-0.158	0.589646
-0.157	0.592499
-0.156	0.595408
-0.155	0.598367
-0.154	0.601377
-0.153	0.604436
-0.152	0.607543
-0.151	0.610694
-0.15	0.613889
-0.149	0.617126
-0.148	0.620404
-0.147	0.623722
-0.146	0.627077
-0.145	0.630469
-0.144	0.633895
-0.143	0.637353
-0.142	0.640843
-0.141	0.644364
-0.14	0.647912
-0.139	0.651488
-0.138	0.655088
-0.137	0.658712
-0.136	0.66236
-0.135	0.666028
-0.134	0.669716
-0.133	0.673423
-0.132	0.677146
-0.131	0.680884
-0.13	0.684638
-0.129	0.688404
-0.128	0.692182
-0.127	0.69597
-0.126	0.699767
-0.125	0.703572
-0.124	0.707383
-0.123	0.711199
-0.122	0.71502
-0.121	0.718844
-0.12	0.72267
-0.119	0.726494
-0.118	0.73032
-0.117	0.734143
-0.116	0.737964
-0.115	0.741783
-0.114	0.745595
-0.113	0.7494
-0.112	0.7532
-0.111	0.756992
-0.11	0.760773
-0.109	0.764547
-0.108	0.768309
-0.107	0.772058
-0.106	0.775796
-0.105	0.779519
-0.104	0.783228
-0.103	0.786922
-0.102	0.790599
-0.101	0.794259
-0.1	0.797901