-3.037	0
-3.036	0
-3.035	0
-3.034	0
-3.033	0
-3.032	0
-3.031	0
-3.03	0
-3.029	0
-3.028	0
-3.027	0
-3.026	0
-3.025	0
-3.024	0
-3.023	0
-3.022	0
-3.021	0
-3.02	0
-3.019	0
-3.018	0
-3.017	0
-3.016	0
-3.015	0
-3.014	0
-3.013	0
-3.012	0
-3.011	0
-3.01	0
-3.009	0
-3.008	0
-3.007	0
-3.006	0
-3.005	0
-3.004	0
-3.003	0
-3.002	0
-3.001	0
-3	0
-2.999	0
-2.998	0
-2.997	0
-2.996	0
-2.995	0
-2.994	0
-2.993	0
-2.992	0
-2.991	0
-2.99	0
-2.989	0
-2.988	0
-2.987	0
-2.986	0
-2.985	0
-2.984	0
-2.983	0
-2.982	0
-2.981	0
-2.98	0
-2.979	0
-2.978	0
-2.977	0
-2.976	0
-2.975	0
-2.974	0
-2.973	0
-2.972	0
-2.971	0
-2.97	0
-2.969	0
-2.968	0
-2.967	0
-2.966	0
-2.965	0
-2.964	0
-2.963	0
-2.962	0
-2.961	0
-2.96	0
-2.959	0
-2.958	0
-2.957	0
-2.956	0
-2.955	0
-2.954	0
-2.953	0
-2.952	0
-2.951	0
-2.95	0
-2.949	0
-2.948	0
-2.947	0
-2.946	0
-2.945	0
-2.944	0
-2.943	0
-2.942	0
-2.941	0
-2.94	0
-2.939	0
-2.938	0
-2.937	0
-2.936	0
-2.935	0
-2.934	0
-2.933	0
-2.932	0
-2.931	0
-2.93	0
-2.929	0
-2.928	0
-2.927	0
-2.926	0
-2.925	0
-2.924	0
-2.923	0
-2.922	0
-2.921	0
-2.92	0
-2.919	0
-2.918	0
-2.917	0
-2.916	0
-2.915	0
-2.914	0
-2.913	0
-2.912	0
-2.911	0
-2.91	0
-2.909	0
-2.908	0
-2.907	0
-2.906	0
-2.905	0
-2.904	0
-2.903	0
-2.902	0
-2.901	0
-2.9	0
-2.899	0
-2.898	0
-2.897	0
-2.896	0
-2.895	0
-2.894	0
-2.893	0
-2.892	0
-2.891	0
-2.89	0
-2.889	0
-2.888	0
-2.887	0
-2.886	0
-2.885	0
-2.884	0
-2.883	0
-2.882	0
-2.881	0
-2.88	0
-2.879	0
-2.878	0
-2.877	0
-2.876	0
-2.875	0
-2.874	0
-2.873	0
-2.872	0
-2.871	0
-2.87	0
-2.869	0
-2.868	0
-2.867	0
-2.866	0
-2.865	0
-2.864	0
-2.863	0
-2.862	0
-2.861	0
-2.86	0
-2.859	0
-2.858	0
-2.857	0
-2.856	0
-2.855	0
-2.854	0
-2.853	0
-2.852	0
-2.851	0
-2.85	0
-2.849	0
-2.848	0
-2.847	0
-2.846	0
-2.845	0
-2.844	0
-2.843	0
-2.842	0
-2.841	0
-2.84	0
-2.839	0
-2.838	0
-2.837	0
-2.836	0
-2.835	0
-2.834	0
-2.833	0
-2.832	0
-2.831	0
-2.83	0
-2.829	0
-2.828	0
-2.827	0
-2.826	0
-2.825	0
-2.824	0
-2.823	0
-2.822	0
-2.821	0
-2.82	0
-2.819	0
-2.818	0
-2.817	0
-2.816	0
-2.815	0
-2.814	0
-2.813	0
-2.812	0
-2.811	0
-2.81	0
-2.809	0
-2.808	0
-2.807	0
-2.806	0
-2.805	0
-2.804	0
-2.803	0
-2.802	0
-2.801	0
-2.8	0
-2.799	0
-2.798	0
-2.797	0
-2.796	0
-2.795	0
-2.794	0
-2.793	0
-2.792	0
-2.791	0
-2.79	0
-2.789	0
-2.788	0
-2.787	0
-2.786	0
-2.785	0
-2.784	0
-2.783	0
-2.782	0
-2.781	0
-2.78	0
-2.779	0
-2.778	0
-2.777	0
-2.776	0
-2.775	0
-2.774	0
-2.773	0
-2.772	0
-2.771	0
-2.77	0
-2.769	0
-2.768	0
-2.767	0
-2.766	0
-2.765	0
-2.764	0
-2.763	0
-2.762	0
-2.761	0
-2.76	0
-2.759	0
-2.758	0
-2.757	0
-2.756	0
-2.755	0
-2.754	0
-2.753	0
-2.752	0
-2.751	0
-2.75	0
-2.749	0
-2.748	0
-2.747	0
-2.746	0
-2.745	0
-2.744	0
-2.743	0
-2.742	0
-2.741	0
-2.74	0
-2.739	0
-2.738	0
-2.737	0
-2.736	0
-2.735	0
-2.734	0
-2.733	0
-2.732	0
-2.731	0
-2.73	0
-2.729	0
-2.728	0
-2.727	0
-2.726	0
-2.725	0
-2.724	0
-2.723	0
-2.722	0
-2.721	0
-2.72	0
-2.719	0
-2.718	0
-2.717	0
-2.716	0
-2.715	0
-2.714	0
-2.713	0
-2.712	0
-2.711	0
-2.71	0
-2.709	0
-2.708	0
-2.707	0
-2.706	0
-2.705	0
-2.704	0
-2.703	0
-2.702	0
-2.701	0
-2.7	0
-2.699	0
-2.698	0
-2.697	0
-2.696	0
-2.695	0
-2.694	0
-2.693	0
-2.692	0
-2.691	0
-2.69	0
-2.689	0
-2.688	0
-2.687	0
-2.686	0
-2.685	0
-2.684	0
-2.683	0
-2.682	0
-2.681	0
-2.68	0
-2.679	0
-2.678	0
-2.677	0
-2.676	0
-2.675	0
-2.674	0
-2.673	0
-2.672	0
-2.671	0
-2.67	0
-2.669	0
-2.668	0
-2.667	0
-2.666	0
-2.665	0
-2.664	0
-2.663	0
-2.662	0
-2.661	0
-2.66	0
-2.659	0
-2.658	0
-2.657	0
-2.656	0
-2.655	0
-2.654	0
-2.653	0
-2.652	0
-2.651	0
-2.65	0
-2.649	0
-2.648	0
-2.647	0
-2.646	0
-2.645	0
-2.644	0
-2.643	0
-2.642	0
-2.641	0
-2.64	0
-2.639	0
-2.638	0
-2.637	0
-2.636	0
-2.635	0
-2.634	0
-2.633	0
-2.632	0
-2.631	0
-2.63	0
-2.629	0
-2.628	0
-2.627	0
-2.626	0
-2.625	0
-2.624	0
-2.623	0
-2.622	0
-2.621	0
-2.62	0
-2.619	0
-2.618	0
-2.617	0
-2.616	0
-2.615	0
-2.614	0
-2.613	0
-2.612	0
-2.611	0
-2.61	0
-2.609	0
-2.608	0
-2.607	0
-2.606	0
-2.605	0
-2.604	0
-2.603	0
-2.602	0
-2.601	0
-2.6	0
-2.599	0
-2.598	0
-2.597	0
-2.596	0
-2.595	0
-2.594	0
-2.593	0
-2.592	0
-2.591	0
-2.59	0
-2.589	0
-2.588	0
-2.587	0
-2.586	0
-2.585	0
-2.584	0
-2.583	0
-2.582	0
-2.581	0
-2.58	0
-2.579	0
-2.578	0
-2.577	0
-2.576	0
-2.575	0
-2.574	0
-2.573	0
-2.572	0
-2.571	0
-2.57	0
-2.569	0
-2.568	0
-2.567	0
-2.566	0
-2.565	0
-2.564	0
-2.563	0
-2.562	0
-2.561	0
-2.56	0
-2.559	0
-2.558	0
-2.557	0
-2.556	0
-2.555	0
-2.554	0
-2.553	0
-2.552	0
-2.551	0
-2.55	0
-2.549	0
-2.548	0
-2.547	0
-2.546	0
-2.545	0
-2.544	0
-2.543	0
-2.542	0
-2.541	0
-2.54	0
-2.539	0
-2.538	0
-2.537	0
-2.536	0
-2.535	0
-2.534	0
-2.533	0
-2.532	0
-2.531	0
-2.53	0
-2.529	0
-2.528	0
-2.527	0
-2.526	0
-2.525	0
-2.524	0
-2.523	0
-2.522	0
-2.521	0
-2.52	0
-2.519	0
-2.518	0
-2.517	0
-2.516	0
-2.515	0
-2.514	0
-2.513	0
-2.512	0
-2.511	0
-2.51	0
-2.509	0
-2.508	0
-2.507	0
-2.506	0
-2.505	0
-2.504	0
-2.503	0
-2.502	0
-2.501	0
-2.5	0
-2.499	0
-2.498	0
-2.497	0
-2.496	0
-2.495	0
-2.494	0
-2.493	0
-2.492	0
-2.491	0
-2.49	0
-2.489	0
-2.488	0
-2.487	0
-2.486	0
-2.485	0
-2.484	0
-2.483	0
-2.482	0
-2.481	0
-2.48	0
-2.479	0
-2.478	0
-2.477	0
-2.476	0
-2.475	0
-2.474	0
-2.473	0
-2.472	0
-2.471	0
-2.47	0
-2.469	0
-2.468	0
-2.467	0
-2.466	0
-2.465	0
-2.464	0
-2.463	0
-2.462	0
-2.461	0
-2.46	0
-2.459	0
-2.458	0
-2.457	0
-2.456	0
-2.455	0
-2.454	0
-2.453	0
-2.452	0
-2.451	0
-2.45	0
-2.449	0
-2.448	0
-2.447	0
-2.446	0
-2.445	0
-2.444	0
-2.443	0
-2.442	0
-2.441	0
-2.44	0
-2.439	0
-2.438	0
-2.437	0
-2.436	0
-2.435	0
-2.434	0
-2.433	0
-2.432	0
-2.431	0
-2.43	0
-2.429	0
-2.428	0
-2.427	0
-2.426	0
-2.425	0
-2.424	0
-2.423	0
-2.422	0
-2.421	0
-2.42	0
-2.419	0
-2.418	0
-2.417	0
-2.416	0
-2.415	0
-2.414	0
-2.413	0
-2.412	0
-2.411	0
-2.41	0
-2.409	0
-2.408	0
-2.407	0
-2.406	0
-2.405	0
-2.404	0
-2.403	0
-2.402	0
-2.401	0
-2.4	0
-2.399	0
-2.398	0
-2.397	0
-2.396	0
-2.395	0
-2.394	0
-2.393	0
-2.392	0
-2.391	0
-2.39	0
-2.389	0
-2.388	0
-2.387	0
-2.386	0
-2.385	0
-2.384	0
-2.383	0
-2.382	0
-2.381	0
-2.38	0
-2.379	0
-2.378	0
-2.377	0
-2.376	0
-2.375	0
-2.374	0
-2.373	0
-2.372	0
-2.371	0
-2.37	0
-2.369	0
-2.368	0
-2.367	0
-2.366	0
-2.365	0
-2.364	0
-2.363	0
-2.362	0
-2.361	0
-2.36	0
-2.359	0
-2.358	0
-2.357	0
-2.356	0
-2.355	0
-2.354	0
-2.353	0
-2.352	0
-2.351	0
-2.35	0
-2.349	0
-2.348	0
-2.347	0
-2.346	0
-2.345	0
-2.344	0
-2.343	0
-2.342	0
-2.341	0
-2.34	0
-2.339	0
-2.338	0
-2.337	0
-2.336	0
-2.335	0
-2.334	0
-2.333	0
-2.332	0
-2.331	0
-2.33	0
-2.329	0
-2.328	0
-2.327	0
-2.326	0
-2.325	0
-2.324	0
-2.323	0
-2.322	0
-2.321	0
-2.32	0
-2.319	0
-2.318	0
-2.317	0
-2.316	0
-2.315	0
-2.314	0
-2.313	0
-2.312	0
-2.311	0
-2.31	0
-2.309	0
-2.308	0
-2.307	0
-2.306	0
-2.305	0
-2.304	0
-2.303	0
-2.302	0
-2.301	0
-2.3	0
-2.299	0
-2.298	0
-2.297	0
-2.296	0
-2.295	0
-2.294	0
-2.293	0
-2.292	0
-2.291	0
-2.29	0
-2.289	0
-2.288	0
-2.287	0
-2.286	0
-2.285	0
-2.284	0
-2.283	0
-2.282	0
-2.281	0
-2.28	0
-2.279	0
-2.278	0
-2.277	0
-2.276	0
-2.275	0
-2.274	0
-2.273	0
-2.272	0
-2.271	0
-2.27	0
-2.269	0
-2.268	0
-2.267	0
-2.266	0
-2.265	0
-2.264	0
-2.263	0
-2.262	0
-2.261	0
-2.26	0
-2.259	0
-2.258	0
-2.257	0
-2.256	0
-2.255	0
-2.254	0
-2.253	0
-2.252	0
-2.251	0
-2.25	0
-2.249	0
-2.248	0
-2.247	0
-2.246	0
-2.245	0
-2.244	0
-2.243	0
-2.242	0
-2.241	0
-2.24	0
-2.239	0
-2.238	0
-2.237	0
-2.236	0
-2.235	0
-2.234	0
-2.233	0
-2.232	0
-2.231	0
-2.23	0
-2.229	0
-2.228	0
-2.227	0
-2.226	0
-2.225	0
-2.224	0
-2.223	0
-2.222	0
-2.221	0
-2.22	0
-2.219	0
-2.218	0
-2.217	0
-2.216	0
-2.215	0
-2.214	0
-2.213	0
-2.212	0
-2.211	0
-2.21	0
-2.209	0
-2.208	0
-2.207	0
-2.206	0
-2.205	0
-2.204	0
-2.203	0
-2.202	0
-2.201	0
-2.2	0
-2.199	0
-2.198	0
-2.197	0
-2.196	0
-2.195	0
-2.194	0
-2.193	0
-2.192	0
-2.191	0
-2.19	0
-2.189	0
-2.188	0
-2.187	0
-2.186	0
-2.185	0
-2.184	0
-2.183	0
-2.182	0
-2.181	0
-2.18	0
-2.179	0
-2.178	0
-2.177	0
-2.176	0
-2.175	0
-2.174	0
-2.173	0
-2.172	0
-2.171	0
-2.17	0
-2.169	0
-2.168	0
-2.167	0
-2.166	0
-2.165	0
-2.164	0
-2.163	0
-2.162	0
-2.161	0
-2.16	0
-2.159	0
-2.158	0
-2.157	0
-2.156	0
-2.155	0
-2.154	0
-2.153	0
-2.152	0
-2.151	0
-2.15	0
-2.149	0
-2.148	0
-2.147	0
-2.146	0
-2.145	0
-2.144	0
-2.143	0
-2.142	0
-2.141	0
-2.14	0
-2.139	0
-2.138	0
-2.137	0
-2.136	0
-2.135	0
-2.134	0
-2.133	0
-2.132	0
-2.131	0
-2.13	0
-2.129	0
-2.128	0
-2.127	0
-2.126	0
-2.125	0
-2.124	0
-2.123	0
-2.122	0
-2.121	0
-2.12	0
-2.119	0
-2.118	0
-2.117	0
-2.116	0
-2.115	0
-2.114	0
-2.113	0
-2.112	0
-2.111	0
-2.11	0
-2.109	0
-2.108	0
-2.107	0
-2.106	0
-2.105	0
-2.104	0
-2.103	0
-2.102	0
-2.101	0
-2.1	0
-2.099	0
-2.098	0
-2.097	0
-2.096	0
-2.095	0
-2.094	0
-2.093	0
-2.092	0
-2.091	0
-2.09	0
-2.089	0
-2.088	0
-2.087	0
-2.086	0
-2.085	0
-2.084	0
-2.083	0
-2.082	0
-2.081	0
-2.08	0
-2.079	0
-2.078	0
-2.077	0
-2.076	0
-2.075	0
-2.074	0
-2.073	0
-2.072	0
-2.071	0
-2.07	0
-2.069	0
-2.068	0
-2.067	0
-2.066	0
-2.065	0
-2.064	0
-2.063	0
-2.062	0
-2.061	0
-2.06	0
-2.059	0
-2.058	0
-2.057	0
-2.056	0
-2.055	0
-2.054	0
-2.053	0
-2.052	0
-2.051	0
-2.05	0
-2.049	0
-2.048	0
-2.047	0
-2.046	0
-2.045	0
-2.044	0
-2.043	0
-2.042	0
-2.041	0
-2.04	0
-2.039	0
-2.038	0
-2.037	0
-2.036	0
-2.035	0
-2.034	0
-2.033	0
-2.032	0
-2.031	0
-2.03	0
-2.029	0
-2.028	0
-2.027	0
-2.026	0
-2.025	0
-2.024	0
-2.023	0
-2.022	0
-2.021	0
-2.02	0
-2.019	0
-2.018	0
-2.017	0
-2.016	0
-2.015	0
-2.014	0
-2.013	0
-2.012	0
-2.011	0
-2.01	0
-2.009	0
-2.008	0
-2.007	0
-2.006	0
-2.005	0
-2.004	0
-2.003	0
-2.002	0
-2.001	0
-2	0
-1.999	0
-1.998	0
-1.997	0
-1.996	0
-1.995	0
-1.994	0
-1.993	0
-1.992	0
-1.991	0
-1.99	0
-1.989	0
-1.988	0
-1.987	0
-1.986	0
-1.985	0
-1.984	0
-1.983	0
-1.982	0
-1.981	0
-1.98	0
-1.979	0
-1.978	0
-1.977	0
-1.976	0
-1.975	0
-1.974	0
-1.973	0
-1.972	0
-1.971	0
-1.97	0
-1.969	0
-1.968	0
-1.967	0
-1.966	0
-1.965	0
-1.964	0
-1.963	0
-1.962	0
-1.961	0
-1.96	0
-1.959	0
-1.958	0
-1.957	0
-1.956	0
-1.955	0
-1.954	0
-1.953	0
-1.952	0
-1.951	0
-1.95	0
-1.949	0
-1.948	0
-1.947	0
-1.946	0
-1.945	0
-1.944	0
-1.943	0
-1.942	0
-1.941	0
-1.94	0
-1.939	0
-1.938	0
-1.937	0
-1.936	0
-1.935	0
-1.934	0
-1.933	0
-1.932	0
-1.931	0
-1.93	0
-1.929	0
-1.928	0
-1.927	0
-1.926	0
-1.925	0
-1.924	0
-1.923	0
-1.922	0
-1.921	0
-1.92	0
-1.919	0
-1.918	0
-1.917	0
-1.916	0
-1.915	0
-1.914	0
-1.913	0
-1.912	0
-1.911	0
-1.91	0
-1.909	0
-1.908	0
-1.907	0
-1.906	0
-1.905	0
-1.904	0
-1.903	0
-1.902	0
-1.901	0
-1.9	0
-1.899	0
-1.898	0
-1.897	0
-1.896	0
-1.895	0
-1.894	0
-1.893	0
-1.892	0
-1.891	0
-1.89	0
-1.889	0
-1.888	0
-1.887	0
-1.886	0
-1.885	0
-1.884	0
-1.883	0
-1.882	0
-1.881	0
-1.88	0
-1.879	0
-1.878	0
-1.877	0
-1.876	0
-1.875	0
-1.874	0
-1.873	0
-1.872	0
-1.871	0
-1.87	0
-1.869	0
-1.868	0
-1.867	0
-1.866	0
-1.865	0
-1.864	0
-1.863	0
-1.862	0
-1.861	0
-1.86	0
-1.859	0
-1.858	0
-1.857	0
-1.856	0
-1.855	0
-1.854	0
-1.853	0
-1.852	0
-1.851	0
-1.85	0
-1.849	0
-1.848	0
-1.847	0
-1.846	0
-1.845	0
-1.844	0
-1.843	0
-1.842	0
-1.841	0
-1.84	0
-1.839	0
-1.838	0
-1.837	0
-1.836	0
-1.835	0
-1.834	0
-1.833	0
-1.832	0
-1.831	0
-1.83	0
-1.829	0
-1.828	0
-1.827	0
-1.826	0
-1.825	0
-1.824	0
-1.823	0
-1.822	0
-1.821	0
-1.82	0
-1.819	0
-1.818	0
-1.817	0
-1.816	0
-1.815	0
-1.814	0
-1.813	0
-1.812	0
-1.811	0
-1.81	0
-1.809	0
-1.808	0
-1.807	0
-1.806	0
-1.805	0
-1.804	0
-1.803	0
-1.802	0
-1.801	0
-1.8	0
-1.799	0
-1.798	0
-1.797	0
-1.796	0
-1.795	0
-1.794	0
-1.793	0
-1.792	0
-1.791	0
-1.79	0
-1.789	0
-1.788	0
-1.787	0
-1.786	0
-1.785	0
-1.784	0
-1.783	0
-1.782	0
-1.781	0
-1.78	0
-1.779	0
-1.778	0
-1.777	0
-1.776	0
-1.775	0
-1.774	0
-1.773	0
-1.772	0
-1.771	0
-1.77	0
-1.769	0
-1.768	0
-1.767	0
-1.766	0
-1.765	0
-1.764	0
-1.763	0
-1.762	0
-1.761	0
-1.76	0
-1.759	0
-1.758	0
-1.757	0
-1.756	0
-1.755	0
-1.754	0
-1.753	0
-1.752	0
-1.751	0
-1.75	0
-1.749	0
-1.748	0
-1.747	0
-1.746	0
-1.745	0
-1.744	0
-1.743	0
-1.742	0
-1.741	0
-1.74	0
-1.739	0
-1.738	0
-1.737	0
-1.736	0
-1.735	0
-1.734	0
-1.733	0
-1.732	0
-1.731	0
-1.73	0
-1.729	0
-1.728	0
-1.727	0
-1.726	0
-1.725	0
-1.724	0
-1.723	0
-1.722	0
-1.721	0
-1.72	0
-1.719	0
-1.718	0
-1.717	0
-1.716	0
-1.715	0
-1.714	0
-1.713	0
-1.712	0
-1.711	0
-1.71	0
-1.709	0
-1.708	0
-1.707	0
-1.706	0
-1.705	0
-1.704	0
-1.703	0
-1.702	0
-1.701	0
-1.7	0
-1.699	0
-1.698	0
-1.697	0
-1.696	0
-1.695	0
-1.694	0
-1.693	0
-1.692	0
-1.691	0
-1.69	0
-1.689	0
-1.688	0
-1.687	0
-1.686	0
-1.685	0
-1.684	0
-1.683	0
-1.682	0
-1.681	0
-1.68	0
-1.679	0
-1.678	0
-1.677	0
-1.676	0
-1.675	0
-1.674	0
-1.673	0
-1.672	0
-1.671	0
-1.67	0
-1.669	0
-1.668	0
-1.667	0
-1.666	0
-1.665	0
-1.664	0
-1.663	0
-1.662	0
-1.661	0
-1.66	0
-1.659	0
-1.658	0
-1.657	0
-1.656	0
-1.655	0
-1.654	0
-1.653	0
-1.652	0
-1.651	0
-1.65	0
-1.649	0
-1.648	0
-1.647	0
-1.646	0
-1.645	0
-1.644	0
-1.643	0
-1.642	0
-1.641	0
-1.64	0
-1.639	0
-1.638	0
-1.637	0
-1.636	0
-1.635	0
-1.634	0
-1.633	0
-1.632	0
-1.631	0
-1.63	0
-1.629	0
-1.628	0
-1.627	0
-1.626	0
-1.625	1.39875e-038
-1.624	2.94803e-038
-1.623	4.5294e-038
-1.622	7.33702e-038
-1.621	1.40354e-037
-1.62	2.83814e-037
-1.619	5.68288e-037
-1.618	1.12583e-036
-1.617	2.2133e-036
-1.616	4.32776e-036
-1.615	8.42623e-036
-1.614	1.63332e-035
-1.613	3.15125e-035
-1.612	6.05162e-035
-1.611	1.15668e-034
-1.61	2.20038e-034
-1.609	4.16594e-034
-1.608	7.84958e-034
-1.607	1.47192e-033
-1.606	2.74671e-033
-1.605	5.10058e-033
-1.604	9.42517e-033
-1.603	1.73304e-032
-1.602	3.17074e-032
-1.601	5.77207e-032
-1.6	1.04546e-031
-1.599	1.88396e-031
-1.598	3.37761e-031
-1.597	6.02427e-031
-1.596	1.0689e-030
-1.595	1.88667e-030
-1.594	3.31254e-030
-1.593	5.78514e-030
-1.592	1.00493e-029
-1.591	1.73625e-029
-1.59	2.98348e-029
-1.589	5.09854e-029
-1.588	8.66491e-029
-1.587	1.46439e-028
-1.586	2.46094e-028
-1.585	4.11225e-028
-1.584	6.83231e-028
-1.583	1.12861e-027
-1.582	1.85346e-027
-1.581	3.02597e-027
-1.58	4.91092e-027
-1.579	7.92231e-027
-1.578	1.2703e-026
-1.577	2.02441e-026
-1.576	3.20628e-026
-1.575	5.04646e-026
-1.574	7.89267e-026
-1.573	1.22654e-025
-1.572	1.89378e-025
-1.571	2.9049e-025
-1.57	4.42644e-025
-1.569	6.69981e-025
-1.568	1.0072e-024
-1.567	1.50375e-024
-1.566	2.22946e-024
-1.565	3.28203e-024
-1.564	4.79687e-024
-1.563	6.95979e-024
-1.562	1.00231e-023
-1.561	1.43259e-023
-1.56	2.03186e-023
-1.559	2.85923e-023
-1.558	3.99133e-023
-1.557	5.52611e-023
-1.556	7.58697e-023
-1.555	1.03269e-022
-1.554	1.3932e-022
-1.553	1.86243e-022
-1.552	2.46623e-022
-1.551	3.23379e-022
-1.55	4.19692e-022
-1.549	5.38859e-022
-1.548	6.84041e-022
-1.547	8.579e-022
-1.546	1.06206e-021
-1.545	1.29635e-021
-1.544	1.55783e-021
-1.543	1.83951e-021
-1.542	2.12869e-021
-1.541	2.40496e-021
-1.54	2.63778e-021
-1.539	2.78356e-021
-1.538	2.78233e-021
-1.537	2.55391e-021
-1.536	1.9936e-021
-1.535	9.67423e-022
-1.534	6.92978e-022
-1.533	3.19593e-021
-1.532	6.79557e-021
-1.531	1.17981e-020
-1.53	1.85683e-020
-1.529	2.75363e-020
-1.528	3.9205e-020
-1.527	5.41576e-020
-1.526	7.30656e-020
-1.525	9.66985e-020
-1.524	1.25932e-019
-1.523	1.61761e-019
-1.522	2.05309e-019
-1.521	2.57841e-019
-1.52	3.20778e-019
-1.519	3.95712e-019
-1.518	4.84421e-019
-1.517	5.88886e-019
-1.516	7.11306e-019
-1.515	8.54119e-019
-1.514	1.02002e-018
-1.513	1.21197e-018
-1.512	1.43322e-018
-1.511	1.68736e-018
-1.51	1.97827e-018
-1.509	2.3102e-018
-1.508	2.68779e-018
-1.507	3.11605e-018
-1.506	3.6004e-018
-1.505	4.14674e-018
-1.504	4.7614e-018
-1.503	5.45123e-018
-1.502	6.22356e-018
-1.501	7.08629e-018
-1.5	8.04788e-018
-1.499	9.11737e-018
-1.498	1.03044e-017
-1.497	1.16193e-017
-1.496	1.3073e-017
-1.495	1.46772e-017
-1.494	1.64441e-017
-1.493	1.83868e-017
-1.492	2.05192e-017
-1.491	2.28559e-017
-1.49	2.54122e-017
-1.489	2.82043e-017
-1.488	3.12494e-017
-1.487	3.45653e-017
-1.486	3.81708e-017
-1.485	4.20856e-017
-1.484	4.63302e-017
-1.483	5.09261e-017
-1.482	5.58958e-017
-1.481	6.12623e-017
-1.48	6.705e-017
-1.479	7.32839e-017
-1.478	7.99902e-017
-1.477	8.71955e-017
-1.476	9.49277e-017
-1.475	1.03215e-016
-1.474	1.12088e-016
-1.473	1.21575e-016
-1.472	1.31709e-016
-1.471	1.4252e-016
-1.47	1.5404e-016
-1.469	1.66303e-016
-1.468	1.79342e-016
-1.467	1.93189e-016
-1.466	2.07879e-016
-1.465	2.23445e-016
-1.464	2.39922e-016
-1.463	2.57344e-016
-1.462	2.75744e-016
-1.461	2.95155e-016
-1.46	3.15611e-016
-1.459	3.37143e-016
-1.458	3.59783e-016
-1.457	3.83561e-016
-1.456	4.08505e-016
-1.455	4.34644e-016
-1.454	4.62004e-016
-1.453	4.90608e-016
-1.452	5.20479e-016
-1.451	5.51635e-016
-1.45	5.84094e-016
-1.449	6.1787e-016
-1.448	6.52974e-016
-1.447	6.89412e-016
-1.446	7.2719e-016
-1.445	7.66305e-016
-1.444	8.06755e-016
-1.443	8.48528e-016
-1.442	8.91613e-016
-1.441	9.35989e-016
-1.44	9.81632e-016
-1.439	1.02851e-015
-1.438	1.07659e-015
-1.437	1.12583e-015
-1.436	1.17617e-015
-1.435	1.22757e-015
-1.434	1.27997e-015
-1.433	1.33328e-015
-1.432	1.38744e-015
-1.431	1.44237e-015
-1.43	1.49797e-015
-1.429	1.55415e-015
-1.428	1.61081e-015
-1.427	1.66782e-015
-1.426	1.72509e-015
-1.425	1.78247e-015
-1.424	1.83985e-015
-1.423	1.89708e-015
-1.422	1.95403e-015
-1.421	2.01055e-015
-1.42	2.0665e-015
-1.419	2.12171e-015
-1.418	2.17605e-015
-1.417	2.22934e-015
-1.416	2.28145e-015
-1.415	2.33221e-015
-1.414	2.38147e-015
-1.413	2.42911e-015
-1.412	2.47496e-015
-1.411	2.51891e-015
-1.41	2.56084e-015
-1.409	2.60064e-015
-1.408	2.63822e-015
-1.407	2.67351e-015
-1.406	2.70646e-015
-1.405	2.73704e-015
-1.404	2.76525e-015
-1.403	2.79112e-015
-1.402	2.8147e-015
-1.401	2.83609e-015
-1.4	2.85541e-015
-1.399	2.87285e-015
-1.398	2.88858e-015
-1.397	2.90287e-015
-1.396	2.91599e-015
-1.395	2.92824e-015
-1.394	2.93996e-015
-1.393	2.95152e-015
-1.392	2.9633e-015
-1.391	2.97566e-015
-1.39	2.98896e-015
-1.389	3.00353e-015
-1.388	3.01966e-015
-1.387	3.03755e-015
-1.386	3.05734e-015
-1.385	3.07904e-015
-1.384	3.10253e-015
-1.383	3.12753e-015
-1.382	3.15361e-015
-1.381	3.18017e-015
-1.38	3.20639e-015
-1.379	3.23127e-015
-1.378	3.2536e-015
-1.377	3.27196e-015
-1.376	3.28478e-015
-1.375	3.29021e-015
-1.374	3.28628e-015
-1.373	3.27077e-015
-1.372	3.24133e-015
-1.371	3.19542e-015
-1.37	3.13036e-015
-1.369	3.04326e-015
-1.368	2.9312e-015
-1.367	2.79111e-015
-1.366	2.6199e-015
-1.365	2.41464e-015
-1.364	2.17266e-015
-1.363	1.89228e-015
-1.362	1.57424e-015
-1.361	1.2265e-015
-1.36	8.82987e-016
-1.359	6.78142e-016
-1.358	8.61114e-016
-1.357	1.36709e-015
-1.356	2.03513e-015
-1.355	2.81478e-015
-1.354	3.69434e-015
-1.353	4.67261e-015
-1.352	5.75221e-015
-1.351	6.93699e-015
-1.35	8.23166e-015
-1.349	9.64112e-015
-1.348	1.11706e-014
-1.347	1.28251e-014
-1.346	1.46101e-014
-1.345	1.65307e-014
-1.344	1.85918e-014
-1.343	2.07985e-014
-1.342	2.31556e-014
-1.341	2.56676e-014
-1.34	2.83388e-014
-1.339	3.11733e-014
-1.338	3.41748e-014
-1.337	3.73465e-014
-1.336	4.06913e-014
-1.335	4.42117e-014
-1.334	4.79094e-014
-1.333	5.17859e-014
-1.332	5.58418e-014
-1.331	6.00772e-014
-1.33	6.44911e-014
-1.329	6.90823e-014
-1.328	7.38482e-014
-1.327	7.87857e-014
-1.326	8.38907e-014
-1.325	8.91578e-014
-1.324	9.45809e-014
-1.323	1.00153e-013
-1.322	1.05864e-013
-1.321	1.11706e-013
-1.32	1.17668e-013
-1.319	1.23737e-013
-1.318	1.299e-013
-1.317	1.36142e-013
-1.316	1.42447e-013
-1.315	1.48797e-013
-1.314	1.55174e-013
-1.313	1.61558e-013
-1.312	1.67927e-013
-1.311	1.74257e-013
-1.31	1.80527e-013
-1.309	1.8671e-013
-1.308	1.92781e-013
-1.307	1.98714e-013
-1.306	2.04479e-013
-1.305	2.10051e-013
-1.304	2.154e-013
-1.303	2.205e-013
-1.302	2.25323e-013
-1.301	2.29843e-013
-1.3	2.34035e-013
-1.299	2.37877e-013
-1.298	2.4135e-013
-1.297	2.44439e-013
-1.296	2.47134e-013
-1.295	2.49433e-013
-1.294	2.51339e-013
-1.293	2.52868e-013
-1.292	2.54047e-013
-1.291	2.5492e-013
-1.29	2.55545e-013
-1.289	2.56003e-013
-1.288	2.564e-013
-1.287	2.56867e-013
-1.286	2.57566e-013
-1.285	2.58691e-013
-1.284	2.60464e-013
-1.283	2.63142e-013
-1.282	2.66997e-013
-1.281	2.72319e-013
-1.28	2.79395e-013
-1.279	2.885e-013
-1.278	2.99876e-013
-1.277	3.13724e-013
-1.276	3.30198e-013
-1.275	3.49398e-013
-1.274	3.71373e-013
-1.273	3.96133e-013
-1.272	4.23649e-013
-1.271	4.53867e-013
-1.27	4.86709e-013
-1.269	5.22086e-013
-1.268	5.59895e-013
-1.267	6.00022e-013
-1.266	6.42352e-013
-1.265	6.86754e-013
-1.264	7.33096e-013
-1.263	7.81236e-013
-1.262	8.31024e-013
-1.261	8.823e-013
-1.26	9.34896e-013
-1.259	9.8863e-013
-1.258	1.04332e-012
-1.257	1.09875e-012
-1.256	1.15471e-012
-1.255	1.21098e-012
-1.254	1.26732e-012
-1.253	1.32347e-012
-1.252	1.37919e-012
-1.251	1.43419e-012
-1.25	1.48819e-012
-1.249	1.54091e-012
-1.248	1.59205e-012
-1.247	1.64131e-012
-1.246	1.6884e-012
-1.245	1.73302e-012
-1.244	1.77488e-012
-1.243	1.81371e-012
-1.242	1.84925e-012
-1.241	1.88129e-012
-1.24	1.90963e-012
-1.239	1.93415e-012
-1.238	1.95479e-012
-1.237	1.97156e-012
-1.236	1.9846e-012
-1.235	1.99418e-012
-1.234	2.00074e-012
-1.233	2.00493e-012
-1.232	2.00764e-012
-1.231	2.01004e-012
-1.23	2.01367e-012
-1.229	2.0204e-012
-1.228	2.03251e-012
-1.227	2.05266e-012
-1.226	2.08379e-012
-1.225	2.12909e-012
-1.224	2.19176e-012
-1.223	2.27487e-012
-1.222	2.38113e-012
-1.221	2.51278e-012
-1.22	2.67144e-012
-1.219	2.85818e-012
-1.218	3.07353e-012
-1.217	3.31759e-012
-1.216	3.59015e-012
-1.215	3.89081e-012
-1.214	4.21899e-012
-1.213	4.57407e-012
-1.212	4.95534e-012
-1.211	5.36209e-012
-1.21	5.79355e-012
-1.209	6.24894e-012
-1.208	6.72744e-012
-1.207	7.22815e-012
-1.206	7.75016e-012
-1.205	8.29246e-012
-1.204	8.85397e-012
-1.203	9.43353e-012
-1.202	1.00299e-011
-1.201	1.06416e-011
-1.2	1.12674e-011
-1.199	1.19055e-011
-1.198	1.25543e-011
-1.197	1.32119e-011
-1.196	1.38765e-011
-1.195	1.4546e-011
-1.194	1.52183e-011
-1.193	1.5891e-011
-1.192	1.65619e-011
-1.191	1.72283e-011
-1.19	1.78879e-011
-1.189	1.85379e-011
-1.188	1.91757e-011
-1.187	1.97985e-011
-1.186	2.04036e-011
-1.185	2.09884e-011
-1.184	2.15501e-011
-1.183	2.20862e-011
-1.182	2.25943e-011
-1.181	2.30722e-011
-1.18	2.35178e-011
-1.179	2.39296e-011
-1.178	2.43064e-011
-1.177	2.46476e-011
-1.176	2.49531e-011
-1.175	2.52239e-011
-1.174	2.54617e-011
-1.173	2.56696e-011
-1.172	2.58519e-011
-1.171	2.60144e-011
-1.17	2.61652e-011
-1.169	2.63139e-011
-1.168	2.64727e-011
-1.167	2.66562e-011
-1.166	2.68815e-011
-1.165	2.7168e-011
-1.164	2.75376e-011
-1.163	2.80136e-011
-1.162	2.86203e-011
-1.161	2.93821e-011
-1.16	3.03224e-011
-1.159	3.14623e-011
-1.158	3.28201e-011
-1.157	3.44105e-011
-1.156	3.62439e-011
-1.155	3.83272e-011
-1.154	4.06635e-011
-1.153	4.32526e-011
-1.152	4.60919e-011
-1.151	4.91766e-011
-1.15	5.25004e-011
-1.149	5.60555e-011
-1.148	5.98334e-011
-1.147	6.38244e-011
-1.146	6.80184e-011
-1.145	7.24046e-011
-1.144	7.69715e-011
-1.143	8.17069e-011
-1.142	8.65982e-011
-1.141	9.16318e-011
-1.14	9.67937e-011
-1.139	1.02069e-010
-1.138	1.07442e-010
-1.137	1.12896e-010
-1.136	1.18415e-010
-1.135	1.2398e-010
-1.134	1.29573e-010
-1.133	1.35174e-010
-1.132	1.40765e-010
-1.131	1.46323e-010
-1.13	1.51829e-010
-1.129	1.57262e-010
-1.128	1.626e-010
-1.127	1.67822e-010
-1.126	1.72907e-010
-1.125	1.77834e-010
-1.124	1.82584e-010
-1.123	1.87138e-010
-1.122	1.9148e-010
-1.121	1.95593e-010
-1.12	1.99465e-010
-1.119	2.03087e-010
-1.118	2.06453e-010
-1.117	2.09563e-010
-1.116	2.12419e-010
-1.115	2.15034e-010
-1.114	2.17427e-010
-1.113	2.19624e-010
-1.112	2.21664e-010
-1.111	2.23597e-010
-1.11	2.25484e-010
-1.109	2.27403e-010
-1.108	2.29447e-010
-1.107	2.31722e-010
-1.106	2.34353e-010
-1.105	2.37478e-010
-1.104	2.41248e-010
-1.103	2.45823e-010
-1.102	2.51369e-010
-1.101	2.5805e-010
-1.1	2.66022e-010
-1.099	2.75431e-010
-1.098	2.86402e-010
-1.097	2.99037e-010
-1.096	3.13417e-010
-1.095	3.29595e-010
-1.094	3.47599e-010
-1.093	3.67438e-010
-1.092	3.89099e-010
-1.091	4.12554e-010
-1.09	4.3776e-010
-1.089	4.64665e-010
-1.088	4.93205e-010
-1.087	5.23312e-010
-1.086	5.54908e-010
-1.085	5.87912e-010
-1.084	6.22236e-010
-1.083	6.57789e-010
-1.082	6.94472e-010
-1.081	7.32183e-010
-1.08	7.70818e-010
-1.079	8.10263e-010
-1.078	8.50404e-010
-1.077	8.91122e-010
-1.076	9.3229e-010
-1.075	9.73781e-010
-1.074	1.01546e-009
-1.073	1.0572e-009
-1.072	1.09886e-009
-1.071	1.14029e-009
-1.07	1.18136e-009
-1.069	1.22193e-009
-1.068	1.26185e-009
-1.067	1.30098e-009
-1.066	1.3392e-009
-1.065	1.37638e-009
-1.064	1.41239e-009
-1.063	1.44713e-009
-1.062	1.48049e-009
-1.061	1.51239e-009
-1.06	1.54278e-009
-1.059	1.5716e-009
-1.058	1.59886e-009
-1.057	1.62456e-009
-1.056	1.64877e-009
-1.055	1.67158e-009
-1.054	1.69313e-009
-1.053	1.71364e-009
-1.052	1.73336e-009
-1.051	1.75263e-009
-1.05	1.77185e-009
-1.049	1.7915e-009
-1.048	1.81214e-009
-1.047	1.83441e-009
-1.046	1.85905e-009
-1.045	1.88684e-009
-1.044	1.91863e-009
-1.043	1.95532e-009
-1.042	1.99783e-009
-1.041	2.04708e-009
-1.04	2.10395e-009
-1.039	2.16926e-009
-1.038	2.24375e-009
-1.037	2.32806e-009
-1.036	2.42269e-009
-1.035	2.52803e-009
-1.034	2.64431e-009
-1.033	2.77166e-009
-1.032	2.91007e-009
-1.031	3.05944e-009
-1.03	3.21954e-009
-1.029	3.39009e-009
-1.028	3.57073e-009
-1.027	3.76104e-009
-1.026	3.96052e-009
-1.025	4.16866e-009
-1.024	4.3849e-009
-1.023	4.60864e-009
-1.022	4.83923e-009
-1.021	5.07603e-009
-1.02	5.31833e-009
-1.019	5.56543e-009
-1.018	5.81659e-009
-1.017	6.07105e-009
-1.016	6.32804e-009
-1.015	6.58677e-009
-1.014	6.84643e-009
-1.013	7.10621e-009
-1.012	7.36531e-009
-1.011	7.62291e-009
-1.01	7.87821e-009
-1.009	8.13041e-009
-1.008	8.37877e-009
-1.007	8.62254e-009
-1.006	8.86104e-009
-1.005	9.09363e-009
-1.004	9.31974e-009
-1.003	9.53889e-009
-1.002	9.75068e-009
-1.001	9.95484e-009
-1	1.01512e-008
-0.999	1.03398e-008
-0.998	1.05208e-008
-0.997	1.06947e-008
-0.996	1.08619e-008
-0.995	1.10234e-008
-0.994	1.11802e-008
-0.993	1.1334e-008
-0.992	1.14862e-008
-0.991	1.16392e-008
-0.99	1.17953e-008
-0.989	1.19574e-008
-0.988	1.21286e-008
-0.987	1.23124e-008
-0.986	1.25126e-008
-0.985	1.27334e-008
-0.984	1.29789e-008
-0.983	1.32536e-008
-0.982	1.35617e-008
-0.981	1.39076e-008
-0.98	1.42952e-008
-0.979	1.47282e-008
-0.978	1.521e-008
-0.977	1.57432e-008
-0.976	1.63301e-008
-0.975	1.69724e-008
-0.974	1.7671e-008
-0.973	1.84262e-008
-0.972	1.92381e-008
-0.971	2.0106e-008
-0.97	2.10286e-008
-0.969	2.20044e-008
-0.968	2.30314e-008
-0.967	2.41074e-008
-0.966	2.52298e-008
-0.965	2.63958e-008
-0.964	2.76022e-008
-0.963	2.88459e-008
-0.962	3.01234e-008
-0.961	3.14311e-008
-0.96	3.27653e-008
-0.959	3.41222e-008
-0.958	3.5498e-008
-0.957	3.68886e-008
-0.956	3.82901e-008
-0.955	3.96984e-008
-0.954	4.11096e-008
-0.953	4.25195e-008
-0.952	4.39244e-008
-0.951	4.53203e-008
-0.95	4.67036e-008
-0.949	4.80708e-008
-0.948	4.94185e-008
-0.947	5.07437e-008
-0.946	5.20438e-008
-0.945	5.33164e-008
-0.944	5.45598e-008
-0.943	5.57726e-008
-0.942	5.69541e-008
-0.941	5.81044e-008
-0.94	5.92241e-008
-0.939	6.03149e-008
-0.938	6.13794e-008
-0.937	6.24211e-008
-0.936	6.34449e-008
-0.935	6.44566e-008
-0.934	6.54636e-008
-0.933	6.64744e-008
-0.932	6.7499e-008
-0.931	6.85486e-008
-0.93	6.9636e-008
-0.929	7.07753e-008
-0.928	7.19816e-008
-0.927	7.3271e-008
-0.926	7.46605e-008
-0.925	7.61678e-008
-0.924	7.78105e-008
-0.923	7.96062e-008
-0.922	8.15719e-008
-0.921	8.37239e-008
-0.92	8.60771e-008
-0.919	8.86447e-008
-0.918	9.14381e-008
-0.917	9.44666e-008
-0.916	9.77373e-008
-0.915	1.01255e-007
-0.914	1.05022e-007
-0.913	1.09038e-007
-0.912	1.13301e-007
-0.911	1.17807e-007
-0.91	1.2255e-007
-0.909	1.27521e-007
-0.908	1.32712e-007
-0.907	1.38112e-007
-0.906	1.43707e-007
-0.905	1.49486e-007
-0.904	1.55434e-007
-0.903	1.61536e-007
-0.902	1.67776e-007
-0.901	1.74138e-007
-0.9	1.80606e-007
-0.899	1.87163e-007
-0.898	1.93792e-007
-0.897	2.00476e-007
-0.896	2.07197e-007
-0.895	2.1394e-007
-0.894	2.20688e-007
-0.893	2.27425e-007
-0.892	2.34136e-007
-0.891	2.40807e-007
-0.89	2.47425e-007
-0.889	2.53978e-007
-0.888	2.60456e-007
-0.887	2.66851e-007
-0.886	2.73156e-007
-0.885	2.79366e-007
-0.884	2.85482e-007
-0.883	2.91503e-007
-0.882	2.97435e-007
-0.881	3.03284e-007
-0.88	3.09063e-007
-0.879	3.14787e-007
-0.878	3.20476e-007
-0.877	3.26153e-007
-0.876	3.31847e-007
-0.875	3.37592e-007
-0.874	3.43425e-007
-0.873	3.49389e-007
-0.872	3.55531e-007
-0.871	3.61903e-007
-0.87	3.68558e-007
-0.869	3.75556e-007
-0.868	3.82957e-007
-0.867	3.90822e-007
-0.866	3.99214e-007
-0.865	4.08196e-007
-0.864	4.17827e-007
-0.863	4.28167e-007
-0.862	4.39268e-007
-0.861	4.5118e-007
-0.86	4.63947e-007
-0.859	4.77605e-007
-0.858	4.92183e-007
-0.857	5.07704e-007
-0.856	5.24181e-007
-0.855	5.4162e-007
-0.854	5.6002e-007
-0.853	5.79371e-007
-0.852	5.99656e-007
-0.851	6.20852e-007
-0.85	6.42929e-007
-0.849	6.65852e-007
-0.848	6.8958e-007
-0.847	7.14068e-007
-0.846	7.39267e-007
-0.845	7.65124e-007
-0.844	7.91584e-007
-0.843	8.1859e-007
-0.842	8.46083e-007
-0.841	8.74002e-007
-0.84	9.02288e-007
-0.839	9.30879e-007
-0.838	9.59716e-007
-0.837	9.88741e-007
-0.836	1.0179e-006
-0.835	1.04713e-006
-0.834	1.07639e-006
-0.833	1.10563e-006
-0.832	1.13481e-006
-0.831	1.1639e-006
-0.83	1.19286e-006
-0.829	1.22167e-006
-0.828	1.25031e-006
-0.827	1.27878e-006
-0.826	1.30709e-006
-0.825	1.33525e-006
-0.824	1.36328e-006
-0.823	1.39122e-006
-0.822	1.41912e-006
-0.821	1.44705e-006
-0.82	1.47508e-006
-0.819	1.5033e-006
-0.818	1.53182e-006
-0.817	1.56075e-006
-0.816	1.59024e-006
-0.815	1.62042e-006
-0.814	1.65146e-006
-0.813	1.68352e-006
-0.812	1.71679e-006
-0.811	1.75145e-006
-0.81	1.78769e-006
-0.809	1.82571e-006
-0.808	1.8657e-006
-0.807	1.90786e-006
-0.806	1.95236e-006
-0.805	1.9994e-006
-0.804	2.04913e-006
-0.803	2.1017e-006
-0.802	2.15725e-006
-0.801	2.21589e-006
-0.8	2.27773e-006
-0.799	2.34282e-006
-0.798	2.41123e-006
-0.797	2.48297e-006
-0.796	2.55805e-006
-0.795	2.63645e-006
-0.794	2.71813e-006
-0.793	2.80302e-006
-0.792	2.89105e-006
-0.791	2.9821e-006
-0.79	3.07607e-006
-0.789	3.17282e-006
-0.788	3.27221e-006
-0.787	3.37408e-006
-0.786	3.47827e-006
-0.785	3.5846e-006
-0.784	3.69291e-006
-0.783	3.80301e-006
-0.782	3.91472e-006
-0.781	4.02788e-006
-0.78	4.1423e-006
-0.779	4.25783e-006
-0.778	4.37429e-006
-0.777	4.49156e-006
-0.776	4.6095e-006
-0.775	4.72798e-006
-0.774	4.8469e-006
-0.773	4.96621e-006
-0.772	5.08582e-006
-0.771	5.20572e-006
-0.77	5.32589e-006
-0.769	5.44637e-006
-0.768	5.56721e-006
-0.767	5.68851e-006
-0.766	5.81038e-006
-0.765	5.933e-006
-0.764	6.05656e-006
-0.763	6.1813e-006
-0.762	6.30751e-006
-0.761	6.43549e-006
-0.76	6.56559e-006
-0.759	6.69822e-006
-0.758	6.8338e-006
-0.757	6.97278e-006
-0.756	7.11564e-006
-0.755	7.26289e-006
-0.754	7.41507e-006
-0.753	7.5727e-006
-0.752	7.73633e-006
-0.751	7.90652e-006
-0.75	8.08378e-006
-0.749	8.26867e-006
-0.748	8.46168e-006
-0.747	8.66328e-006
-0.746	8.87392e-006
-0.745	9.09402e-006
-0.744	9.32391e-006
-0.743	9.56392e-006
-0.742	9.81429e-006
-0.741	1.00752e-005
-0.74	1.03469e-005
-0.739	1.06293e-005
-0.738	1.09225e-005
-0.737	1.12264e-005
-0.736	1.15411e-005
-0.735	1.18662e-005
-0.734	1.22017e-005
-0.733	1.25473e-005
-0.732	1.29026e-005
-0.731	1.32674e-005
-0.73	1.36413e-005
-0.729	1.4024e-005
-0.728	1.4415e-005
-0.727	1.48139e-005
-0.726	1.52203e-005
-0.725	1.56337e-005
-0.724	1.60539e-005
-0.723	1.64803e-005
-0.722	1.69126e-005
-0.721	1.73504e-005
-0.72	1.77934e-005
-0.719	1.82413e-005
-0.718	1.86938e-005
-0.717	1.91509e-005
-0.716	1.96123e-005
-0.715	2.0078e-005
-0.714	2.0548e-005
-0.713	2.10223e-005
-0.712	2.15013e-005
-0.711	2.1985e-005
-0.71	2.24738e-005
-0.709	2.29682e-005
-0.708	2.34686e-005
-0.707	2.39758e-005
-0.706	2.44904e-005
-0.705	2.50133e-005
-0.704	2.55452e-005
-0.703	2.60873e-005
-0.702	2.66406e-005
-0.701	2.72063e-005
-0.7	2.77856e-005
-0.699	2.83798e-005
-0.698	2.89901e-005
-0.697	2.96181e-005
-0.696	3.02651e-005
-0.695	3.09324e-005
-0.694	3.16216e-005
-0.693	3.2334e-005
-0.692	3.3071e-005
-0.691	3.38339e-005
-0.69	3.46239e-005
-0.689	3.54422e-005
-0.688	3.62899e-005
-0.687	3.7168e-005
-0.686	3.80774e-005
-0.685	3.90188e-005
-0.684	3.99929e-005
-0.683	4.10001e-005
-0.682	4.20409e-005
-0.681	4.31155e-005
-0.68	4.42241e-005
-0.679	4.53665e-005
-0.678	4.65427e-005
-0.677	4.77525e-005
-0.676	4.89956e-005
-0.675	5.02714e-005
-0.674	5.15794e-005
-0.673	5.29192e-005
-0.672	5.42899e-005
-0.671	5.56911e-005
-0.67	5.71218e-005
-0.669	5.85816e-005
-0.668	6.00695e-005
-0.667	6.1585e-005
-0.666	6.31274e-005
-0.665	6.4696e-005
-0.664	6.62905e-005
-0.663	6.79103e-005
-0.662	6.95551e-005
-0.661	7.12248e-005
-0.66	7.29192e-005
-0.659	7.46385e-005
-0.658	7.63828e-005
-0.657	7.81528e-005
-0.656	7.99489e-005
-0.655	8.1772e-005
-0.654	8.3623e-005
-0.653	8.55032e-005
-0.652	8.74142e-005
-0.651	8.93575e-005
-0.65	9.13349e-005
-0.649	9.33487e-005
-0.648	9.54011e-005
-0.647	9.74945e-005
-0.646	9.96318e-005
-0.645	0.000101816
-0.644	0.000104049
-0.643	0.000106336
-0.642	0.000108678
-0.641	0.000111081
-0.64	0.000113546
-0.639	0.000116077
-0.638	0.000118679
-0.637	0.000121353
-0.636	0.000124105
-0.635	0.000126937
-0.634	0.000129853
-0.633	0.000132856
-0.632	0.000135948
-0.631	0.000139133
-0.63	0.000142413
-0.629	0.000145791
-0.628	0.000149268
-0.627	0.000152848
-0.626	0.000156531
-0.625	0.00016032
-0.624	0.000164215
-0.623	0.000168217
-0.622	0.000172328
-0.621	0.000176547
-0.62	0.000180876
-0.619	0.000185314
-0.618	0.000189861
-0.617	0.000194518
-0.616	0.000199284
-0.615	0.000204158
-0.614	0.000209142
-0.613	0.000214233
-0.612	0.000219432
-0.611	0.000224739
-0.61	0.000230153
-0.609	0.000235674
-0.608	0.000241303
-0.607	0.00024704
-0.606	0.000252885
-0.605	0.000258839
-0.604	0.000264903
-0.603	0.000271079
-0.602	0.000277368
-0.601	0.000283773
-0.6	0.000290295
-0.599	0.00029694
-0.598	0.000303708
-0.597	0.000310605
-0.596	0.000317635
-0.595	0.000324802
-0.594	0.000332112
-0.593	0.00033957
-0.592	0.000347183
-0.591	0.000354957
-0.59	0.000362898
-0.589	0.000371015
-0.588	0.000379315
-0.587	0.000387805
-0.586	0.000396494
-0.585	0.000405391
-0.584	0.000414503
-0.583	0.00042384
-0.582	0.000433411
-0.581	0.000443224
-0.58	0.000453288
-0.579	0.000463612
-0.578	0.000474204
-0.577	0.000485074
-0.576	0.000496229
-0.575	0.000507678
-0.574	0.000519428
-0.573	0.000531487
-0.572	0.000543862
-0.571	0.00055656
-0.57	0.000569588
-0.569	0.000582951
-0.568	0.000596655
-0.567	0.000610707
-0.566	0.00062511
-0.565	0.00063987
-0.564	0.000654992
-0.563	0.00067048
-0.562	0.000686337
-0.561	0.000702567
-0.56	0.000719176
-0.559	0.000736165
-0.558	0.00075354
-0.557	0.000771303
-0.556	0.000789458
-0.555	0.000808011
-0.554	0.000826965
-0.553	0.000846325
-0.552	0.000866095
-0.551	0.000886282
-0.55	0.000906892
-0.549	0.000927931
-0.548	0.000949406
-0.547	0.000971326
-0.546	0.000993699
-0.545	0.00101653
-0.544	0.00103984
-0.543	0.00106363
-0.542	0.00108792
-0.541	0.00111272
-0.54	0.00113804
-0.539	0.0011639
-0.538	0.00119031
-0.537	0.00121729
-0.536	0.00124486
-0.535	0.00127304
-0.534	0.00130184
-0.533	0.00133129
-0.532	0.0013614
-0.531	0.0013922
-0.53	0.00142371
-0.529	0.00145595
-0.528	0.00148894
-0.527	0.00152271
-0.526	0.00155729
-0.525	0.00159268
-0.524	0.00162893
-0.523	0.00166606
-0.522	0.00170408
-0.521	0.00174303
-0.52	0.00178292
-0.519	0.00182378
-0.518	0.00186564
-0.517	0.00190852
-0.516	0.00195245
-0.515	0.00199743
-0.514	0.00204351
-0.513	0.0020907
-0.512	0.00213902
-0.511	0.00218851
-0.51	0.00223917
-0.509	0.00229103
-0.508	0.00234411
-0.507	0.00239844
-0.506	0.00245403
-0.505	0.00251091
-0.504	0.00256911
-0.503	0.00262863
-0.502	0.00268951
-0.501	0.00275177
-0.5	0.00281543
-0.499	0.00288052
-0.498	0.00294707
-0.497	0.00301508
-0.496	0.00308461
-0.495	0.00315567
-0.494	0.00322829
-0.493	0.00330252
-0.492	0.00337836
-0.491	0.00345587
-0.49	0.00353508
-0.489	0.00361603
-0.488	0.00369875
-0.487	0.00378328
-0.486	0.00386967
-0.485	0.00395797
-0.484	0.00404822
-0.483	0.00414046
-0.482	0.00423476
-0.481	0.00433116
-0.48	0.00442972
-0.479	0.0045305
-0.478	0.00463354
-0.477	0.00473892
-0.476	0.0048467
-0.475	0.00495693
-0.474	0.00506969
-0.473	0.00518503
-0.472	0.00530304
-0.471	0.00542378
-0.47	0.00554731
-0.469	0.00567371
-0.468	0.00580306
-0.467	0.00593542
-0.466	0.00607088
-0.465	0.00620951
-0.464	0.00635138
-0.463	0.00649658
-0.462	0.00664517
-0.461	0.00679725
-0.46	0.00695288
-0.459	0.00711216
-0.458	0.00727515
-0.457	0.00744195
-0.456	0.00761263
-0.455	0.00778728
-0.454	0.00796599
-0.453	0.00814883
-0.452	0.00833589
-0.451	0.00852727
-0.45	0.00872305
-0.449	0.00892332
-0.448	0.00912818
-0.447	0.00933772
-0.446	0.00955203
-0.445	0.00977121
-0.444	0.00999537
-0.443	0.0102246
-0.442	0.010459
-0.441	0.0106988
-0.44	0.0109439
-0.439	0.0111945
-0.438	0.0114508
-0.437	0.0117129
-0.436	0.0119808
-0.435	0.0122548
-0.434	0.012535
-0.433	0.0128214
-0.432	0.0131143
-0.431	0.0134137
-0.43	0.01372
-0.429	0.0140331
-0.428	0.0143533
-0.427	0.0146807
-0.426	0.0150155
-0.425	0.0153579
-0.424	0.0157081
-0.423	0.0160662
-0.422	0.0164324
-0.421	0.016807
-0.42	0.0171902
-0.419	0.0175821
-0.418	0.0179829
-0.417	0.0183929
-0.416	0.0188123
-0.415	0.0192414
-0.414	0.0196802
-0.413	0.0201292
-0.412	0.0205885
-0.411	0.0210583
-0.41	0.021539
-0.409	0.0220307
-0.408	0.0225338
-0.407	0.0230484
-0.406	0.0235749
-0.405	0.0241135
-0.404	0.0246645
-0.403	0.0252282
-0.402	0.0258048
-0.401	0.0263947
-0.4	0.0269982
-0.399	0.0276155
-0.398	0.0282469
-0.397	0.0288929
-0.396	0.0295536
-0.395	0.0302295
-0.394	0.0309208
-0.393	0.0316279
-0.392	0.0323512
-0.391	0.0330909
-0.39	0.0338476
-0.389	0.0346214
-0.388	0.0354129
-0.387	0.0362224
-0.386	0.0370503
-0.385	0.0378971
-0.384	0.038763
-0.383	0.0396487
-0.382	0.0405545
-0.381	0.0414808
-0.38	0.0424282
-0.379	0.0433971
-0.378	0.044388
-0.377	0.0454014
-0.376	0.0464378
-0.375	0.0474978
-0.374	0.0485819
-0.373	0.0496907
-0.372	0.0508246
-0.371	0.0519844
-0.37	0.0531706
-0.369	0.0543838
-0.368	0.0556246
-0.367	0.0568938
-0.366	0.0581919
-0.365	0.0595196
-0.364	0.0608776
-0.363	0.0622666
-0.362	0.0636874
-0.361	0.0651406
-0.36	0.0666271
-0.359	0.0681476
-0.358	0.0697028
-0.357	0.0712936
-0.356	0.0729208
-0.355	0.0745853
-0.354	0.0762879
-0.353	0.0780294
-0.352	0.0798107
-0.351	0.0816329
-0.35	0.0834967
-0.349	0.0854705
-0.348	0.0876165
-0.347	0.0899233
-0.346	0.0923791
-0.345	0.0949721
-0.344	0.0976907
-0.343	0.100523
-0.342	0.103459
-0.341	0.106487
-0.34	0.109598
-0.339	0.112732
-0.338	0.115825
-0.337	0.118862
-0.336	0.121834
-0.335	0.124728
-0.334	0.127537
-0.333	0.13025
-0.332	0.132861
-0.331	0.135363
-0.33	0.137748
-0.329	0.140013
-0.328	0.142152
-0.327	0.14416
-0.326	0.146035
-0.325	0.147774
-0.324	0.149375
-0.323	0.150836
-0.322	0.152156
-0.321	0.153336
-0.32	0.154375
-0.319	0.155276
-0.318	0.156039
-0.317	0.156666
-0.316	0.157162
-0.315	0.15753
-0.314	0.157773
-0.313	0.157898
-0.312	0.157909
-0.311	0.157813
-0.31	0.157617
-0.309	0.157329
-0.308	0.156956
-0.307	0.156509
-0.306	0.155996
-0.305	0.155427
-0.304	0.154813
-0.303	0.154166
-0.302	0.153498
-0.301	0.15282
-0.3	0.152145
-0.299	0.151487
-0.298	0.150857
-0.297	0.15027
-0.296	0.149739
-0.295	0.149277
-0.294	0.148896
-0.293	0.148609
-0.292	0.148427
-0.291	0.148362
-0.29	0.148422
-0.289	0.148618
-0.288	0.148957
-0.287	0.149444
-0.286	0.150086
-0.285	0.150884
-0.284	0.151842
-0.283	0.152959
-0.282	0.154233
-0.281	0.155663
-0.28	0.157243
-0.279	0.158969
-0.278	0.160833
-0.277	0.162829
-0.276	0.164947
-0.275	0.167178
-0.274	0.169513
-0.273	0.17194
-0.272	0.17445
-0.271	0.177032
-0.27	0.179674
-0.269	0.182365
-0.268	0.185096
-0.267	0.187854
-0.266	0.190631
-0.265	0.193415
-0.264	0.196198
-0.263	0.19897
-0.262	0.201722
-0.261	0.204446
-0.26	0.207134
-0.259	0.209847
-0.258	0.212642
-0.257	0.215513
-0.256	0.218454
-0.255	0.221457
-0.254	0.224514
-0.253	0.227619
-0.252	0.230765
-0.251	0.233945
-0.25	0.237151
-0.249	0.240379
-0.248	0.24362
-0.247	0.246869
-0.246	0.25012
-0.245	0.253368
-0.244	0.256606
-0.243	0.25983
-0.242	0.263035
-0.241	0.266215
-0.24	0.269368
-0.239	0.272488
-0.238	0.275573
-0.237	0.278618
-0.236	0.28162
-0.235	0.284577
-0.234	0.287486
-0.233	0.290345
-0.232	0.293153
-0.231	0.295906
-0.23	0.298605
-0.229	0.301248
-0.228	0.303835
-0.227	0.306365
-0.226	0.308838
-0.225	0.311254
-0.224	0.313614
-0.223	0.315919
-0.222	0.31817
-0.221	0.320368
-0.22	0.322515
-0.219	0.324612
-0.218	0.326663
-0.217	0.328669
-0.216	0.330633
-0.215	0.332557
-0.214	0.334446
-0.213	0.336302
-0.212	0.338129
-0.211	0.339931
-0.21	0.341711
-0.209	0.343474
-0.208	0.345223
-0.207	0.346964
-0.206	0.348699
-0.205	0.350435
-0.204	0.352174
-0.203	0.353923
-0.202	0.355686
-0.201	0.357466
-0.2	0.359269
-0.199	0.3611
-0.198	0.362963
-0.197	0.364861
-0.196	0.366801
-0.195	0.368785
-0.194	0.370818
-0.193	0.372903
-0.192	0.375045
-0.191	0.377246
-0.19	0.379511
-0.189	0.381841
-0.188	0.384241
-0.187	0.386712
-0.186	0.389256
-0.185	0.391876
-0.184	0.394574
-0.183	0.397349
-0.182	0.400205
-0.181	0.403141
-0.18	0.406158
-0.179	0.409277
-0.178	0.412513
-0.177	0.415865
-0.176	0.419331
-0.175	0.422907
-0.174	0.426593
-0.173	0.430383
-0.172	0.434274
-0.171	0.438264
-0.17	0.442347
-0.169	0.44652
-0.168	0.450778
-0.167	0.455116
-0.166	0.459529
-0.165	0.464013
-0.164	0.468563
-0.163	0.473173
-0.162	0.477838
-0.161	0.482553
-0.16	0.487313
-0.159	0.492113
-0.158	0.496948
-0.157	0.501813
-0.156	0.506703
-0.155	0.511613
-0.154	0.51654
-0.153	0.521477
-0.152	0.526422
-0.151	0.53137
-0.15	0.536318
-0.149	0.54126
-0.148	0.546195
-0.147	0.551119
-0.146	0.556029
-0.145	0.560921
-0.144	0.565795
-0.143	0.570646
-0.142	0.575474
-0.141	0.580276
-0.14	0.585051
-0.139	0.589798
-0.138	0.594516
-0.137	0.599204
-0.136	0.60386
-0.135	0.608487
-0.134	0.613083
-0.133	0.617648
-0.132	0.622184
-0.131	0.626691
-0.13	0.63117
-0.129	0.635622
-0.128	0.64005
-0.127	0.644454
-0.126	0.648836
-0.125	0.653199
-0.124	0.657546
-0.123	0.661878
-0.122	0.666198
-0.121	0.67051
-0.12	0.674816
-0.119	0.67912
-0.118	0.683424
-0.117	0.687733
-0.116	0.69205
-0.115	0.696378
-0.114	0.700721
-0.113	0.705083
-0.112	0.709467
-0.111	0.713879
-0.11	0.71832
-0.109	0.722795
-0.108	0.727309
-0.107	0.731864
-0.106	0.736465
-0.105	0.741115
-0.104	0.745817
-0.103	0.750576
-0.102	0.755394
-0.101	0.760276
-0.1	0.765223