-3.037	0
-3.036	0
-3.035	0
-3.034	0
-3.033	0
-3.032	0
-3.031	0
-3.03	0
-3.029	0
-3.028	0
-3.027	0
-3.026	0
-3.025	0
-3.024	0
-3.023	0
-3.022	0
-3.021	0
-3.02	0
-3.019	0
-3.018	0
-3.017	0
-3.016	0
-3.015	0
-3.014	0
-3.013	0
-3.012	0
-3.011	0
-3.01	0
-3.009	0
-3.008	0
-3.007	0
-3.006	0
-3.005	0
-3.004	0
-3.003	0
-3.002	0
-3.001	0
-3	0
-2.999	0
-2.998	0
-2.997	0
-2.996	0
-2.995	0
-2.994	0
-2.993	0
-2.992	0
-2.991	0
-2.99	0
-2.989	0
-2.988	0
-2.987	0
-2.986	0
-2.985	0
-2.984	0
-2.983	0
-2.982	0
-2.981	0
-2.98	0
-2.979	0
-2.978	0
-2.977	0
-2.976	0
-2.975	0
-2.974	0
-2.973	0
-2.972	0
-2.971	0
-2.97	0
-2.969	0
-2.968	0
-2.967	0
-2.966	0
-2.965	0
-2.964	0
-2.963	0
-2.962	0
-2.961	0
-2.96	0
-2.959	0
-2.958	0
-2.957	0
-2.956	0
-2.955	0
-2.954	0
-2.953	0
-2.952	0
-2.951	0
-2.95	0
-2.949	0
-2.948	0
-2.947	0
-2.946	0
-2.945	0
-2.944	0
-2.943	0
-2.942	0
-2.941	0
-2.94	0
-2.939	0
-2.938	0
-2.937	0
-2.936	0
-2.935	0
-2.934	0
-2.933	0
-2.932	0
-2.931	0
-2.93	0
-2.929	0
-2.928	0
-2.927	0
-2.926	0
-2.925	0
-2.924	0
-2.923	0
-2.922	0
-2.921	0
-2.92	0
-2.919	0
-2.918	0
-2.917	0
-2.916	0
-2.915	0
-2.914	0
-2.913	0
-2.912	0
-2.911	0
-2.91	0
-2.909	0
-2.908	0
-2.907	0
-2.906	0
-2.905	0
-2.904	0
-2.903	0
-2.902	0
-2.901	0
-2.9	0
-2.899	0
-2.898	0
-2.897	0
-2.896	0
-2.895	0
-2.894	0
-2.893	0
-2.892	0
-2.891	0
-2.89	0
-2.889	0
-2.888	0
-2.887	0
-2.886	0
-2.885	0
-2.884	0
-2.883	0
-2.882	0
-2.881	0
-2.88	0
-2.879	0
-2.878	0
-2.877	0
-2.876	0
-2.875	0
-2.874	0
-2.873	0
-2.872	0
-2.871	0
-2.87	0
-2.869	0
-2.868	0
-2.867	0
-2.866	0
-2.865	0
-2.864	0
-2.863	0
-2.862	0
-2.861	0
-2.86	0
-2.859	0
-2.858	0
-2.857	0
-2.856	0
-2.855	0
-2.854	0
-2.853	0
-2.852	0
-2.851	0
-2.85	0
-2.849	0
-2.848	0
-2.847	0
-2.846	0
-2.845	0
-2.844	0
-2.843	0
-2.842	0
-2.841	0
-2.84	0
-2.839	0
-2.838	0
-2.837	0
-2.836	0
-2.835	0
-2.834	0
-2.833	0
-2.832	0
-2.831	0
-2.83	0
-2.829	0
-2.828	0
-2.827	0
-2.826	0
-2.825	0
-2.824	0
-2.823	0
-2.822	0
-2.821	0
-2.82	0
-2.819	0
-2.818	0
-2.817	0
-2.816	0
-2.815	0
-2.814	0
-2.813	0
-2.812	0
-2.811	0
-2.81	0
-2.809	0
-2.808	0
-2.807	0
-2.806	0
-2.805	0
-2.804	0
-2.803	0
-2.802	0
-2.801	0
-2.8	0
-2.799	0
-2.798	0
-2.797	0
-2.796	0
-2.795	0
-2.794	0
-2.793	0
-2.792	0
-2.791	0
-2.79	0
-2.789	0
-2.788	0
-2.787	0
-2.786	0
-2.785	0
-2.784	0
-2.783	0
-2.782	0
-2.781	0
-2.78	0
-2.779	0
-2.778	0
-2.777	0
-2.776	0
-2.775	0
-2.774	0
-2.773	0
-2.772	0
-2.771	0
-2.77	0
-2.769	0
-2.768	0
-2.767	0
-2.766	0
-2.765	0
-2.764	0
-2.763	0
-2.762	0
-2.761	0
-2.76	0
-2.759	0
-2.758	0
-2.757	0
-2.756	0
-2.755	0
-2.754	0
-2.753	0
-2.752	0
-2.751	0
-2.75	0
-2.749	0
-2.748	0
-2.747	0
-2.746	0
-2.745	0
-2.744	0
-2.743	0
-2.742	0
-2.741	0
-2.74	0
-2.739	0
-2.738	0
-2.737	0
-2.736	0
-2.735	0
-2.734	0
-2.733	0
-2.732	0
-2.731	0
-2.73	0
-2.729	0
-2.728	0
-2.727	0
-2.726	0
-2.725	0
-2.724	0
-2.723	0
-2.722	0
-2.721	0
-2.72	0
-2.719	0
-2.718	0
-2.717	0
-2.716	0
-2.715	0
-2.714	0
-2.713	0
-2.712	0
-2.711	0
-2.71	0
-2.709	0
-2.708	0
-2.707	0
-2.706	0
-2.705	0
-2.704	0
-2.703	0
-2.702	0
-2.701	0
-2.7	0
-2.699	0
-2.698	0
-2.697	0
-2.696	0
-2.695	0
-2.694	0
-2.693	0
-2.692	0
-2.691	0
-2.69	0
-2.689	0
-2.688	0
-2.687	0
-2.686	0
-2.685	0
-2.684	0
-2.683	0
-2.682	0
-2.681	0
-2.68	0
-2.679	0
-2.678	0
-2.677	0
-2.676	0
-2.675	0
-2.674	0
-2.673	0
-2.672	0
-2.671	0
-2.67	0
-2.669	0
-2.668	0
-2.667	0
-2.666	0
-2.665	0
-2.664	0
-2.663	0
-2.662	0
-2.661	0
-2.66	0
-2.659	0
-2.658	0
-2.657	0
-2.656	0
-2.655	0
-2.654	0
-2.653	0
-2.652	0
-2.651	0
-2.65	0
-2.649	0
-2.648	0
-2.647	0
-2.646	0
-2.645	0
-2.644	0
-2.643	0
-2.642	0
-2.641	0
-2.64	0
-2.639	0
-2.638	0
-2.637	0
-2.636	0
-2.635	0
-2.634	0
-2.633	0
-2.632	0
-2.631	0
-2.63	0
-2.629	0
-2.628	0
-2.627	0
-2.626	0
-2.625	0
-2.624	0
-2.623	0
-2.622	0
-2.621	0
-2.62	0
-2.619	0
-2.618	0
-2.617	0
-2.616	0
-2.615	0
-2.614	0
-2.613	0
-2.612	0
-2.611	0
-2.61	0
-2.609	0
-2.608	0
-2.607	0
-2.606	0
-2.605	0
-2.604	0
-2.603	0
-2.602	0
-2.601	0
-2.6	0
-2.599	0
-2.598	0
-2.597	0
-2.596	0
-2.595	0
-2.594	0
-2.593	0
-2.592	0
-2.591	0
-2.59	0
-2.589	0
-2.588	0
-2.587	0
-2.586	0
-2.585	0
-2.584	0
-2.583	0
-2.582	0
-2.581	0
-2.58	0
-2.579	0
-2.578	0
-2.577	0
-2.576	0
-2.575	0
-2.574	0
-2.573	0
-2.572	0
-2.571	0
-2.57	0
-2.569	0
-2.568	0
-2.567	0
-2.566	0
-2.565	0
-2.564	0
-2.563	0
-2.562	0
-2.561	0
-2.56	0
-2.559	0
-2.558	0
-2.557	0
-2.556	0
-2.555	0
-2.554	0
-2.553	0
-2.552	0
-2.551	0
-2.55	0
-2.549	0
-2.548	0
-2.547	0
-2.546	0
-2.545	0
-2.544	0
-2.543	0
-2.542	0
-2.541	0
-2.54	0
-2.539	0
-2.538	0
-2.537	0
-2.536	0
-2.535	0
-2.534	0
-2.533	0
-2.532	0
-2.531	0
-2.53	0
-2.529	0
-2.528	0
-2.527	0
-2.526	0
-2.525	0
-2.524	0
-2.523	0
-2.522	0
-2.521	0
-2.52	0
-2.519	0
-2.518	0
-2.517	0
-2.516	0
-2.515	0
-2.514	0
-2.513	0
-2.512	0
-2.511	0
-2.51	0
-2.509	0
-2.508	0
-2.507	0
-2.506	0
-2.505	0
-2.504	0
-2.503	0
-2.502	0
-2.501	0
-2.5	0
-2.499	0
-2.498	0
-2.497	0
-2.496	0
-2.495	0
-2.494	0
-2.493	0
-2.492	0
-2.491	0
-2.49	0
-2.489	0
-2.488	0
-2.487	0
-2.486	0
-2.485	0
-2.484	0
-2.483	0
-2.482	0
-2.481	0
-2.48	0
-2.479	0
-2.478	0
-2.477	0
-2.476	0
-2.475	0
-2.474	0
-2.473	0
-2.472	0
-2.471	0
-2.47	0
-2.469	0
-2.468	0
-2.467	0
-2.466	0
-2.465	0
-2.464	0
-2.463	0
-2.462	0
-2.461	0
-2.46	0
-2.459	0
-2.458	0
-2.457	0
-2.456	0
-2.455	0
-2.454	0
-2.453	0
-2.452	0
-2.451	0
-2.45	0
-2.449	0
-2.448	0
-2.447	0
-2.446	0
-2.445	0
-2.444	0
-2.443	0
-2.442	0
-2.441	0
-2.44	0
-2.439	0
-2.438	0
-2.437	0
-2.436	0
-2.435	0
-2.434	0
-2.433	0
-2.432	0
-2.431	0
-2.43	0
-2.429	0
-2.428	0
-2.427	0
-2.426	0
-2.425	0
-2.424	0
-2.423	0
-2.422	0
-2.421	0
-2.42	0
-2.419	0
-2.418	0
-2.417	0
-2.416	0
-2.415	0
-2.414	0
-2.413	0
-2.412	0
-2.411	0
-2.41	0
-2.409	0
-2.408	0
-2.407	0
-2.406	0
-2.405	0
-2.404	0
-2.403	0
-2.402	0
-2.401	0
-2.4	0
-2.399	0
-2.398	0
-2.397	0
-2.396	0
-2.395	0
-2.394	0
-2.393	0
-2.392	0
-2.391	0
-2.39	0
-2.389	0
-2.388	0
-2.387	0
-2.386	0
-2.385	0
-2.384	0
-2.383	0
-2.382	0
-2.381	0
-2.38	0
-2.379	0
-2.378	0
-2.377	0
-2.376	0
-2.375	0
-2.374	0
-2.373	0
-2.372	0
-2.371	0
-2.37	0
-2.369	0
-2.368	0
-2.367	0
-2.366	0
-2.365	0
-2.364	0
-2.363	0
-2.362	0
-2.361	0
-2.36	0
-2.359	0
-2.358	0
-2.357	0
-2.356	0
-2.355	0
-2.354	0
-2.353	0
-2.352	0
-2.351	0
-2.35	0
-2.349	0
-2.348	0
-2.347	0
-2.346	0
-2.345	0
-2.344	0
-2.343	0
-2.342	0
-2.341	0
-2.34	0
-2.339	0
-2.338	0
-2.337	0
-2.336	0
-2.335	0
-2.334	0
-2.333	0
-2.332	0
-2.331	0
-2.33	0
-2.329	0
-2.328	0
-2.327	0
-2.326	0
-2.325	0
-2.324	0
-2.323	0
-2.322	0
-2.321	0
-2.32	0
-2.319	0
-2.318	0
-2.317	0
-2.316	0
-2.315	0
-2.314	0
-2.313	0
-2.312	0
-2.311	0
-2.31	0
-2.309	0
-2.308	0
-2.307	0
-2.306	0
-2.305	0
-2.304	0
-2.303	0
-2.302	0
-2.301	0
-2.3	0
-2.299	0
-2.298	0
-2.297	0
-2.296	0
-2.295	0
-2.294	0
-2.293	0
-2.292	0
-2.291	0
-2.29	0
-2.289	0
-2.288	0
-2.287	0
-2.286	0
-2.285	0
-2.284	0
-2.283	0
-2.282	0
-2.281	0
-2.28	0
-2.279	0
-2.278	0
-2.277	0
-2.276	0
-2.275	0
-2.274	0
-2.273	0
-2.272	0
-2.271	0
-2.27	0
-2.269	0
-2.268	0
-2.267	0
-2.266	0
-2.265	0
-2.264	0
-2.263	0
-2.262	0
-2.261	0
-2.26	0
-2.259	0
-2.258	0
-2.257	0
-2.256	0
-2.255	0
-2.254	0
-2.253	0
-2.252	0
-2.251	0
-2.25	0
-2.249	0
-2.248	0
-2.247	0
-2.246	0
-2.245	0
-2.244	0
-2.243	0
-2.242	0
-2.241	0
-2.24	0
-2.239	0
-2.238	0
-2.237	0
-2.236	0
-2.235	0
-2.234	0
-2.233	0
-2.232	0
-2.231	0
-2.23	0
-2.229	0
-2.228	0
-2.227	0
-2.226	0
-2.225	0
-2.224	0
-2.223	0
-2.222	0
-2.221	0
-2.22	0
-2.219	0
-2.218	0
-2.217	0
-2.216	0
-2.215	0
-2.214	0
-2.213	0
-2.212	0
-2.211	0
-2.21	0
-2.209	0
-2.208	0
-2.207	0
-2.206	0
-2.205	0
-2.204	0
-2.203	0
-2.202	0
-2.201	0
-2.2	0
-2.199	0
-2.198	0
-2.197	0
-2.196	0
-2.195	0
-2.194	0
-2.193	0
-2.192	0
-2.191	0
-2.19	0
-2.189	0
-2.188	0
-2.187	0
-2.186	0
-2.185	0
-2.184	0
-2.183	0
-2.182	0
-2.181	0
-2.18	0
-2.179	0
-2.178	0
-2.177	0
-2.176	0
-2.175	0
-2.174	0
-2.173	0
-2.172	0
-2.171	0
-2.17	0
-2.169	0
-2.168	0
-2.167	0
-2.166	0
-2.165	0
-2.164	0
-2.163	0
-2.162	0
-2.161	0
-2.16	0
-2.159	0
-2.158	0
-2.157	0
-2.156	0
-2.155	0
-2.154	0
-2.153	0
-2.152	0
-2.151	0
-2.15	0
-2.149	0
-2.148	0
-2.147	0
-2.146	0
-2.145	0
-2.144	0
-2.143	0
-2.142	0
-2.141	0
-2.14	0
-2.139	0
-2.138	0
-2.137	0
-2.136	0
-2.135	0
-2.134	0
-2.133	0
-2.132	0
-2.131	0
-2.13	0
-2.129	0
-2.128	0
-2.127	0
-2.126	0
-2.125	0
-2.124	0
-2.123	0
-2.122	0
-2.121	0
-2.12	0
-2.119	0
-2.118	0
-2.117	0
-2.116	0
-2.115	0
-2.114	0
-2.113	0
-2.112	0
-2.111	0
-2.11	0
-2.109	0
-2.108	0
-2.107	0
-2.106	0
-2.105	0
-2.104	0
-2.103	0
-2.102	0
-2.101	0
-2.1	0
-2.099	0
-2.098	0
-2.097	0
-2.096	0
-2.095	0
-2.094	0
-2.093	0
-2.092	0
-2.091	0
-2.09	0
-2.089	0
-2.088	0
-2.087	0
-2.086	0
-2.085	0
-2.084	0
-2.083	0
-2.082	0
-2.081	0
-2.08	0
-2.079	0
-2.078	0
-2.077	0
-2.076	0
-2.075	0
-2.074	0
-2.073	0
-2.072	0
-2.071	0
-2.07	0
-2.069	0
-2.068	0
-2.067	0
-2.066	0
-2.065	0
-2.064	0
-2.063	0
-2.062	0
-2.061	0
-2.06	0
-2.059	0
-2.058	0
-2.057	0
-2.056	0
-2.055	0
-2.054	0
-2.053	0
-2.052	0
-2.051	0
-2.05	0
-2.049	0
-2.048	0
-2.047	0
-2.046	0
-2.045	0
-2.044	0
-2.043	0
-2.042	0
-2.041	0
-2.04	0
-2.039	0
-2.038	0
-2.037	0
-2.036	0
-2.035	0
-2.034	0
-2.033	0
-2.032	0
-2.031	0
-2.03	0
-2.029	0
-2.028	0
-2.027	0
-2.026	0
-2.025	0
-2.024	0
-2.023	0
-2.022	0
-2.021	0
-2.02	0
-2.019	0
-2.018	0
-2.017	0
-2.016	0
-2.015	0
-2.014	0
-2.013	0
-2.012	0
-2.011	0
-2.01	0
-2.009	0
-2.008	0
-2.007	0
-2.006	0
-2.005	0
-2.004	0
-2.003	0
-2.002	0
-2.001	0
-2	0
-1.999	0
-1.998	0
-1.997	0
-1.996	0
-1.995	0
-1.994	0
-1.993	0
-1.992	0
-1.991	0
-1.99	0
-1.989	0
-1.988	0
-1.987	0
-1.986	0
-1.985	0
-1.984	0
-1.983	0
-1.982	0
-1.981	0
-1.98	0
-1.979	0
-1.978	0
-1.977	0
-1.976	0
-1.975	0
-1.974	0
-1.973	0
-1.972	0
-1.971	0
-1.97	0
-1.969	0
-1.968	0
-1.967	0
-1.966	0
-1.965	0
-1.964	0
-1.963	0
-1.962	0
-1.961	0
-1.96	0
-1.959	0
-1.958	0
-1.957	0
-1.956	0
-1.955	0
-1.954	0
-1.953	0
-1.952	0
-1.951	0
-1.95	0
-1.949	0
-1.948	0
-1.947	0
-1.946	0
-1.945	0
-1.944	0
-1.943	0
-1.942	0
-1.941	0
-1.94	0
-1.939	0
-1.938	0
-1.937	0
-1.936	0
-1.935	0
-1.934	0
-1.933	0
-1.932	0
-1.931	0
-1.93	0
-1.929	0
-1.928	0
-1.927	0
-1.926	0
-1.925	0
-1.924	0
-1.923	0
-1.922	0
-1.921	0
-1.92	0
-1.919	0
-1.918	0
-1.917	0
-1.916	0
-1.915	0
-1.914	0
-1.913	0
-1.912	0
-1.911	0
-1.91	0
-1.909	0
-1.908	0
-1.907	0
-1.906	0
-1.905	0
-1.904	0
-1.903	0
-1.902	0
-1.901	0
-1.9	0
-1.899	0
-1.898	0
-1.897	0
-1.896	0
-1.895	0
-1.894	0
-1.893	0
-1.892	0
-1.891	0
-1.89	0
-1.889	0
-1.888	0
-1.887	0
-1.886	0
-1.885	0
-1.884	0
-1.883	0
-1.882	0
-1.881	0
-1.88	0
-1.879	0
-1.878	0
-1.877	0
-1.876	0
-1.875	0
-1.874	0
-1.873	0
-1.872	0
-1.871	0
-1.87	0
-1.869	0
-1.868	0
-1.867	0
-1.866	0
-1.865	0
-1.864	0
-1.863	0
-1.862	0
-1.861	0
-1.86	0
-1.859	0
-1.858	0
-1.857	0
-1.856	0
-1.855	0
-1.854	0
-1.853	0
-1.852	0
-1.851	0
-1.85	0
-1.849	0
-1.848	0
-1.847	0
-1.846	0
-1.845	0
-1.844	0
-1.843	0
-1.842	0
-1.841	0
-1.84	0
-1.839	0
-1.838	0
-1.837	0
-1.836	0
-1.835	0
-1.834	0
-1.833	0
-1.832	0
-1.831	0
-1.83	0
-1.829	0
-1.828	0
-1.827	0
-1.826	0
-1.825	0
-1.824	0
-1.823	0
-1.822	0
-1.821	0
-1.82	0
-1.819	0
-1.818	0
-1.817	0
-1.816	0
-1.815	0
-1.814	0
-1.813	0
-1.812	0
-1.811	0
-1.81	0
-1.809	8.20817e-039
-1.808	2.19379e-038
-1.807	3.66115e-038
-1.806	5.16428e-038
-1.805	8.23662e-038
-1.804	1.52952e-037
-1.803	2.99349e-037
-1.802	5.83501e-037
-1.801	1.1242e-036
-1.8	2.15031e-036
-1.799	4.0941e-036
-1.798	7.76327e-036
-1.797	1.46619e-035
-1.796	2.75797e-035
-1.795	5.16643e-035
-1.794	9.63815e-035
-1.793	1.79054e-034
-1.792	3.31244e-034
-1.791	6.10209e-034
-1.79	1.11935e-033
-1.789	2.04454e-033
-1.788	3.71842e-033
-1.787	6.73354e-033
-1.786	1.21406e-032
-1.785	2.17938e-032
-1.784	3.89506e-032
-1.783	6.93057e-032
-1.782	1.22768e-031
-1.781	2.16498e-031
-1.78	3.80065e-031
-1.779	6.64181e-031
-1.778	1.15538e-030
-1.777	2.0006e-030
-1.776	3.4481e-030
-1.775	5.91519e-030
-1.774	1.00998e-029
-1.773	1.71631e-029
-1.772	2.90272e-029
-1.771	4.88567e-029
-1.77	8.18348e-029
-1.769	1.36405e-028
-1.768	2.26249e-028
-1.767	3.73411e-028
-1.766	6.1322e-028
-1.765	1.00198e-027
-1.764	1.62889e-027
-1.763	2.63453e-027
-1.762	4.23907e-027
-1.761	6.78541e-027
-1.76	1.08044e-026
-1.759	1.71128e-026
-1.758	2.69601e-026
-1.757	4.22452e-026
-1.756	6.58366e-026
-1.755	1.0204e-025
-1.754	1.57276e-025
-1.753	2.41056e-025
-1.752	3.6738e-025
-1.751	5.5671e-025
-1.75	8.38749e-025
-1.749	1.25631e-024
-1.748	1.87067e-024
-1.747	2.76886e-024
-1.746	4.07362e-024
-1.745	5.95668e-024
-1.744	8.65643e-024
-1.743	1.25012e-023
-1.742	1.79392e-023
-1.741	2.55775e-023
-1.74	3.62309e-023
-1.739	5.09827e-023
-1.738	7.12599e-023
-1.737	9.89235e-023
-1.736	1.36376e-022
-1.735	1.86682e-022
-1.734	2.53713e-022
-1.733	3.4229e-022
-1.732	4.58342e-022
-1.731	6.09055e-022
-1.73	8.03e-022
-1.729	1.05022e-021
-1.728	1.36221e-021
-1.727	1.75189e-021
-1.726	2.23324e-021
-1.725	2.8209e-021
-1.724	3.52935e-021
-1.723	4.37181e-021
-1.722	5.35861e-021
-1.721	6.49508e-021
-1.72	7.77879e-021
-1.719	9.19598e-021
-1.718	1.07174e-020
-1.717	1.22928e-020
-1.716	1.38455e-020
-1.715	1.52647e-020
-1.714	1.6398e-020
-1.713	1.70425e-020
-1.712	1.69356e-020
-1.711	1.57446e-020
-1.71	1.30565e-020
-1.709	8.3669e-021
-1.708	1.06921e-021
-1.707	9.55669e-021
-1.706	2.43554e-020
-1.705	4.43072e-020
-1.704	7.05392e-020
-1.703	1.04337e-019
-1.702	1.47156e-019
-1.701	2.00637e-019
-1.7	2.66614e-019
-1.699	3.47136e-019
-1.698	4.44482e-019
-1.697	5.61177e-019
-1.696	7.00017e-019
-1.695	8.64087e-019
-1.694	1.05679e-018
-1.693	1.28186e-018
-1.692	1.54342e-018
-1.691	1.84595e-018
-1.69	2.19439e-018
-1.689	2.59408e-018
-1.688	3.05086e-018
-1.687	3.57105e-018
-1.686	4.16148e-018
-1.685	4.82954e-018
-1.684	5.58317e-018
-1.683	6.4309e-018
-1.682	7.3819e-018
-1.681	8.44595e-018
-1.68	9.63355e-018
-1.679	1.09559e-017
-1.678	1.24248e-017
-1.677	1.40532e-017
-1.676	1.58544e-017
-1.675	1.78427e-017
-1.674	2.00335e-017
-1.673	2.24427e-017
-1.672	2.50873e-017
-1.671	2.79853e-017
-1.67	3.11554e-017
-1.669	3.46174e-017
-1.668	3.83921e-017
-1.667	4.25014e-017
-1.666	4.69679e-017
-1.665	5.18156e-017
-1.664	5.70693e-017
-1.663	6.2755e-017
-1.662	6.88999e-017
-1.661	7.5532e-017
-1.66	8.26807e-017
-1.659	9.03763e-017
-1.658	9.86505e-017
-1.657	1.07536e-016
-1.656	1.17066e-016
-1.655	1.27277e-016
-1.654	1.38203e-016
-1.653	1.49882e-016
-1.652	1.62352e-016
-1.651	1.75653e-016
-1.65	1.89824e-016
-1.649	2.04907e-016
-1.648	2.20944e-016
-1.647	2.37977e-016
-1.646	2.56052e-016
-1.645	2.75212e-016
-1.644	2.95503e-016
-1.643	3.16972e-016
-1.642	3.39664e-016
-1.641	3.63627e-016
-1.64	3.88908e-016
-1.639	4.15556e-016
-1.638	4.43617e-016
-1.637	4.7314e-016
-1.636	5.04171e-016
-1.635	5.36759e-016
-1.634	5.7095e-016
-1.633	6.06789e-016
-1.632	6.44322e-016
-1.631	6.83592e-016
-1.63	7.24642e-016
-1.629	7.67513e-016
-1.628	8.12244e-016
-1.627	8.58871e-016
-1.626	9.07431e-016
-1.625	9.57953e-016
-1.624	1.01047e-015
-1.623	1.065e-015
-1.622	1.12158e-015
-1.621	1.18021e-015
-1.62	1.24092e-015
-1.619	1.30372e-015
-1.618	1.36861e-015
-1.617	1.43558e-015
-1.616	1.50465e-015
-1.615	1.57579e-015
-1.614	1.64899e-015
-1.613	1.72422e-015
-1.612	1.80146e-015
-1.611	1.88067e-015
-1.61	1.9618e-015
-1.609	2.0448e-015
-1.608	2.12961e-015
-1.607	2.21617e-015
-1.606	2.30439e-015
-1.605	2.39419e-015
-1.604	2.48546e-015
-1.603	2.57812e-015
-1.602	2.67203e-015
-1.601	2.76708e-015
-1.6	2.86313e-015
-1.599	2.96003e-015
-1.598	3.05764e-015
-1.597	3.15578e-015
-1.596	3.25428e-015
-1.595	3.35297e-015
-1.594	3.45164e-015
-1.593	3.5501e-015
-1.592	3.64813e-015
-1.591	3.74551e-015
-1.59	3.84202e-015
-1.589	3.93743e-015
-1.588	4.0315e-015
-1.587	4.12399e-015
-1.586	4.21465e-015
-1.585	4.30323e-015
-1.584	4.3895e-015
-1.583	4.47319e-015
-1.582	4.55408e-015
-1.581	4.63191e-015
-1.58	4.70647e-015
-1.579	4.77754e-015
-1.578	4.84492e-015
-1.577	4.90843e-015
-1.576	4.96789e-015
-1.575	5.02318e-015
-1.574	5.07418e-015
-1.573	5.12083e-015
-1.572	5.1631e-015
-1.571	5.201e-015
-1.57	5.23461e-015
-1.569	5.26405e-015
-1.568	5.28953e-015
-1.567	5.31132e-015
-1.566	5.32977e-015
-1.565	5.34531e-015
-1.564	5.35851e-015
-1.563	5.36999e-015
-1.562	5.3805e-015
-1.561	5.39089e-015
-1.56	5.40215e-015
-1.559	5.41532e-015
-1.558	5.43157e-015
-1.557	5.45216e-015
-1.556	5.47838e-015
-1.555	5.51161e-015
-1.554	5.55319e-015
-1.553	5.60445e-015
-1.552	5.66663e-015
-1.551	5.74088e-015
-1.55	5.82815e-015
-1.549	5.9292e-015
-1.548	6.04453e-015
-1.547	6.1744e-015
-1.546	6.31873e-015
-1.545	6.47716e-015
-1.544	6.64902e-015
-1.543	6.83331e-015
-1.542	7.02875e-015
-1.541	7.23381e-015
-1.54	7.44665e-015
-1.539	7.66523e-015
-1.538	7.88722e-015
-1.537	8.11017e-015
-1.536	8.33137e-015
-1.535	8.54795e-015
-1.534	8.75681e-015
-1.533	8.95476e-015
-1.532	9.13839e-015
-1.531	9.30418e-015
-1.53	9.44842e-015
-1.529	9.56729e-015
-1.528	9.65686e-015
-1.527	9.71302e-015
-1.526	9.73166e-015
-1.525	9.70859e-015
-1.524	9.63964e-015
-1.523	9.52068e-015
-1.522	9.34781e-015
-1.521	9.11743e-015
-1.52	8.82662e-015
-1.519	8.47341e-015
-1.518	8.05752e-015
-1.517	7.58153e-015
-1.516	7.05263e-015
-1.515	6.48627e-015
-1.514	5.91202e-015
-1.513	5.38346e-015
-1.512	4.99049e-015
-1.511	4.86116e-015
-1.51	5.12352e-015
-1.509	5.83625e-015
-1.508	6.97091e-015
-1.507	8.46332e-015
-1.506	1.02581e-014
-1.505	1.23193e-014
-1.504	1.46269e-014
-1.503	1.71709e-014
-1.502	1.99476e-014
-1.501	2.29571e-014
-1.5	2.62017e-014
-1.499	2.96852e-014
-1.498	3.34122e-014
-1.497	3.73878e-014
-1.496	4.16174e-014
-1.495	4.61062e-014
-1.494	5.08594e-014
-1.493	5.5882e-014
-1.492	6.11789e-014
-1.491	6.67541e-014
-1.49	7.26117e-014
-1.489	7.87549e-014
-1.488	8.51865e-014
-1.487	9.19086e-014
-1.486	9.89223e-014
-1.485	1.06228e-013
-1.484	1.13827e-013
-1.483	1.21716e-013
-1.482	1.29893e-013
-1.481	1.38356e-013
-1.48	1.471e-013
-1.479	1.5612e-013
-1.478	1.65409e-013
-1.477	1.74959e-013
-1.476	1.84761e-013
-1.475	1.94804e-013
-1.474	2.05076e-013
-1.473	2.15564e-013
-1.472	2.26252e-013
-1.471	2.37123e-013
-1.47	2.4816e-013
-1.469	2.59342e-013
-1.468	2.70649e-013
-1.467	2.82055e-013
-1.466	2.93537e-013
-1.465	3.05068e-013
-1.464	3.1662e-013
-1.463	3.28162e-013
-1.462	3.39662e-013
-1.461	3.51089e-013
-1.46	3.62405e-013
-1.459	3.73577e-013
-1.458	3.84565e-013
-1.457	3.95333e-013
-1.456	4.05839e-013
-1.455	4.16045e-013
-1.454	4.25909e-013
-1.453	4.35389e-013
-1.452	4.44447e-013
-1.451	4.53041e-013
-1.45	4.61133e-013
-1.449	4.68685e-013
-1.448	4.75664e-013
-1.447	4.82036e-013
-1.446	4.87777e-013
-1.445	4.92862e-013
-1.444	4.97278e-013
-1.443	5.01018e-013
-1.442	5.04085e-013
-1.441	5.06495e-013
-1.44	5.0828e-013
-1.439	5.09486e-013
-1.438	5.10183e-013
-1.437	5.10466e-013
-1.436	5.10455e-013
-1.435	5.10304e-013
-1.434	5.10208e-013
-1.433	5.10394e-013
-1.432	5.11138e-013
-1.431	5.12757e-013
-1.43	5.1561e-013
-1.429	5.20097e-013
-1.428	5.2664e-013
-1.427	5.35681e-013
-1.426	5.47657e-013
-1.425	5.62984e-013
-1.424	5.82038e-013
-1.423	6.0514e-013
-1.422	6.32539e-013
-1.421	6.64417e-013
-1.42	7.00885e-013
-1.419	7.41986e-013
-1.418	7.87716e-013
-1.417	8.38022e-013
-1.416	8.92824e-013
-1.415	9.52013e-013
-1.414	1.01546e-012
-1.413	1.08303e-012
-1.412	1.15459e-012
-1.411	1.22996e-012
-1.41	1.309e-012
-1.409	1.39153e-012
-1.408	1.47738e-012
-1.407	1.56638e-012
-1.406	1.65832e-012
-1.405	1.753e-012
-1.404	1.85023e-012
-1.403	1.94977e-012
-1.402	2.05139e-012
-1.401	2.15485e-012
-1.4	2.25987e-012
-1.399	2.36619e-012
-1.398	2.47351e-012
-1.397	2.58153e-012
-1.396	2.68993e-012
-1.395	2.79837e-012
-1.394	2.9065e-012
-1.393	3.01395e-012
-1.392	3.12035e-012
-1.391	3.22532e-012
-1.39	3.32844e-012
-1.389	3.42931e-012
-1.388	3.52751e-012
-1.387	3.62261e-012
-1.386	3.7142e-012
-1.385	3.80185e-012
-1.384	3.88515e-012
-1.383	3.96369e-012
-1.382	4.03709e-012
-1.381	4.10497e-012
-1.38	4.16703e-012
-1.379	4.22296e-012
-1.378	4.27254e-012
-1.377	4.31562e-012
-1.376	4.35212e-012
-1.375	4.38207e-012
-1.374	4.40566e-012
-1.373	4.42319e-012
-1.372	4.43519e-012
-1.371	4.44239e-012
-1.37	4.4458e-012
-1.369	4.44675e-012
-1.368	4.44691e-012
-1.367	4.44835e-012
-1.366	4.4536e-012
-1.365	4.46563e-012
-1.364	4.48788e-012
-1.363	4.52424e-012
-1.362	4.57894e-012
-1.361	4.65642e-012
-1.36	4.7612e-012
-1.359	4.89763e-012
-1.358	5.06971e-012
-1.357	5.28088e-012
-1.356	5.53388e-012
-1.355	5.83074e-012
-1.354	6.17276e-012
-1.353	6.56057e-012
-1.352	6.99426e-012
-1.351	7.47354e-012
-1.35	7.99775e-012
-1.349	8.56606e-012
-1.348	9.17748e-012
-1.347	9.83092e-012
-1.346	1.05252e-011
-1.345	1.12593e-011
-1.344	1.20317e-011
-1.343	1.28415e-011
-1.342	1.36871e-011
-1.341	1.45673e-011
-1.34	1.54807e-011
-1.339	1.64257e-011
-1.338	1.74009e-011
-1.337	1.84045e-011
-1.336	1.94348e-011
-1.335	2.049e-011
-1.334	2.1568e-011
-1.333	2.26668e-011
-1.332	2.37842e-011
-1.331	2.49178e-011
-1.33	2.6065e-011
-1.329	2.72234e-011
-1.328	2.83902e-011
-1.327	2.95624e-011
-1.326	3.07371e-011
-1.325	3.19111e-011
-1.324	3.30812e-011
-1.323	3.42441e-011
-1.322	3.53962e-011
-1.321	3.6534e-011
-1.32	3.76539e-011
-1.319	3.87523e-011
-1.318	3.98254e-011
-1.317	4.08696e-011
-1.316	4.18811e-011
-1.315	4.28563e-011
-1.314	4.37917e-011
-1.313	4.46839e-011
-1.312	4.55298e-011
-1.311	4.63263e-011
-1.31	4.70709e-011
-1.309	4.77615e-011
-1.308	4.83962e-011
-1.307	4.8974e-011
-1.306	4.94946e-011
-1.305	4.99584e-011
-1.304	5.0367e-011
-1.303	5.07232e-011
-1.302	5.1031e-011
-1.301	5.12962e-011
-1.3	5.15265e-011
-1.299	5.17315e-011
-1.298	5.19234e-011
-1.297	5.21167e-011
-1.296	5.23289e-011
-1.295	5.25805e-011
-1.294	5.28947e-011
-1.293	5.32979e-011
-1.292	5.38192e-011
-1.291	5.44895e-011
-1.29	5.53417e-011
-1.289	5.64088e-011
-1.288	5.77236e-011
-1.287	5.93169e-011
-1.286	6.12171e-011
-1.285	6.34485e-011
-1.284	6.6031e-011
-1.283	6.89798e-011
-1.282	7.23051e-011
-1.281	7.60127e-011
-1.28	8.01042e-011
-1.279	8.45776e-011
-1.278	8.94279e-011
-1.277	9.4648e-011
-1.276	1.00229e-010
-1.275	1.06159e-010
-1.274	1.12428e-010
-1.273	1.19022e-010
-1.272	1.25929e-010
-1.271	1.33133e-010
-1.27	1.4062e-010
-1.269	1.48375e-010
-1.268	1.5638e-010
-1.267	1.6462e-010
-1.266	1.73077e-010
-1.265	1.81733e-010
-1.264	1.90568e-010
-1.263	1.99563e-010
-1.262	2.08696e-010
-1.261	2.17948e-010
-1.26	2.27294e-010
-1.259	2.36713e-010
-1.258	2.4618e-010
-1.257	2.55671e-010
-1.256	2.65159e-010
-1.255	2.7462e-010
-1.254	2.84027e-010
-1.253	2.93353e-010
-1.252	3.02569e-010
-1.251	3.11649e-010
-1.25	3.20564e-010
-1.249	3.29288e-010
-1.248	3.37792e-010
-1.247	3.46051e-010
-1.246	3.54037e-010
-1.245	3.61727e-010
-1.244	3.69096e-010
-1.243	3.76124e-010
-1.242	3.82793e-010
-1.241	3.89084e-010
-1.24	3.94987e-010
-1.239	4.00493e-010
-1.238	4.05598e-010
-1.237	4.10305e-010
-1.236	4.14623e-010
-1.235	4.18568e-010
-1.234	4.22168e-010
-1.233	4.25457e-010
-1.232	4.28482e-010
-1.231	4.31306e-010
-1.23	4.34e-010
-1.229	4.36656e-010
-1.228	4.3938e-010
-1.227	4.42296e-010
-1.226	4.45544e-010
-1.225	4.49286e-010
-1.224	4.53698e-010
-1.223	4.5897e-010
-1.222	4.65305e-010
-1.221	4.72915e-010
-1.22	4.82012e-010
-1.219	4.92808e-010
-1.218	5.05502e-010
-1.217	5.20278e-010
-1.216	5.37302e-010
-1.215	5.56711e-010
-1.214	5.78615e-010
-1.213	6.03095e-010
-1.212	6.30204e-010
-1.211	6.59965e-010
-1.21	6.9238e-010
-1.209	7.27425e-010
-1.208	7.65063e-010
-1.207	8.05234e-010
-1.206	8.47871e-010
-1.205	8.92893e-010
-1.204	9.40211e-010
-1.203	9.89729e-010
-1.202	1.04134e-009
-1.201	1.09495e-009
-1.2	1.15042e-009
-1.199	1.20764e-009
-1.198	1.2665e-009
-1.197	1.32685e-009
-1.196	1.38857e-009
-1.195	1.45152e-009
-1.194	1.51554e-009
-1.193	1.58051e-009
-1.192	1.64625e-009
-1.191	1.71262e-009
-1.19	1.77946e-009
-1.189	1.84659e-009
-1.188	1.91386e-009
-1.187	1.98108e-009
-1.186	2.04809e-009
-1.185	2.11471e-009
-1.184	2.18077e-009
-1.183	2.24607e-009
-1.182	2.31046e-009
-1.181	2.37375e-009
-1.18	2.43577e-009
-1.179	2.49636e-009
-1.178	2.55536e-009
-1.177	2.6126e-009
-1.176	2.66797e-009
-1.175	2.72131e-009
-1.174	2.77253e-009
-1.173	2.82152e-009
-1.172	2.86822e-009
-1.171	2.91256e-009
-1.17	2.95455e-009
-1.169	2.99419e-009
-1.168	3.03153e-009
-1.167	3.06667e-009
-1.166	3.09976e-009
-1.165	3.13099e-009
-1.164	3.16062e-009
-1.163	3.18899e-009
-1.162	3.21649e-009
-1.161	3.24359e-009
-1.16	3.27086e-009
-1.159	3.29894e-009
-1.158	3.32856e-009
-1.157	3.36054e-009
-1.156	3.39578e-009
-1.155	3.43528e-009
-1.154	3.48007e-009
-1.153	3.53126e-009
-1.152	3.58996e-009
-1.151	3.65732e-009
-1.15	3.73446e-009
-1.149	3.82245e-009
-1.148	3.92228e-009
-1.147	4.03486e-009
-1.146	4.16098e-009
-1.145	4.30128e-009
-1.144	4.45627e-009
-1.143	4.62632e-009
-1.142	4.81162e-009
-1.141	5.01226e-009
-1.14	5.22819e-009
-1.139	5.45923e-009
-1.138	5.70512e-009
-1.137	5.96548e-009
-1.136	6.23987e-009
-1.135	6.52777e-009
-1.134	6.82862e-009
-1.133	7.14179e-009
-1.132	7.4666e-009
-1.131	7.80236e-009
-1.13	8.1483e-009
-1.129	8.50366e-009
-1.128	8.86764e-009
-1.127	9.23939e-009
-1.126	9.61806e-009
-1.125	1.00028e-008
-1.124	1.03926e-008
-1.123	1.07866e-008
-1.122	1.11839e-008
-1.121	1.15836e-008
-1.12	1.19845e-008
-1.119	1.23858e-008
-1.118	1.27865e-008
-1.117	1.31856e-008
-1.116	1.35822e-008
-1.115	1.39751e-008
-1.114	1.43636e-008
-1.113	1.47466e-008
-1.112	1.51233e-008
-1.111	1.54928e-008
-1.11	1.58543e-008
-1.109	1.6207e-008
-1.108	1.65502e-008
-1.107	1.68833e-008
-1.106	1.72058e-008
-1.105	1.75172e-008
-1.104	1.78174e-008
-1.103	1.81061e-008
-1.102	1.83834e-008
-1.101	1.86495e-008
-1.1	1.89047e-008
-1.099	1.91497e-008
-1.098	1.93854e-008
-1.097	1.96129e-008
-1.096	1.98337e-008
-1.095	2.00494e-008
-1.094	2.02622e-008
-1.093	2.04745e-008
-1.092	2.06891e-008
-1.091	2.09092e-008
-1.09	2.11383e-008
-1.089	2.13804e-008
-1.088	2.16395e-008
-1.087	2.19204e-008
-1.086	2.22279e-008
-1.085	2.25668e-008
-1.084	2.29424e-008
-1.083	2.33598e-008
-1.082	2.38242e-008
-1.081	2.43403e-008
-1.08	2.49129e-008
-1.079	2.55462e-008
-1.078	2.62441e-008
-1.077	2.70099e-008
-1.076	2.78461e-008
-1.075	2.8755e-008
-1.074	2.9738e-008
-1.073	3.07958e-008
-1.072	3.19286e-008
-1.071	3.31362e-008
-1.07	3.44174e-008
-1.069	3.57711e-008
-1.068	3.71951e-008
-1.067	3.86874e-008
-1.066	4.02452e-008
-1.065	4.18657e-008
-1.064	4.35456e-008
-1.063	4.52814e-008
-1.062	4.70694e-008
-1.061	4.89059e-008
-1.06	5.07867e-008
-1.059	5.27076e-008
-1.058	5.46644e-008
-1.057	5.66527e-008
-1.056	5.86678e-008
-1.055	6.07053e-008
-1.054	6.27606e-008
-1.053	6.48288e-008
-1.052	6.69053e-008
-1.051	6.89855e-008
-1.05	7.10646e-008
-1.049	7.3138e-008
-1.048	7.52012e-008
-1.047	7.72496e-008
-1.046	7.9279e-008
-1.045	8.12852e-008
-1.044	8.32643e-008
-1.043	8.52125e-008
-1.042	8.71266e-008
-1.041	8.90033e-008
-1.04	9.08401e-008
-1.039	9.26347e-008
-1.038	9.43854e-008
-1.037	9.60911e-008
-1.036	9.77513e-008
-1.035	9.93662e-008
-1.034	1.00937e-007
-1.033	1.02465e-007
-1.032	1.03953e-007
-1.031	1.05406e-007
-1.03	1.06828e-007
-1.029	1.08224e-007
-1.028	1.09603e-007
-1.027	1.10974e-007
-1.026	1.12344e-007
-1.025	1.13728e-007
-1.024	1.15135e-007
-1.023	1.16582e-007
-1.022	1.18082e-007
-1.021	1.19653e-007
-1.02	1.21312e-007
-1.019	1.23078e-007
-1.018	1.24969e-007
-1.017	1.27006e-007
-1.016	1.29209e-007
-1.015	1.31598e-007
-1.014	1.34192e-007
-1.013	1.37009e-007
-1.012	1.40069e-007
-1.011	1.43386e-007
-1.01	1.46976e-007
-1.009	1.5085e-007
-1.008	1.55021e-007
-1.007	1.59496e-007
-1.006	1.6428e-007
-1.005	1.69379e-007
-1.004	1.74792e-007
-1.003	1.80518e-007
-1.002	1.86556e-007
-1.001	1.92899e-007
-1	1.9954e-007
-0.999	2.0647e-007
-0.998	2.13679e-007
-0.997	2.21155e-007
-0.996	2.28884e-007
-0.995	2.36853e-007
-0.994	2.45046e-007
-0.993	2.53446e-007
-0.992	2.62037e-007
-0.991	2.70801e-007
-0.99	2.7972e-007
-0.989	2.88775e-007
-0.988	2.97948e-007
-0.987	3.07219e-007
-0.986	3.16569e-007
-0.985	3.2598e-007
-0.984	3.35431e-007
-0.983	3.44904e-007
-0.982	3.5438e-007
-0.981	3.63841e-007
-0.98	3.7327e-007
-0.979	3.82649e-007
-0.978	3.91963e-007
-0.977	4.01197e-007
-0.976	4.10337e-007
-0.975	4.1937e-007
-0.974	4.28286e-007
-0.973	4.37076e-007
-0.972	4.45732e-007
-0.971	4.5425e-007
-0.97	4.62626e-007
-0.969	4.70862e-007
-0.968	4.78958e-007
-0.967	4.86922e-007
-0.966	4.94763e-007
-0.965	5.02493e-007
-0.964	5.1013e-007
-0.963	5.17692e-007
-0.962	5.25205e-007
-0.961	5.32697e-007
-0.96	5.40202e-007
-0.959	5.47757e-007
-0.958	5.55404e-007
-0.957	5.63189e-007
-0.956	5.71163e-007
-0.955	5.7938e-007
-0.954	5.87898e-007
-0.953	5.96778e-007
-0.952	6.06084e-007
-0.951	6.15883e-007
-0.95	6.2624e-007
-0.949	6.37223e-007
-0.948	6.489e-007
-0.947	6.61336e-007
-0.946	6.74594e-007
-0.945	6.88734e-007
-0.944	7.03813e-007
-0.943	7.19879e-007
-0.942	7.36979e-007
-0.941	7.55149e-007
-0.94	7.74423e-007
-0.939	7.94824e-007
-0.938	8.16368e-007
-0.937	8.39064e-007
-0.936	8.62915e-007
-0.935	8.87912e-007
-0.934	9.14044e-007
-0.933	9.41291e-007
-0.932	9.69625e-007
-0.931	9.99014e-007
-0.93	1.02942e-006
-0.929	1.0608e-006
-0.928	1.09311e-006
-0.927	1.12629e-006
-0.926	1.1603e-006
-0.925	1.19507e-006
-0.924	1.23053e-006
-0.923	1.26664e-006
-0.922	1.30333e-006
-0.921	1.34052e-006
-0.92	1.37816e-006
-0.919	1.41618e-006
-0.918	1.4545e-006
-0.917	1.49308e-006
-0.916	1.53184e-006
-0.915	1.57072e-006
-0.914	1.60965e-006
-0.913	1.6486e-006
-0.912	1.68749e-006
-0.911	1.72628e-006
-0.91	1.76492e-006
-0.909	1.80338e-006
-0.908	1.84161e-006
-0.907	1.87959e-006
-0.906	1.91729e-006
-0.905	1.9547e-006
-0.904	1.99181e-006
-0.903	2.02863e-006
-0.902	2.06516e-006
-0.901	2.10143e-006
-0.9	2.13747e-006
-0.899	2.17332e-006
-0.898	2.20903e-006
-0.897	2.24467e-006
-0.896	2.28032e-006
-0.895	2.31607e-006
-0.894	2.35203e-006
-0.893	2.38831e-006
-0.892	2.42504e-006
-0.891	2.46237e-006
-0.89	2.50044e-006
-0.889	2.53942e-006
-0.888	2.57948e-006
-0.887	2.62081e-006
-0.886	2.66359e-006
-0.885	2.70803e-006
-0.884	2.75432e-006
-0.883	2.80265e-006
-0.882	2.85323e-006
-0.881	2.90626e-006
-0.88	2.96192e-006
-0.879	3.0204e-006
-0.878	3.08188e-006
-0.877	3.14649e-006
-0.876	3.21441e-006
-0.875	3.28575e-006
-0.874	3.36062e-006
-0.873	3.43912e-006
-0.872	3.52132e-006
-0.871	3.60726e-006
-0.87	3.69699e-006
-0.869	3.7905e-006
-0.868	3.88778e-006
-0.867	3.9888e-006
-0.866	4.09351e-006
-0.865	4.20183e-006
-0.864	4.31368e-006
-0.863	4.42894e-006
-0.862	4.54751e-006
-0.861	4.66923e-006
-0.86	4.79396e-006
-0.859	4.92155e-006
-0.858	5.05182e-006
-0.857	5.1846e-006
-0.856	5.31972e-006
-0.855	5.45698e-006
-0.854	5.5962e-006
-0.853	5.73719e-006
-0.852	5.87976e-006
-0.851	6.02372e-006
-0.85	6.16889e-006
-0.849	6.3151e-006
-0.848	6.46217e-006
-0.847	6.60995e-006
-0.846	6.75828e-006
-0.845	6.90703e-006
-0.844	7.05608e-006
-0.843	7.20531e-006
-0.842	7.35464e-006
-0.841	7.50399e-006
-0.84	7.65333e-006
-0.839	7.80261e-006
-0.838	7.95185e-006
-0.837	8.10106e-006
-0.836	8.2503e-006
-0.835	8.39965e-006
-0.834	8.54921e-006
-0.833	8.69913e-006
-0.832	8.84959e-006
-0.831	9.00079e-006
-0.83	9.15297e-006
-0.829	9.30641e-006
-0.828	9.4614e-006
-0.827	9.6183e-006
-0.826	9.77747e-006
-0.825	9.9393e-006
-0.824	1.01042e-005
-0.823	1.02727e-005
-0.822	1.04452e-005
-0.821	1.06222e-005
-0.82	1.08043e-005
-0.819	1.09919e-005
-0.818	1.11856e-005
-0.817	1.13859e-005
-0.816	1.15933e-005
-0.815	1.18084e-005
-0.814	1.20317e-005
-0.813	1.22636e-005
-0.812	1.25046e-005
-0.811	1.27551e-005
-0.81	1.30156e-005
-0.809	1.32864e-005
-0.808	1.35677e-005
-0.807	1.386e-005
-0.806	1.41634e-005
-0.805	1.4478e-005
-0.804	1.4804e-005
-0.803	1.51415e-005
-0.802	1.54905e-005
-0.801	1.5851e-005
-0.8	1.62228e-005
-0.799	1.66058e-005
-0.798	1.7e-005
-0.797	1.7405e-005
-0.796	1.78205e-005
-0.795	1.82464e-005
-0.794	1.86822e-005
-0.793	1.91277e-005
-0.792	1.95823e-005
-0.791	2.00458e-005
-0.79	2.05177e-005
-0.789	2.09976e-005
-0.788	2.1485e-005
-0.787	2.19795e-005
-0.786	2.24807e-005
-0.785	2.29881e-005
-0.784	2.35013e-005
-0.783	2.40199e-005
-0.782	2.45436e-005
-0.781	2.50719e-005
-0.78	2.56046e-005
-0.779	2.61414e-005
-0.778	2.6682e-005
-0.777	2.72263e-005
-0.776	2.7774e-005
-0.775	2.83252e-005
-0.774	2.88797e-005
-0.773	2.94375e-005
-0.772	2.99989e-005
-0.771	3.05638e-005
-0.77	3.11326e-005
-0.769	3.17056e-005
-0.768	3.22831e-005
-0.767	3.28656e-005
-0.766	3.34537e-005
-0.765	3.40478e-005
-0.764	3.46488e-005
-0.763	3.52574e-005
-0.762	3.58744e-005
-0.761	3.65008e-005
-0.76	3.71375e-005
-0.759	3.77856e-005
-0.758	3.84461e-005
-0.757	3.91203e-005
-0.756	3.98093e-005
-0.755	4.05144e-005
-0.754	4.12368e-005
-0.753	4.19778e-005
-0.752	4.27387e-005
-0.751	4.35207e-005
-0.75	4.43252e-005
-0.749	4.51535e-005
-0.748	4.60066e-005
-0.747	4.68858e-005
-0.746	4.77921e-005
-0.745	4.87267e-005
-0.744	4.96906e-005
-0.743	5.06845e-005
-0.742	5.17093e-005
-0.741	5.27657e-005
-0.74	5.38544e-005
-0.739	5.49757e-005
-0.738	5.61301e-005
-0.737	5.7318e-005
-0.736	5.85394e-005
-0.735	5.97944e-005
-0.734	6.1083e-005
-0.733	6.2405e-005
-0.732	6.37603e-005
-0.731	6.51485e-005
-0.73	6.65691e-005
-0.729	6.80217e-005
-0.728	6.95058e-005
-0.727	7.10206e-005
-0.726	7.25656e-005
-0.725	7.414e-005
-0.724	7.5743e-005
-0.723	7.7374e-005
-0.722	7.90322e-005
-0.721	8.07167e-005
-0.72	8.24269e-005
-0.719	8.41619e-005
-0.718	8.59212e-005
-0.717	8.77041e-005
-0.716	8.95099e-005
-0.715	9.13383e-005
-0.714	9.31886e-005
-0.713	9.50608e-005
-0.712	9.69543e-005
-0.711	9.88693e-005
-0.71	0.000100806
-0.709	0.000102764
-0.708	0.000104743
-0.707	0.000106745
-0.706	0.00010877
-0.705	0.000110818
-0.704	0.00011289
-0.703	0.000114988
-0.702	0.000117113
-0.701	0.000119266
-0.7	0.000121448
-0.699	0.000123662
-0.698	0.000125909
-0.697	0.000128191
-0.696	0.000130511
-0.695	0.000132871
-0.694	0.000135272
-0.693	0.000137719
-0.692	0.000140213
-0.691	0.000142758
-0.69	0.000145355
-0.689	0.000148009
-0.688	0.000150722
-0.687	0.000153496
-0.686	0.000156336
-0.685	0.000159243
-0.684	0.000162221
-0.683	0.000165273
-0.682	0.000168401
-0.681	0.000171609
-0.68	0.000174898
-0.679	0.000178271
-0.678	0.00018173
-0.677	0.000185279
-0.676	0.000188917
-0.675	0.000192648
-0.674	0.000196473
-0.673	0.000200394
-0.672	0.000204411
-0.671	0.000208526
-0.67	0.000212739
-0.669	0.000217051
-0.668	0.000221463
-0.667	0.000225975
-0.666	0.000230587
-0.665	0.000235299
-0.664	0.000240111
-0.663	0.000245022
-0.662	0.000250033
-0.661	0.000255142
-0.66	0.000260348
-0.659	0.000265653
-0.658	0.000271054
-0.657	0.000276551
-0.656	0.000282143
-0.655	0.000287831
-0.654	0.000293612
-0.653	0.000299487
-0.652	0.000305456
-0.651	0.000311518
-0.65	0.000317673
-0.649	0.000323921
-0.648	0.000330263
-0.647	0.000336699
-0.646	0.000343229
-0.645	0.000349856
-0.644	0.000356579
-0.643	0.000363401
-0.642	0.000370324
-0.641	0.000377349
-0.64	0.000384479
-0.639	0.000391718
-0.638	0.000399067
-0.637	0.000406531
-0.636	0.000414113
-0.635	0.000421818
-0.634	0.00042965
-0.633	0.000437613
-0.632	0.000445713
-0.631	0.000453954
-0.63	0.000462344
-0.629	0.000470887
-0.628	0.000479589
-0.627	0.000488457
-0.626	0.000497497
-0.625	0.000506716
-0.624	0.000516121
-0.623	0.000525717
-0.622	0.000535513
-0.621	0.000545515
-0.62	0.000555729
-0.619	0.000566164
-0.618	0.000576824
-0.617	0.000587718
-0.616	0.000598852
-0.615	0.000610231
-0.614	0.000621863
-0.613	0.000633753
-0.612	0.000645907
-0.611	0.00065833
-0.61	0.000671028
-0.609	0.000684005
-0.608	0.000697267
-0.607	0.000710818
-0.606	0.000724662
-0.605	0.000738802
-0.604	0.000753243
-0.603	0.000767988
-0.602	0.000783039
-0.601	0.0007984
-0.6	0.000814073
-0.599	0.00083006
-0.598	0.000846364
-0.597	0.000862987
-0.596	0.000879931
-0.595	0.000897198
-0.594	0.00091479
-0.593	0.000932709
-0.592	0.000950957
-0.591	0.000969535
-0.59	0.000988447
-0.589	0.00100769
-0.588	0.00102728
-0.587	0.00104721
-0.586	0.00106748
-0.585	0.00108809
-0.584	0.00110906
-0.583	0.00113039
-0.582	0.00115207
-0.581	0.00117412
-0.58	0.00119655
-0.579	0.00121935
-0.578	0.00124253
-0.577	0.00126611
-0.576	0.00129008
-0.575	0.00131446
-0.574	0.00133926
-0.573	0.00136449
-0.572	0.00139016
-0.571	0.00141627
-0.57	0.00144284
-0.569	0.00146989
-0.568	0.00149741
-0.567	0.00152544
-0.566	0.00155398
-0.565	0.00158305
-0.564	0.00161265
-0.563	0.00164282
-0.562	0.00167355
-0.561	0.00170487
-0.56	0.0017368
-0.559	0.00176935
-0.558	0.00180253
-0.557	0.00183637
-0.556	0.00187088
-0.555	0.00190608
-0.554	0.00194198
-0.553	0.00197861
-0.552	0.00201598
-0.551	0.00205411
-0.55	0.00209301
-0.549	0.0021327
-0.548	0.0021732
-0.547	0.00221452
-0.546	0.00225669
-0.545	0.00229971
-0.544	0.0023436
-0.543	0.00238838
-0.542	0.00243406
-0.541	0.00248066
-0.54	0.00252819
-0.539	0.00257666
-0.538	0.0026261
-0.537	0.00267651
-0.536	0.00272791
-0.535	0.00278031
-0.534	0.00283373
-0.533	0.00288818
-0.532	0.00294367
-0.531	0.00300021
-0.53	0.00305783
-0.529	0.00311653
-0.528	0.00317633
-0.527	0.00323724
-0.526	0.00329928
-0.525	0.00336246
-0.524	0.00342681
-0.523	0.00349233
-0.522	0.00355904
-0.521	0.00362697
-0.52	0.00369613
-0.519	0.00376653
-0.518	0.00383821
-0.517	0.00391118
-0.516	0.00398546
-0.515	0.00406108
-0.514	0.00413806
-0.513	0.00421642
-0.512	0.00429621
-0.511	0.00437743
-0.51	0.00446012
-0.509	0.00454432
-0.508	0.00463005
-0.507	0.00471734
-0.506	0.00480623
-0.505	0.00489676
-0.504	0.00498895
-0.503	0.00508285
-0.502	0.0051785
-0.501	0.00527593
-0.5	0.00537519
-0.499	0.00547631
-0.498	0.00557934
-0.497	0.00568433
-0.496	0.00579131
-0.495	0.00590032
-0.494	0.00601143
-0.493	0.00612467
-0.492	0.00624009
-0.491	0.00635774
-0.49	0.00647766
-0.489	0.0065999
-0.488	0.00672452
-0.487	0.00685156
-0.486	0.00698107
-0.485	0.0071131
-0.484	0.0072477
-0.483	0.00738493
-0.482	0.00752482
-0.481	0.00766743
-0.48	0.00781282
-0.479	0.00796103
-0.478	0.00811212
-0.477	0.00826613
-0.476	0.00842313
-0.475	0.00858315
-0.474	0.00874625
-0.473	0.00891248
-0.472	0.00908191
-0.471	0.00925458
-0.47	0.00943055
-0.469	0.00960987
-0.468	0.00979259
-0.467	0.00997877
-0.466	0.0101685
-0.465	0.0103618
-0.464	0.0105587
-0.463	0.0107593
-0.462	0.0109637
-0.461	0.0111719
-0.46	0.011384
-0.459	0.0116
-0.458	0.0118201
-0.457	0.0120443
-0.456	0.0122726
-0.455	0.0125052
-0.454	0.0127421
-0.453	0.0129834
-0.452	0.0132291
-0.451	0.0134794
-0.45	0.0137344
-0.449	0.0139941
-0.448	0.0142586
-0.447	0.014528
-0.446	0.0148024
-0.445	0.0150819
-0.444	0.0153667
-0.443	0.0156567
-0.442	0.0159522
-0.441	0.0162532
-0.44	0.0165598
-0.439	0.0168722
-0.438	0.0171904
-0.437	0.0175146
-0.436	0.017845
-0.435	0.0181815
-0.434	0.0185244
-0.433	0.0188738
-0.432	0.0192298
-0.431	0.0195926
-0.43	0.0199623
-0.429	0.020339
-0.428	0.0207228
-0.427	0.021114
-0.426	0.0215126
-0.425	0.0219188
-0.424	0.0223328
-0.423	0.0227547
-0.422	0.0231846
-0.421	0.0236228
-0.42	0.0240693
-0.419	0.0245243
-0.418	0.0249881
-0.417	0.0254607
-0.416	0.0259423
-0.415	0.0264331
-0.414	0.0269333
-0.413	0.0274429
-0.412	0.0279623
-0.411	0.0284916
-0.41	0.029031
-0.409	0.0295805
-0.408	0.0301406
-0.407	0.0307112
-0.406	0.0312927
-0.405	0.0318851
-0.404	0.0324888
-0.403	0.0331039
-0.402	0.0337306
-0.401	0.0343691
-0.4	0.0350197
-0.399	0.0356825
-0.398	0.0363578
-0.397	0.0370457
-0.396	0.0377467
-0.395	0.0384607
-0.394	0.0391882
-0.393	0.0399294
-0.392	0.0406845
-0.391	0.0414537
-0.39	0.0422373
-0.389	0.0430357
-0.388	0.043849
-0.387	0.0446777
-0.386	0.0455218
-0.385	0.0463818
-0.384	0.0472579
-0.383	0.0481505
-0.382	0.0490599
-0.381	0.0499863
-0.38	0.0509302
-0.379	0.0518918
-0.378	0.0528715
-0.377	0.0538696
-0.376	0.0548866
-0.375	0.0559227
-0.374	0.0569784
-0.373	0.058054
-0.372	0.0591499
-0.371	0.0602665
-0.37	0.0614042
-0.369	0.0625635
-0.368	0.0637446
-0.367	0.0649482
-0.366	0.0661745
-0.365	0.067424
-0.364	0.0686973
-0.363	0.0699947
-0.362	0.0713166
-0.361	0.0726637
-0.36	0.0740362
-0.359	0.0754349
-0.358	0.07686
-0.357	0.0783122
-0.356	0.079792
-0.355	0.0812998
-0.354	0.0828362
-0.353	0.0844017
-0.352	0.0859969
-0.351	0.0876223
-0.35	0.0892785
-0.349	0.0910151
-0.348	0.0928775
-0.347	0.0948582
-0.346	0.0969492
-0.345	0.0991424
-0.344	0.10143
-0.343	0.103803
-0.342	0.106255
-0.341	0.108778
-0.34	0.111364
-0.339	0.113956
-0.338	0.11649
-0.337	0.118956
-0.336	0.121346
-0.335	0.123651
-0.334	0.125866
-0.333	0.127982
-0.332	0.129995
-0.331	0.131899
-0.33	0.13369
-0.329	0.135364
-0.328	0.136917
-0.327	0.138346
-0.326	0.139651
-0.325	0.140828
-0.324	0.141876
-0.323	0.142796
-0.322	0.143587
-0.321	0.14425
-0.32	0.144786
-0.319	0.145197
-0.318	0.145484
-0.317	0.145652
-0.316	0.145702
-0.315	0.145639
-0.314	0.145468
-0.313	0.145194
-0.312	0.144822
-0.311	0.144359
-0.31	0.143811
-0.309	0.143186
-0.308	0.142492
-0.307	0.141737
-0.306	0.140932
-0.305	0.140084
-0.304	0.139205
-0.303	0.138306
-0.302	0.137396
-0.301	0.136489
-0.3	0.135594
-0.299	0.134726
-0.298	0.133895
-0.297	0.133114
-0.296	0.132395
-0.295	0.13175
-0.294	0.131191
-0.293	0.130728
-0.292	0.130372
-0.291	0.130133
-0.29	0.130019
-0.289	0.130038
-0.288	0.130195
-0.287	0.130497
-0.286	0.130945
-0.285	0.131543
-0.284	0.132291
-0.283	0.133188
-0.282	0.134231
-0.281	0.135416
-0.28	0.136738
-0.279	0.138192
-0.278	0.13977
-0.277	0.141463
-0.276	0.143263
-0.275	0.14516
-0.274	0.147144
-0.273	0.149205
-0.272	0.151332
-0.271	0.153515
-0.27	0.155743
-0.269	0.158006
-0.268	0.160293
-0.267	0.162595
-0.266	0.164901
-0.265	0.167203
-0.264	0.16949
-0.263	0.171756
-0.262	0.173991
-0.261	0.176189
-0.26	0.178341
-0.259	0.180479
-0.258	0.182636
-0.257	0.184806
-0.256	0.186988
-0.255	0.189176
-0.254	0.191369
-0.253	0.193562
-0.252	0.195753
-0.251	0.197938
-0.25	0.200116
-0.249	0.202282
-0.248	0.204436
-0.247	0.206575
-0.246	0.208696
-0.245	0.210799
-0.244	0.212881
-0.243	0.214941
-0.242	0.216978
-0.241	0.21899
-0.24	0.220978
-0.239	0.22294
-0.238	0.224876
-0.237	0.226786
-0.236	0.228671
-0.235	0.230529
-0.234	0.232362
-0.233	0.234171
-0.232	0.235955
-0.231	0.237717
-0.23	0.239457
-0.229	0.241177
-0.228	0.242878
-0.227	0.244562
-0.226	0.246231
-0.225	0.247886
-0.224	0.249531
-0.223	0.251166
-0.222	0.252795
-0.221	0.25442
-0.22	0.256043
-0.219	0.257666
-0.218	0.259294
-0.217	0.260927
-0.216	0.26257
-0.215	0.264224
-0.214	0.265893
-0.213	0.267578
-0.212	0.269284
-0.211	0.271012
-0.21	0.272765
-0.209	0.274546
-0.208	0.276356
-0.207	0.2782
-0.206	0.280078
-0.205	0.281993
-0.204	0.283946
-0.203	0.285941
-0.202	0.287978
-0.201	0.290059
-0.2	0.292185
-0.199	0.294358
-0.198	0.296579
-0.197	0.298848
-0.196	0.301167
-0.195	0.303536
-0.194	0.305955
-0.193	0.308424
-0.192	0.310944
-0.191	0.313515
-0.19	0.316135
-0.189	0.318805
-0.188	0.321524
-0.187	0.324291
-0.186	0.327105
-0.185	0.329966
-0.184	0.332872
-0.183	0.335821
-0.182	0.338813
-0.181	0.341847
-0.18	0.34492
-0.179	0.348051
-0.178	0.351255
-0.177	0.354528
-0.176	0.357867
-0.175	0.36127
-0.174	0.364733
-0.173	0.368252
-0.172	0.371824
-0.171	0.375445
-0.17	0.379112
-0.169	0.382819
-0.168	0.386565
-0.167	0.390345
-0.166	0.394156
-0.165	0.397993
-0.164	0.401853
-0.163	0.405733
-0.162	0.409629
-0.161	0.413538
-0.16	0.417457
-0.159	0.421383
-0.158	0.425312
-0.157	0.429243
-0.156	0.433172
-0.155	0.437098
-0.154	0.441018
-0.153	0.444931
-0.152	0.448833
-0.151	0.452725
-0.15	0.456604
-0.149	0.46047
-0.148	0.464322
-0.147	0.468158
-0.146	0.471979
-0.145	0.475784
-0.144	0.479573
-0.143	0.483347
-0.142	0.487105
-0.141	0.490849
-0.14	0.494578
-0.139	0.498295
-0.138	0.502001
-0.137	0.505696
-0.136	0.509382
-0.135	0.513061
-0.134	0.516735
-0.133	0.520405
-0.132	0.524075
-0.131	0.527746
-0.13	0.531422
-0.129	0.535103
-0.128	0.538793
-0.127	0.542495
-0.126	0.546211
-0.125	0.549945
-0.124	0.553699
-0.123	0.557476
-0.122	0.561279
-0.121	0.565111
-0.12	0.568974
-0.119	0.572873
-0.118	0.57681
-0.117	0.580787
-0.116	0.584807
-0.115	0.588874
-0.114	0.592989
-0.113	0.597155
-0.112	0.601375
-0.111	0.60565
-0.11	0.609984
-0.109	0.614378
-0.108	0.618834
-0.107	0.623353
-0.106	0.627938
-0.105	0.63259
-0.104	0.63731
-0.103	0.642099
-0.102	0.646958
-0.101	0.651887
-0.1	0.656889