-3.037	0
-3.036	0
-3.035	0
-3.034	0
-3.033	0
-3.032	0
-3.031	0
-3.03	0
-3.029	0
-3.028	0
-3.027	0
-3.026	0
-3.025	0
-3.024	0
-3.023	0
-3.022	0
-3.021	0
-3.02	0
-3.019	0
-3.018	0
-3.017	0
-3.016	0
-3.015	0
-3.014	0
-3.013	0
-3.012	0
-3.011	0
-3.01	0
-3.009	0
-3.008	0
-3.007	0
-3.006	0
-3.005	0
-3.004	0
-3.003	0
-3.002	0
-3.001	0
-3	0
-2.999	0
-2.998	0
-2.997	0
-2.996	0
-2.995	0
-2.994	0
-2.993	0
-2.992	0
-2.991	0
-2.99	0
-2.989	0
-2.988	0
-2.987	0
-2.986	0
-2.985	0
-2.984	0
-2.983	0
-2.982	0
-2.981	0
-2.98	0
-2.979	0
-2.978	0
-2.977	0
-2.976	0
-2.975	0
-2.974	0
-2.973	0
-2.972	0
-2.971	0
-2.97	0
-2.969	0
-2.968	0
-2.967	0
-2.966	0
-2.965	0
-2.964	0
-2.963	0
-2.962	0
-2.961	0
-2.96	0
-2.959	0
-2.958	0
-2.957	0
-2.956	0
-2.955	0
-2.954	0
-2.953	0
-2.952	0
-2.951	0
-2.95	0
-2.949	0
-2.948	0
-2.947	0
-2.946	0
-2.945	0
-2.944	0
-2.943	0
-2.942	0
-2.941	0
-2.94	0
-2.939	0
-2.938	0
-2.937	0
-2.936	0
-2.935	0
-2.934	0
-2.933	0
-2.932	0
-2.931	0
-2.93	0
-2.929	0
-2.928	0
-2.927	0
-2.926	0
-2.925	0
-2.924	0
-2.923	0
-2.922	0
-2.921	0
-2.92	0
-2.919	0
-2.918	0
-2.917	0
-2.916	0
-2.915	0
-2.914	0
-2.913	0
-2.912	0
-2.911	0
-2.91	0
-2.909	0
-2.908	0
-2.907	0
-2.906	0
-2.905	0
-2.904	0
-2.903	0
-2.902	0
-2.901	0
-2.9	0
-2.899	0
-2.898	0
-2.897	0
-2.896	0
-2.895	0
-2.894	0
-2.893	0
-2.892	0
-2.891	0
-2.89	0
-2.889	0
-2.888	0
-2.887	0
-2.886	0
-2.885	0
-2.884	0
-2.883	0
-2.882	0
-2.881	0
-2.88	0
-2.879	0
-2.878	0
-2.877	0
-2.876	0
-2.875	0
-2.874	0
-2.873	0
-2.872	0
-2.871	0
-2.87	0
-2.869	0
-2.868	0
-2.867	0
-2.866	0
-2.865	0
-2.864	0
-2.863	0
-2.862	0
-2.861	0
-2.86	0
-2.859	0
-2.858	0
-2.857	0
-2.856	0
-2.855	0
-2.854	0
-2.853	0
-2.852	0
-2.851	0
-2.85	0
-2.849	0
-2.848	0
-2.847	0
-2.846	0
-2.845	0
-2.844	0
-2.843	0
-2.842	0
-2.841	0
-2.84	0
-2.839	0
-2.838	0
-2.837	0
-2.836	0
-2.835	0
-2.834	0
-2.833	0
-2.832	0
-2.831	0
-2.83	0
-2.829	0
-2.828	0
-2.827	0
-2.826	0
-2.825	0
-2.824	0
-2.823	0
-2.822	0
-2.821	0
-2.82	0
-2.819	0
-2.818	0
-2.817	0
-2.816	0
-2.815	0
-2.814	0
-2.813	0
-2.812	0
-2.811	0
-2.81	0
-2.809	0
-2.808	0
-2.807	0
-2.806	0
-2.805	0
-2.804	0
-2.803	0
-2.802	0
-2.801	0
-2.8	0
-2.799	0
-2.798	0
-2.797	0
-2.796	0
-2.795	0
-2.794	0
-2.793	0
-2.792	0
-2.791	0
-2.79	0
-2.789	0
-2.788	0
-2.787	0
-2.786	0
-2.785	0
-2.784	0
-2.783	0
-2.782	0
-2.781	0
-2.78	0
-2.779	0
-2.778	0
-2.777	0
-2.776	0
-2.775	0
-2.774	0
-2.773	0
-2.772	0
-2.771	0
-2.77	0
-2.769	0
-2.768	0
-2.767	0
-2.766	0
-2.765	0
-2.764	0
-2.763	0
-2.762	0
-2.761	0
-2.76	0
-2.759	0
-2.758	0
-2.757	0
-2.756	0
-2.755	0
-2.754	0
-2.753	0
-2.752	0
-2.751	0
-2.75	0
-2.749	0
-2.748	0
-2.747	0
-2.746	0
-2.745	0
-2.744	0
-2.743	0
-2.742	0
-2.741	0
-2.74	0
-2.739	0
-2.738	0
-2.737	0
-2.736	0
-2.735	0
-2.734	0
-2.733	0
-2.732	0
-2.731	0
-2.73	0
-2.729	0
-2.728	0
-2.727	0
-2.726	0
-2.725	0
-2.724	0
-2.723	0
-2.722	0
-2.721	0
-2.72	0
-2.719	0
-2.718	0
-2.717	0
-2.716	0
-2.715	0
-2.714	0
-2.713	0
-2.712	0
-2.711	0
-2.71	0
-2.709	0
-2.708	0
-2.707	0
-2.706	0
-2.705	0
-2.704	0
-2.703	0
-2.702	0
-2.701	0
-2.7	0
-2.699	0
-2.698	0
-2.697	0
-2.696	0
-2.695	0
-2.694	0
-2.693	0
-2.692	0
-2.691	0
-2.69	0
-2.689	0
-2.688	0
-2.687	0
-2.686	0
-2.685	0
-2.684	0
-2.683	0
-2.682	0
-2.681	0
-2.68	0
-2.679	0
-2.678	0
-2.677	0
-2.676	0
-2.675	0
-2.674	0
-2.673	0
-2.672	0
-2.671	0
-2.67	0
-2.669	0
-2.668	0
-2.667	0
-2.666	0
-2.665	0
-2.664	0
-2.663	0
-2.662	0
-2.661	0
-2.66	0
-2.659	0
-2.658	0
-2.657	0
-2.656	0
-2.655	0
-2.654	0
-2.653	0
-2.652	0
-2.651	0
-2.65	0
-2.649	0
-2.648	0
-2.647	0
-2.646	0
-2.645	0
-2.644	0
-2.643	0
-2.642	0
-2.641	0
-2.64	0
-2.639	0
-2.638	0
-2.637	0
-2.636	0
-2.635	0
-2.634	0
-2.633	0
-2.632	0
-2.631	0
-2.63	0
-2.629	0
-2.628	0
-2.627	0
-2.626	0
-2.625	0
-2.624	0
-2.623	0
-2.622	0
-2.621	0
-2.62	0
-2.619	0
-2.618	0
-2.617	0
-2.616	0
-2.615	0
-2.614	0
-2.613	0
-2.612	0
-2.611	0
-2.61	0
-2.609	0
-2.608	0
-2.607	0
-2.606	0
-2.605	0
-2.604	0
-2.603	0
-2.602	0
-2.601	0
-2.6	0
-2.599	0
-2.598	0
-2.597	0
-2.596	0
-2.595	0
-2.594	0
-2.593	0
-2.592	0
-2.591	0
-2.59	0
-2.589	0
-2.588	0
-2.587	0
-2.586	0
-2.585	0
-2.584	0
-2.583	0
-2.582	0
-2.581	0
-2.58	0
-2.579	0
-2.578	0
-2.577	0
-2.576	0
-2.575	0
-2.574	0
-2.573	0
-2.572	0
-2.571	0
-2.57	0
-2.569	0
-2.568	0
-2.567	0
-2.566	0
-2.565	0
-2.564	0
-2.563	0
-2.562	0
-2.561	0
-2.56	0
-2.559	0
-2.558	0
-2.557	0
-2.556	0
-2.555	0
-2.554	0
-2.553	0
-2.552	0
-2.551	0
-2.55	0
-2.549	0
-2.548	0
-2.547	0
-2.546	0
-2.545	0
-2.544	0
-2.543	0
-2.542	0
-2.541	0
-2.54	0
-2.539	0
-2.538	0
-2.537	0
-2.536	0
-2.535	0
-2.534	0
-2.533	0
-2.532	0
-2.531	0
-2.53	0
-2.529	0
-2.528	0
-2.527	0
-2.526	0
-2.525	0
-2.524	0
-2.523	0
-2.522	0
-2.521	0
-2.52	0
-2.519	0
-2.518	0
-2.517	0
-2.516	0
-2.515	0
-2.514	0
-2.513	0
-2.512	0
-2.511	0
-2.51	0
-2.509	0
-2.508	0
-2.507	0
-2.506	0
-2.505	0
-2.504	0
-2.503	0
-2.502	0
-2.501	0
-2.5	0
-2.499	0
-2.498	0
-2.497	0
-2.496	0
-2.495	0
-2.494	0
-2.493	0
-2.492	0
-2.491	0
-2.49	0
-2.489	0
-2.488	0
-2.487	0
-2.486	0
-2.485	0
-2.484	0
-2.483	0
-2.482	0
-2.481	0
-2.48	0
-2.479	0
-2.478	0
-2.477	0
-2.476	0
-2.475	0
-2.474	0
-2.473	0
-2.472	0
-2.471	0
-2.47	0
-2.469	0
-2.468	0
-2.467	0
-2.466	0
-2.465	0
-2.464	0
-2.463	0
-2.462	0
-2.461	0
-2.46	0
-2.459	0
-2.458	0
-2.457	0
-2.456	0
-2.455	0
-2.454	0
-2.453	0
-2.452	0
-2.451	0
-2.45	0
-2.449	0
-2.448	0
-2.447	0
-2.446	0
-2.445	0
-2.444	0
-2.443	0
-2.442	0
-2.441	0
-2.44	0
-2.439	0
-2.438	0
-2.437	0
-2.436	0
-2.435	0
-2.434	0
-2.433	0
-2.432	0
-2.431	0
-2.43	0
-2.429	0
-2.428	0
-2.427	0
-2.426	0
-2.425	0
-2.424	0
-2.423	0
-2.422	0
-2.421	0
-2.42	0
-2.419	0
-2.418	0
-2.417	0
-2.416	0
-2.415	0
-2.414	0
-2.413	0
-2.412	0
-2.411	0
-2.41	0
-2.409	0
-2.408	0
-2.407	0
-2.406	0
-2.405	0
-2.404	0
-2.403	0
-2.402	0
-2.401	0
-2.4	0
-2.399	0
-2.398	0
-2.397	0
-2.396	0
-2.395	0
-2.394	0
-2.393	0
-2.392	0
-2.391	0
-2.39	0
-2.389	0
-2.388	0
-2.387	0
-2.386	0
-2.385	0
-2.384	0
-2.383	0
-2.382	0
-2.381	0
-2.38	0
-2.379	0
-2.378	0
-2.377	0
-2.376	0
-2.375	0
-2.374	0
-2.373	0
-2.372	0
-2.371	0
-2.37	0
-2.369	0
-2.368	0
-2.367	0
-2.366	0
-2.365	0
-2.364	0
-2.363	0
-2.362	0
-2.361	0
-2.36	0
-2.359	0
-2.358	0
-2.357	0
-2.356	0
-2.355	0
-2.354	0
-2.353	0
-2.352	0
-2.351	0
-2.35	0
-2.349	0
-2.348	0
-2.347	0
-2.346	0
-2.345	0
-2.344	0
-2.343	0
-2.342	0
-2.341	0
-2.34	0
-2.339	0
-2.338	0
-2.337	0
-2.336	0
-2.335	0
-2.334	0
-2.333	0
-2.332	0
-2.331	0
-2.33	0
-2.329	0
-2.328	0
-2.327	0
-2.326	0
-2.325	0
-2.324	0
-2.323	0
-2.322	0
-2.321	0
-2.32	0
-2.319	0
-2.318	0
-2.317	0
-2.316	0
-2.315	0
-2.314	0
-2.313	0
-2.312	0
-2.311	0
-2.31	0
-2.309	0
-2.308	0
-2.307	0
-2.306	0
-2.305	0
-2.304	0
-2.303	0
-2.302	0
-2.301	0
-2.3	0
-2.299	0
-2.298	0
-2.297	0
-2.296	0
-2.295	0
-2.294	0
-2.293	0
-2.292	0
-2.291	0
-2.29	0
-2.289	0
-2.288	0
-2.287	0
-2.286	0
-2.285	0
-2.284	0
-2.283	0
-2.282	0
-2.281	0
-2.28	0
-2.279	0
-2.278	0
-2.277	0
-2.276	0
-2.275	0
-2.274	0
-2.273	0
-2.272	0
-2.271	0
-2.27	0
-2.269	0
-2.268	0
-2.267	0
-2.266	0
-2.265	0
-2.264	0
-2.263	0
-2.262	0
-2.261	0
-2.26	0
-2.259	0
-2.258	0
-2.257	0
-2.256	0
-2.255	0
-2.254	0
-2.253	0
-2.252	0
-2.251	0
-2.25	0
-2.249	0
-2.248	0
-2.247	0
-2.246	0
-2.245	0
-2.244	0
-2.243	0
-2.242	0
-2.241	0
-2.24	0
-2.239	0
-2.238	0
-2.237	0
-2.236	0
-2.235	0
-2.234	0
-2.233	0
-2.232	0
-2.231	0
-2.23	0
-2.229	0
-2.228	0
-2.227	0
-2.226	0
-2.225	0
-2.224	0
-2.223	0
-2.222	0
-2.221	0
-2.22	0
-2.219	0
-2.218	0
-2.217	0
-2.216	0
-2.215	0
-2.214	0
-2.213	0
-2.212	0
-2.211	0
-2.21	0
-2.209	0
-2.208	0
-2.207	0
-2.206	0
-2.205	0
-2.204	0
-2.203	0
-2.202	0
-2.201	0
-2.2	0
-2.199	0
-2.198	0
-2.197	0
-2.196	0
-2.195	0
-2.194	0
-2.193	0
-2.192	0
-2.191	0
-2.19	0
-2.189	0
-2.188	0
-2.187	0
-2.186	0
-2.185	5.07396e-039
-2.184	1.73835e-038
-2.183	2.93855e-038
-2.182	3.60995e-038
-2.181	4.40862e-038
-2.18	6.7325e-038
-2.179	1.20606e-037
-2.178	2.25145e-037
-2.177	4.10076e-037
-2.176	7.33274e-037
-2.175	1.2997e-036
-2.174	2.29411e-036
-2.173	4.0381e-036
-2.172	7.08348e-036
-2.171	1.23816e-035
-2.17	2.15621e-035
-2.169	3.74078e-035
-2.168	6.46541e-035
-2.167	1.11321e-034
-2.166	1.90942e-034
-2.165	3.26258e-034
-2.164	5.55323e-034
-2.163	9.41551e-034
-2.162	1.59018e-033
-2.161	2.67511e-033
-2.16	4.4825e-033
-2.159	7.48119e-033
-2.158	1.24361e-032
-2.157	2.05895e-032
-2.156	3.39507e-032
-2.155	5.57543e-032
-2.154	9.11852e-032
-2.153	1.48516e-031
-2.152	2.40889e-031
-2.151	3.8908e-031
-2.15	6.2579e-031
-2.149	1.00224e-030
-2.148	1.5983e-030
-2.147	2.53789e-030
-2.146	4.01237e-030
-2.145	6.31582e-030
-2.144	9.89796e-030
-2.143	1.54431e-029
-2.142	2.39872e-029
-2.141	3.7091e-029
-2.14	5.70932e-029
-2.139	8.74806e-029
-2.138	1.33424e-028
-2.137	2.02552e-028
-2.136	3.06055e-028
-2.135	4.60266e-028
-2.134	6.88882e-028
-2.133	1.0261e-027
-2.132	1.52099e-027
-2.131	2.24354e-027
-2.13	3.29301e-027
-2.129	4.80932e-027
-2.128	6.98852e-027
-2.127	1.01036e-026
-2.126	1.45324e-026
-2.125	2.07941e-026
-2.124	2.95983e-026
-2.123	4.19072e-026
-2.122	5.90178e-026
-2.121	8.26654e-026
-2.12	1.15155e-025
-2.119	1.59526e-025
-2.118	2.19757e-025
-2.117	3.01012e-025
-2.116	4.09941e-025
-2.115	5.5504e-025
-2.114	7.47058e-025
-2.113	9.99482e-025
-2.112	1.32906e-024
-2.111	1.7564e-024
-2.11	2.30654e-024
-2.109	3.00963e-024
-2.108	3.90142e-024
-2.107	5.02381e-024
-2.106	6.42512e-024
-2.105	8.16012e-024
-2.104	1.02897e-023
-2.103	1.28799e-023
-2.102	1.60002e-023
-2.101	1.97213e-023
-2.1	2.41107e-023
-2.099	2.92282e-023
-2.098	3.51185e-023
-2.097	4.18026e-023
-2.096	4.92663e-023
-2.095	5.74469e-023
-2.094	6.62163e-023
-2.093	7.53618e-023
-2.092	8.45633e-023
-2.091	9.33673e-023
-2.09	1.01158e-022
-2.089	1.07125e-022
-2.088	1.10227e-022
-2.087	1.09155e-022
-2.086	1.02288e-022
-2.085	8.765e-023
-2.084	6.28656e-023
-2.083	2.51062e-023
-2.082	2.89606e-023
-2.081	1.03227e-022
-2.08	2.02203e-022
-2.079	3.31084e-022
-2.078	4.95815e-022
-2.077	7.03164e-022
-2.076	9.6081e-022
-2.075	1.27742e-021
-2.074	1.66276e-021
-2.073	2.12778e-021
-2.072	2.68476e-021
-2.071	3.34738e-021
-2.07	4.13093e-021
-2.069	5.05238e-021
-2.068	6.13057e-021
-2.067	7.38636e-021
-2.066	8.84278e-021
-2.065	1.05252e-020
-2.064	1.24617e-020
-2.063	1.46827e-020
-2.062	1.7222e-020
-2.061	2.01162e-020
-2.06	2.34053e-020
-2.059	2.71331e-020
-2.058	3.13468e-020
-2.057	3.60981e-020
-2.056	4.14426e-020
-2.055	4.74408e-020
-2.054	5.41581e-020
-2.053	6.16648e-020
-2.052	7.0037e-020
-2.051	7.93566e-020
-2.05	8.97117e-020
-2.049	1.01197e-019
-2.048	1.13914e-019
-2.047	1.27971e-019
-2.046	1.43484e-019
-2.045	1.60579e-019
-2.044	1.79388e-019
-2.043	2.00052e-019
-2.042	2.22722e-019
-2.041	2.4756e-019
-2.04	2.74735e-019
-2.039	3.04429e-019
-2.038	3.36834e-019
-2.037	3.72155e-019
-2.036	4.10608e-019
-2.035	4.52421e-019
-2.034	4.97836e-019
-2.033	5.47109e-019
-2.032	6.00509e-019
-2.031	6.58321e-019
-2.03	7.20845e-019
-2.029	7.88396e-019
-2.028	8.61306e-019
-2.027	9.39925e-019
-2.026	1.02462e-018
-2.025	1.11577e-018
-2.024	1.21379e-018
-2.023	1.31909e-018
-2.022	1.43212e-018
-2.021	1.55334e-018
-2.02	1.68324e-018
-2.019	1.82232e-018
-2.018	1.97111e-018
-2.017	2.13016e-018
-2.016	2.30005e-018
-2.015	2.48136e-018
-2.014	2.67473e-018
-2.013	2.8808e-018
-2.012	3.10024e-018
-2.011	3.33375e-018
-2.01	3.58205e-018
-2.009	3.8459e-018
-2.008	4.12607e-018
-2.007	4.42335e-018
-2.006	4.73858e-018
-2.005	5.07261e-018
-2.004	5.42633e-018
-2.003	5.80066e-018
-2.002	6.19652e-018
-2.001	6.61487e-018
-2	7.05673e-018
-1.999	7.52309e-018
-1.998	8.01501e-018
-1.997	8.53356e-018
-1.996	9.07983e-018
-1.995	9.65493e-018
-1.994	1.026e-017
-1.993	1.08963e-017
-1.992	1.15648e-017
-1.991	1.2267e-017
-1.99	1.30039e-017
-1.989	1.37769e-017
-1.988	1.45871e-017
-1.987	1.5436e-017
-1.986	1.63247e-017
-1.985	1.72547e-017
-1.984	1.82272e-017
-1.983	1.92435e-017
-1.982	2.03051e-017
-1.981	2.14132e-017
-1.98	2.25692e-017
-1.979	2.37745e-017
-1.978	2.50304e-017
-1.977	2.63382e-017
-1.976	2.76993e-017
-1.975	2.9115e-017
-1.974	3.05866e-017
-1.973	3.21153e-017
-1.972	3.37026e-017
-1.971	3.53495e-017
-1.97	3.70573e-017
-1.969	3.88272e-017
-1.968	4.06604e-017
-1.967	4.25578e-017
-1.966	4.45207e-017
-1.965	4.65499e-017
-1.964	4.86464e-017
-1.963	5.08112e-017
-1.962	5.3045e-017
-1.961	5.53486e-017
-1.96	5.77226e-017
-1.959	6.01678e-017
-1.958	6.26846e-017
-1.957	6.52733e-017
-1.956	6.79346e-017
-1.955	7.06684e-017
-1.954	7.3475e-017
-1.953	7.63543e-017
-1.952	7.93065e-017
-1.951	8.23312e-017
-1.95	8.54281e-017
-1.949	8.85969e-017
-1.948	9.18368e-017
-1.947	9.51475e-017
-1.946	9.85277e-017
-1.945	1.01977e-016
-1.944	1.05494e-016
-1.943	1.09077e-016
-1.942	1.12725e-016
-1.941	1.16437e-016
-1.94	1.20211e-016
-1.939	1.24045e-016
-1.938	1.27937e-016
-1.937	1.31885e-016
-1.936	1.35886e-016
-1.935	1.39939e-016
-1.934	1.44041e-016
-1.933	1.48188e-016
-1.932	1.52379e-016
-1.931	1.5661e-016
-1.93	1.60879e-016
-1.929	1.65181e-016
-1.928	1.69515e-016
-1.927	1.73875e-016
-1.926	1.78259e-016
-1.925	1.82664e-016
-1.924	1.87085e-016
-1.923	1.9152e-016
-1.922	1.95963e-016
-1.921	2.00411e-016
-1.92	2.04861e-016
-1.919	2.09309e-016
-1.918	2.1375e-016
-1.917	2.18182e-016
-1.916	2.22599e-016
-1.915	2.27e-016
-1.914	2.31379e-016
-1.913	2.35734e-016
-1.912	2.4006e-016
-1.911	2.44356e-016
-1.91	2.48617e-016
-1.909	2.5284e-016
-1.908	2.57024e-016
-1.907	2.61165e-016
-1.906	2.65261e-016
-1.905	2.6931e-016
-1.904	2.7331e-016
-1.903	2.77259e-016
-1.902	2.81157e-016
-1.901	2.85002e-016
-1.9	2.88793e-016
-1.899	2.92531e-016
-1.898	2.96213e-016
-1.897	2.99842e-016
-1.896	3.03417e-016
-1.895	3.0694e-016
-1.894	3.1041e-016
-1.893	3.1383e-016
-1.892	3.172e-016
-1.891	3.20524e-016
-1.89	3.23802e-016
-1.889	3.27037e-016
-1.888	3.30233e-016
-1.887	3.33391e-016
-1.886	3.36515e-016
-1.885	3.39611e-016
-1.884	3.4268e-016
-1.883	3.45728e-016
-1.882	3.48762e-016
-1.881	3.51786e-016
-1.88	3.5481e-016
-1.879	3.57841e-016
-1.878	3.6089e-016
-1.877	3.63971e-016
-1.876	3.67097e-016
-1.875	3.70287e-016
-1.874	3.73561e-016
-1.873	3.76946e-016
-1.872	3.80474e-016
-1.871	3.84181e-016
-1.87	3.8811e-016
-1.869	3.92313e-016
-1.868	3.96852e-016
-1.867	4.01797e-016
-1.866	4.07232e-016
-1.865	4.1325e-016
-1.864	4.1996e-016
-1.863	4.27483e-016
-1.862	4.35957e-016
-1.861	4.45529e-016
-1.86	4.56365e-016
-1.859	4.6864e-016
-1.858	4.82545e-016
-1.857	4.98273e-016
-1.856	5.16026e-016
-1.855	5.36016e-016
-1.854	5.5845e-016
-1.853	5.83536e-016
-1.852	6.11482e-016
-1.851	6.42486e-016
-1.85	6.76746e-016
-1.849	7.14453e-016
-1.848	7.55789e-016
-1.847	8.0093e-016
-1.846	8.50051e-016
-1.845	9.03319e-016
-1.844	9.60893e-016
-1.843	1.02294e-015
-1.842	1.08962e-015
-1.841	1.16109e-015
-1.84	1.23751e-015
-1.839	1.31902e-015
-1.838	1.40579e-015
-1.837	1.49797e-015
-1.836	1.59573e-015
-1.835	1.6992e-015
-1.834	1.80854e-015
-1.833	1.92392e-015
-1.832	2.04546e-015
-1.831	2.17333e-015
-1.83	2.30767e-015
-1.829	2.44861e-015
-1.828	2.59629e-015
-1.827	2.75086e-015
-1.826	2.91242e-015
-1.825	3.0811e-015
-1.824	3.25702e-015
-1.823	3.44028e-015
-1.822	3.63096e-015
-1.821	3.82915e-015
-1.82	4.03494e-015
-1.819	4.24837e-015
-1.818	4.4695e-015
-1.817	4.69836e-015
-1.816	4.93497e-015
-1.815	5.17935e-015
-1.814	5.43146e-015
-1.813	5.69129e-015
-1.812	5.95878e-015
-1.811	6.23388e-015
-1.81	6.51649e-015
-1.809	6.8065e-015
-1.808	7.10377e-015
-1.807	7.40813e-015
-1.806	7.71944e-015
-1.805	8.03744e-015
-1.804	8.36194e-015
-1.803	8.69268e-015
-1.802	9.02934e-015
-1.801	9.37163e-015
-1.8	9.71918e-015
-1.799	1.00716e-014
-1.798	1.04286e-014
-1.797	1.07896e-014
-1.796	1.11542e-014
-1.795	1.15219e-014
-1.794	1.18922e-014
-1.793	1.22644e-014
-1.792	1.26381e-014
-1.791	1.30126e-014
-1.79	1.33872e-014
-1.789	1.37613e-014
-1.788	1.41341e-014
-1.787	1.4505e-014
-1.786	1.48731e-014
-1.785	1.52378e-014
-1.784	1.55981e-014
-1.783	1.59534e-014
-1.782	1.63027e-014
-1.781	1.66452e-014
-1.78	1.69801e-014
-1.779	1.73065e-014
-1.778	1.76237e-014
-1.777	1.79307e-014
-1.776	1.82268e-014
-1.775	1.85112e-014
-1.774	1.87832e-014
-1.773	1.90419e-014
-1.772	1.9287e-014
-1.771	1.95176e-014
-1.77	1.97334e-014
-1.769	1.9934e-014
-1.768	2.01191e-014
-1.767	2.02886e-014
-1.766	2.04424e-014
-1.765	2.0581e-014
-1.764	2.07046e-014
-1.763	2.08139e-014
-1.762	2.09098e-014
-1.761	2.09937e-014
-1.76	2.1067e-014
-1.759	2.11319e-014
-1.758	2.11905e-014
-1.757	2.12458e-014
-1.756	2.13009e-014
-1.755	2.13598e-014
-1.754	2.14268e-014
-1.753	2.15066e-014
-1.752	2.16048e-014
-1.751	2.1727e-014
-1.75	2.18796e-014
-1.749	2.20692e-014
-1.748	2.23028e-014
-1.747	2.25873e-014
-1.746	2.29295e-014
-1.745	2.33362e-014
-1.744	2.38137e-014
-1.743	2.43674e-014
-1.742	2.50024e-014
-1.741	2.57227e-014
-1.74	2.65314e-014
-1.739	2.74304e-014
-1.738	2.84209e-014
-1.737	2.95031e-014
-1.736	3.06761e-014
-1.735	3.19383e-014
-1.734	3.32874e-014
-1.733	3.47203e-014
-1.732	3.62336e-014
-1.731	3.78231e-014
-1.73	3.94844e-014
-1.729	4.12126e-014
-1.728	4.30027e-014
-1.727	4.4849e-014
-1.726	4.67458e-014
-1.725	4.86871e-014
-1.724	5.06665e-014
-1.723	5.26775e-014
-1.722	5.47132e-014
-1.721	5.67666e-014
-1.72	5.88306e-014
-1.719	6.08975e-014
-1.718	6.29595e-014
-1.717	6.50088e-014
-1.716	6.70373e-014
-1.715	6.90365e-014
-1.714	7.09981e-014
-1.713	7.29135e-014
-1.712	7.47739e-014
-1.711	7.65707e-014
-1.71	7.82954e-014
-1.709	7.9939e-014
-1.708	8.14936e-014
-1.707	8.29508e-014
-1.706	8.43029e-014
-1.705	8.55431e-014
-1.704	8.66646e-014
-1.703	8.76623e-014
-1.702	8.85318e-014
-1.701	8.92704e-014
-1.7	8.98773e-014
-1.699	9.0354e-014
-1.698	9.07044e-014
-1.697	9.09364e-014
-1.696	9.10618e-014
-1.695	9.10971e-014
-1.694	9.10644e-014
-1.693	9.09931e-014
-1.692	9.09198e-014
-1.691	9.089e-014
-1.69	9.0959e-014
-1.689	9.11916e-014
-1.688	9.16632e-014
-1.687	9.24578e-014
-1.686	9.36671e-014
-1.685	9.53873e-014
-1.684	9.7715e-014
-1.683	1.00743e-013
-1.682	1.04555e-013
-1.681	1.09223e-013
-1.68	1.14804e-013
-1.679	1.21341e-013
-1.678	1.28861e-013
-1.677	1.37379e-013
-1.676	1.46899e-013
-1.675	1.5742e-013
-1.674	1.68933e-013
-1.673	1.81428e-013
-1.672	1.94892e-013
-1.671	2.09312e-013
-1.67	2.24675e-013
-1.669	2.40966e-013
-1.668	2.58173e-013
-1.667	2.76282e-013
-1.666	2.95279e-013
-1.665	3.15151e-013
-1.664	3.35883e-013
-1.663	3.57462e-013
-1.662	3.7987e-013
-1.661	4.0309e-013
-1.66	4.27104e-013
-1.659	4.51893e-013
-1.658	4.77434e-013
-1.657	5.03703e-013
-1.656	5.30675e-013
-1.655	5.58322e-013
-1.654	5.86614e-013
-1.653	6.15517e-013
-1.652	6.44998e-013
-1.651	6.75018e-013
-1.65	7.05537e-013
-1.649	7.36513e-013
-1.648	7.67899e-013
-1.647	7.99648e-013
-1.646	8.31707e-013
-1.645	8.64023e-013
-1.644	8.96541e-013
-1.643	9.29199e-013
-1.642	9.61937e-013
-1.641	9.94691e-013
-1.64	1.02739e-012
-1.639	1.05998e-012
-1.638	1.09237e-012
-1.637	1.1245e-012
-1.636	1.1563e-012
-1.635	1.18768e-012
-1.634	1.21857e-012
-1.633	1.24891e-012
-1.632	1.2786e-012
-1.631	1.30758e-012
-1.63	1.33577e-012
-1.629	1.3631e-012
-1.628	1.38949e-012
-1.627	1.41489e-012
-1.626	1.43923e-012
-1.625	1.46245e-012
-1.624	1.4845e-012
-1.623	1.50536e-012
-1.622	1.52497e-012
-1.621	1.54333e-012
-1.62	1.56042e-012
-1.619	1.57626e-012
-1.618	1.59088e-012
-1.617	1.60433e-012
-1.616	1.61668e-012
-1.615	1.62802e-012
-1.614	1.6385e-012
-1.613	1.64827e-012
-1.612	1.65754e-012
-1.611	1.66655e-012
-1.61	1.67558e-012
-1.609	1.68499e-012
-1.608	1.69513e-012
-1.607	1.70646e-012
-1.606	1.71946e-012
-1.605	1.73466e-012
-1.604	1.75262e-012
-1.603	1.77398e-012
-1.602	1.79935e-012
-1.601	1.8294e-012
-1.6	1.86477e-012
-1.599	1.90608e-012
-1.598	1.95394e-012
-1.597	2.00889e-012
-1.596	2.07143e-012
-1.595	2.14196e-012
-1.594	2.22081e-012
-1.593	2.30825e-012
-1.592	2.40443e-012
-1.591	2.50947e-012
-1.59	2.62337e-012
-1.589	2.74612e-012
-1.588	2.87761e-012
-1.587	3.01771e-012
-1.586	3.16624e-012
-1.585	3.32298e-012
-1.584	3.4877e-012
-1.583	3.66013e-012
-1.582	3.83997e-012
-1.581	4.02694e-012
-1.58	4.2207e-012
-1.579	4.42091e-012
-1.578	4.62722e-012
-1.577	4.83926e-012
-1.576	5.05664e-012
-1.575	5.27896e-012
-1.574	5.5058e-012
-1.573	5.73673e-012
-1.572	5.9713e-012
-1.571	6.20905e-012
-1.57	6.4495e-012
-1.569	6.69215e-012
-1.568	6.9365e-012
-1.567	7.18202e-012
-1.566	7.42816e-012
-1.565	7.67439e-012
-1.564	7.92014e-012
-1.563	8.16486e-012
-1.562	8.40795e-012
-1.561	8.64884e-012
-1.56	8.88694e-012
-1.559	9.12168e-012
-1.558	9.35245e-012
-1.557	9.57871e-012
-1.556	9.7999e-012
-1.555	1.00155e-011
-1.554	1.02249e-011
-1.553	1.04277e-011
-1.552	1.06234e-011
-1.551	1.08116e-011
-1.55	1.0992e-011
-1.549	1.11643e-011
-1.548	1.13282e-011
-1.547	1.14837e-011
-1.546	1.16307e-011
-1.545	1.17693e-011
-1.544	1.18998e-011
-1.543	1.20225e-011
-1.542	1.2138e-011
-1.541	1.22471e-011
-1.54	1.23508e-011
-1.539	1.24501e-011
-1.538	1.25467e-011
-1.537	1.26422e-011
-1.536	1.27387e-011
-1.535	1.28386e-011
-1.534	1.29446e-011
-1.533	1.30597e-011
-1.532	1.31872e-011
-1.531	1.3331e-011
-1.53	1.34948e-011
-1.529	1.3683e-011
-1.528	1.38997e-011
-1.527	1.41495e-011
-1.526	1.44367e-011
-1.525	1.47657e-011
-1.524	1.51406e-011
-1.523	1.55652e-011
-1.522	1.6043e-011
-1.521	1.65768e-011
-1.52	1.71693e-011
-1.519	1.78223e-011
-1.518	1.85374e-011
-1.517	1.93154e-011
-1.516	2.0157e-011
-1.515	2.1062e-011
-1.514	2.20303e-011
-1.513	2.3061e-011
-1.512	2.41533e-011
-1.511	2.53059e-011
-1.51	2.65173e-011
-1.509	2.7786e-011
-1.508	2.911e-011
-1.507	3.04876e-011
-1.506	3.19165e-011
-1.505	3.33946e-011
-1.504	3.49195e-011
-1.503	3.64889e-011
-1.502	3.81002e-011
-1.501	3.97507e-011
-1.5	4.14377e-011
-1.499	4.31584e-011
-1.498	4.49098e-011
-1.497	4.66889e-011
-1.496	4.84925e-011
-1.495	5.03174e-011
-1.494	5.21603e-011
-1.493	5.40177e-011
-1.492	5.58862e-011
-1.491	5.77622e-011
-1.49	5.96421e-011
-1.489	6.15221e-011
-1.488	6.33985e-011
-1.487	6.52677e-011
-1.486	6.71257e-011
-1.485	6.89688e-011
-1.484	7.07933e-011
-1.483	7.25955e-011
-1.482	7.43717e-011
-1.481	7.61183e-011
-1.48	7.78319e-011
-1.479	7.95094e-011
-1.478	8.11475e-011
-1.477	8.27434e-011
-1.476	8.42947e-011
-1.475	8.57991e-011
-1.474	8.72547e-011
-1.473	8.86602e-011
-1.472	9.00147e-011
-1.471	9.13179e-011
-1.47	9.25702e-011
-1.469	9.37726e-011
-1.468	9.4927e-011
-1.467	9.60364e-011
-1.466	9.71044e-011
-1.465	9.8136e-011
-1.464	9.91372e-011
-1.463	1.00115e-010
-1.462	1.0108e-010
-1.461	1.0204e-010
-1.46	1.03008e-010
-1.459	1.03997e-010
-1.458	1.05022e-010
-1.457	1.061e-010
-1.456	1.07249e-010
-1.455	1.08489e-010
-1.454	1.09839e-010
-1.453	1.11323e-010
-1.452	1.12964e-010
-1.451	1.14784e-010
-1.45	1.16807e-010
-1.449	1.19057e-010
-1.448	1.21557e-010
-1.447	1.24329e-010
-1.446	1.27392e-010
-1.445	1.30765e-010
-1.444	1.34464e-010
-1.443	1.38504e-010
-1.442	1.42895e-010
-1.441	1.47647e-010
-1.44	1.52765e-010
-1.439	1.58253e-010
-1.438	1.64112e-010
-1.437	1.70341e-010
-1.436	1.76936e-010
-1.435	1.83891e-010
-1.434	1.91201e-010
-1.433	1.98855e-010
-1.432	2.06843e-010
-1.431	2.15155e-010
-1.43	2.23776e-010
-1.429	2.32695e-010
-1.428	2.41895e-010
-1.427	2.51362e-010
-1.426	2.61079e-010
-1.425	2.71029e-010
-1.424	2.81196e-010
-1.423	2.9156e-010
-1.422	3.02103e-010
-1.421	3.12805e-010
-1.42	3.23648e-010
-1.419	3.34611e-010
-1.418	3.45673e-010
-1.417	3.56815e-010
-1.416	3.68014e-010
-1.415	3.7925e-010
-1.414	3.90502e-010
-1.413	4.01748e-010
-1.412	4.12967e-010
-1.411	4.24139e-010
-1.41	4.35241e-010
-1.409	4.46255e-010
-1.408	4.5716e-010
-1.407	4.67938e-010
-1.406	4.78569e-010
-1.405	4.89037e-010
-1.404	4.99326e-010
-1.403	5.09421e-010
-1.402	5.19309e-010
-1.401	5.2898e-010
-1.4	5.38423e-010
-1.399	5.47633e-010
-1.398	5.56607e-010
-1.397	5.65344e-010
-1.396	5.73846e-010
-1.395	5.8212e-010
-1.394	5.90176e-010
-1.393	5.9803e-010
-1.392	6.05702e-010
-1.391	6.13218e-010
-1.39	6.20608e-010
-1.389	6.27908e-010
-1.388	6.35164e-010
-1.387	6.42424e-010
-1.386	6.49745e-010
-1.385	6.57191e-010
-1.384	6.64832e-010
-1.383	6.72746e-010
-1.382	6.81018e-010
-1.381	6.89738e-010
-1.38	6.99001e-010
-1.379	7.08909e-010
-1.378	7.19567e-010
-1.377	7.31083e-010
-1.376	7.43564e-010
-1.375	7.5712e-010
-1.374	7.71857e-010
-1.373	7.87879e-010
-1.372	8.05284e-010
-1.371	8.24165e-010
-1.37	8.44604e-010
-1.369	8.66676e-010
-1.368	8.90446e-010
-1.367	9.15966e-010
-1.366	9.43279e-010
-1.365	9.72415e-010
-1.364	1.00339e-009
-1.363	1.03622e-009
-1.362	1.07089e-009
-1.361	1.1074e-009
-1.36	1.14571e-009
-1.359	1.1858e-009
-1.358	1.22762e-009
-1.357	1.27113e-009
-1.356	1.31627e-009
-1.355	1.36298e-009
-1.354	1.41118e-009
-1.353	1.46082e-009
-1.352	1.51181e-009
-1.351	1.56407e-009
-1.35	1.61751e-009
-1.349	1.67206e-009
-1.348	1.7276e-009
-1.347	1.78406e-009
-1.346	1.84133e-009
-1.345	1.89933e-009
-1.344	1.95793e-009
-1.343	2.01706e-009
-1.342	2.07661e-009
-1.341	2.13647e-009
-1.34	2.19654e-009
-1.339	2.25673e-009
-1.338	2.31693e-009
-1.337	2.37705e-009
-1.336	2.43698e-009
-1.335	2.49664e-009
-1.334	2.55594e-009
-1.333	2.61479e-009
-1.332	2.67311e-009
-1.331	2.73083e-009
-1.33	2.78787e-009
-1.329	2.84417e-009
-1.328	2.89969e-009
-1.327	2.95438e-009
-1.326	3.00821e-009
-1.325	3.06116e-009
-1.324	3.11321e-009
-1.323	3.16438e-009
-1.322	3.21469e-009
-1.321	3.26417e-009
-1.32	3.31289e-009
-1.319	3.36092e-009
-1.318	3.40835e-009
-1.317	3.45531e-009
-1.316	3.50193e-009
-1.315	3.54839e-009
-1.314	3.59487e-009
-1.313	3.64158e-009
-1.312	3.68877e-009
-1.311	3.73671e-009
-1.31	3.78568e-009
-1.309	3.83601e-009
-1.308	3.88804e-009
-1.307	3.94212e-009
-1.306	3.99864e-009
-1.305	4.058e-009
-1.304	4.12061e-009
-1.303	4.18689e-009
-1.302	4.25726e-009
-1.301	4.33215e-009
-1.3	4.41197e-009
-1.299	4.49714e-009
-1.298	4.58805e-009
-1.297	4.68506e-009
-1.296	4.78852e-009
-1.295	4.89875e-009
-1.294	5.01603e-009
-1.293	5.14058e-009
-1.292	5.27261e-009
-1.291	5.41229e-009
-1.29	5.55972e-009
-1.289	5.71497e-009
-1.288	5.87807e-009
-1.287	6.04902e-009
-1.286	6.22774e-009
-1.285	6.41415e-009
-1.284	6.60811e-009
-1.283	6.80945e-009
-1.282	7.01798e-009
-1.281	7.23346e-009
-1.28	7.45564e-009
-1.279	7.68423e-009
-1.278	7.91894e-009
-1.277	8.15943e-009
-1.276	8.40536e-009
-1.275	8.65637e-009
-1.274	8.9121e-009
-1.273	9.17215e-009
-1.272	9.43615e-009
-1.271	9.70367e-009
-1.27	9.97433e-009
-1.269	1.02477e-008
-1.268	1.05234e-008
-1.267	1.0801e-008
-1.266	1.10801e-008
-1.265	1.13603e-008
-1.264	1.16412e-008
-1.263	1.19225e-008
-1.262	1.22037e-008
-1.261	1.24846e-008
-1.26	1.27647e-008
-1.259	1.30438e-008
-1.258	1.33216e-008
-1.257	1.35979e-008
-1.256	1.38724e-008
-1.255	1.41449e-008
-1.254	1.44153e-008
-1.253	1.46836e-008
-1.252	1.49495e-008
-1.251	1.52132e-008
-1.25	1.54747e-008
-1.249	1.5734e-008
-1.248	1.59914e-008
-1.247	1.62472e-008
-1.246	1.65015e-008
-1.245	1.67549e-008
-1.244	1.70077e-008
-1.243	1.72606e-008
-1.242	1.7514e-008
-1.241	1.77689e-008
-1.24	1.80258e-008
-1.239	1.82858e-008
-1.238	1.85498e-008
-1.237	1.88188e-008
-1.236	1.90939e-008
-1.235	1.93763e-008
-1.234	1.96674e-008
-1.233	1.99683e-008
-1.232	2.02806e-008
-1.231	2.06055e-008
-1.23	2.09445e-008
-1.229	2.1299e-008
-1.228	2.16706e-008
-1.227	2.20606e-008
-1.226	2.24705e-008
-1.225	2.29015e-008
-1.224	2.3355e-008
-1.223	2.38322e-008
-1.222	2.43342e-008
-1.221	2.48621e-008
-1.22	2.54168e-008
-1.219	2.5999e-008
-1.218	2.66095e-008
-1.217	2.72487e-008
-1.216	2.79171e-008
-1.215	2.86148e-008
-1.214	2.93421e-008
-1.213	3.00988e-008
-1.212	3.08848e-008
-1.211	3.16998e-008
-1.21	3.25433e-008
-1.209	3.34149e-008
-1.208	3.43139e-008
-1.207	3.52394e-008
-1.206	3.61906e-008
-1.205	3.71666e-008
-1.204	3.81664e-008
-1.203	3.91887e-008
-1.202	4.02326e-008
-1.201	4.12966e-008
-1.2	4.23796e-008
-1.199	4.34803e-008
-1.198	4.45972e-008
-1.197	4.57292e-008
-1.196	4.68747e-008
-1.195	4.80324e-008
-1.194	4.92011e-008
-1.193	5.03792e-008
-1.192	5.15656e-008
-1.191	5.2759e-008
-1.19	5.3958e-008
-1.189	5.51616e-008
-1.188	5.63687e-008
-1.187	5.75781e-008
-1.186	5.87891e-008
-1.185	6.00007e-008
-1.184	6.12122e-008
-1.183	6.2423e-008
-1.182	6.36327e-008
-1.181	6.48409e-008
-1.18	6.60474e-008
-1.179	6.72523e-008
-1.178	6.84558e-008
-1.177	6.96582e-008
-1.176	7.08601e-008
-1.175	7.20622e-008
-1.174	7.32657e-008
-1.173	7.44716e-008
-1.172	7.56816e-008
-1.171	7.68973e-008
-1.17	7.81206e-008
-1.169	7.93539e-008
-1.168	8.05994e-008
-1.167	8.186e-008
-1.166	8.31386e-008
-1.165	8.44383e-008
-1.164	8.57625e-008
-1.163	8.71148e-008
-1.162	8.8499e-008
-1.161	8.9919e-008
-1.16	9.1379e-008
-1.159	9.28831e-008
-1.158	9.44356e-008
-1.157	9.60409e-008
-1.156	9.77033e-008
-1.155	9.94272e-008
-1.154	1.01217e-007
-1.153	1.03077e-007
-1.152	1.0501e-007
-1.151	1.07022e-007
-1.15	1.09115e-007
-1.149	1.11293e-007
-1.148	1.13559e-007
-1.147	1.15917e-007
-1.146	1.18368e-007
-1.145	1.20914e-007
-1.144	1.23558e-007
-1.143	1.26301e-007
-1.142	1.29144e-007
-1.141	1.32087e-007
-1.14	1.35131e-007
-1.139	1.38276e-007
-1.138	1.41521e-007
-1.137	1.44865e-007
-1.136	1.48306e-007
-1.135	1.51845e-007
-1.134	1.55477e-007
-1.133	1.59202e-007
-1.132	1.63016e-007
-1.131	1.66918e-007
-1.13	1.70903e-007
-1.129	1.74969e-007
-1.128	1.79113e-007
-1.127	1.83331e-007
-1.126	1.87619e-007
-1.125	1.91974e-007
-1.124	1.96392e-007
-1.123	2.0087e-007
-1.122	2.05404e-007
-1.121	2.09989e-007
-1.12	2.14624e-007
-1.119	2.19303e-007
-1.118	2.24024e-007
-1.117	2.28784e-007
-1.116	2.3358e-007
-1.115	2.38409e-007
-1.114	2.43268e-007
-1.113	2.48156e-007
-1.112	2.53071e-007
-1.111	2.58012e-007
-1.11	2.62977e-007
-1.109	2.67966e-007
-1.108	2.72979e-007
-1.107	2.78016e-007
-1.106	2.83079e-007
-1.105	2.88169e-007
-1.104	2.93288e-007
-1.103	2.98439e-007
-1.102	3.03624e-007
-1.101	3.08849e-007
-1.1	3.14118e-007
-1.099	3.19435e-007
-1.098	3.24807e-007
-1.097	3.30241e-007
-1.096	3.35743e-007
-1.095	3.41321e-007
-1.094	3.46984e-007
-1.093	3.52742e-007
-1.092	3.58602e-007
-1.091	3.64576e-007
-1.09	3.70675e-007
-1.089	3.76908e-007
-1.088	3.83287e-007
-1.087	3.89825e-007
-1.086	3.96532e-007
-1.085	4.03421e-007
-1.084	4.10503e-007
-1.083	4.17791e-007
-1.082	4.25296e-007
-1.081	4.33031e-007
-1.08	4.41005e-007
-1.079	4.4923e-007
-1.078	4.57718e-007
-1.077	4.66476e-007
-1.076	4.75516e-007
-1.075	4.84845e-007
-1.074	4.94471e-007
-1.073	5.04402e-007
-1.072	5.14642e-007
-1.071	5.25199e-007
-1.07	5.36075e-007
-1.069	5.47275e-007
-1.068	5.58801e-007
-1.067	5.70655e-007
-1.066	5.82836e-007
-1.065	5.95345e-007
-1.064	6.08181e-007
-1.063	6.2134e-007
-1.062	6.34821e-007
-1.061	6.4862e-007
-1.06	6.62732e-007
-1.059	6.77152e-007
-1.058	6.91875e-007
-1.057	7.06894e-007
-1.056	7.22202e-007
-1.055	7.37793e-007
-1.054	7.53659e-007
-1.053	7.69793e-007
-1.052	7.86187e-007
-1.051	8.02833e-007
-1.05	8.19724e-007
-1.049	8.36851e-007
-1.048	8.54209e-007
-1.047	8.71789e-007
-1.046	8.89586e-007
-1.045	9.07592e-007
-1.044	9.25802e-007
-1.043	9.44212e-007
-1.042	9.62818e-007
-1.041	9.81616e-007
-1.04	1.0006e-006
-1.039	1.01978e-006
-1.038	1.03914e-006
-1.037	1.0587e-006
-1.036	1.07844e-006
-1.035	1.09838e-006
-1.034	1.11852e-006
-1.033	1.13887e-006
-1.032	1.15943e-006
-1.031	1.18021e-006
-1.03	1.20123e-006
-1.029	1.22249e-006
-1.028	1.24401e-006
-1.027	1.26581e-006
-1.026	1.2879e-006
-1.025	1.3103e-006
-1.024	1.33303e-006
-1.023	1.35611e-006
-1.022	1.37957e-006
-1.021	1.40343e-006
-1.02	1.42771e-006
-1.019	1.45245e-006
-1.018	1.47767e-006
-1.017	1.50339e-006
-1.016	1.52966e-006
-1.015	1.55649e-006
-1.014	1.58392e-006
-1.013	1.61198e-006
-1.012	1.6407e-006
-1.011	1.67011e-006
-1.01	1.70024e-006
-1.009	1.73113e-006
-1.008	1.7628e-006
-1.007	1.79527e-006
-1.006	1.82859e-006
-1.005	1.86278e-006
-1.004	1.89786e-006
-1.003	1.93385e-006
-1.002	1.97079e-006
-1.001	2.00869e-006
-1	2.04756e-006
-0.999	2.08744e-006
-0.998	2.12833e-006
-0.997	2.17025e-006
-0.996	2.21321e-006
-0.995	2.25722e-006
-0.994	2.30229e-006
-0.993	2.34843e-006
-0.992	2.39564e-006
-0.991	2.44392e-006
-0.99	2.49327e-006
-0.989	2.5437e-006
-0.988	2.59519e-006
-0.987	2.64775e-006
-0.986	2.70138e-006
-0.985	2.75606e-006
-0.984	2.81178e-006
-0.983	2.86855e-006
-0.982	2.92635e-006
-0.981	2.98517e-006
-0.98	3.045e-006
-0.979	3.10584e-006
-0.978	3.16767e-006
-0.977	3.23049e-006
-0.976	3.29429e-006
-0.975	3.35906e-006
-0.974	3.42479e-006
-0.973	3.49148e-006
-0.972	3.55913e-006
-0.971	3.62772e-006
-0.97	3.69728e-006
-0.969	3.76778e-006
-0.968	3.83925e-006
-0.967	3.91168e-006
-0.966	3.98508e-006
-0.965	4.05947e-006
-0.964	4.13485e-006
-0.963	4.21125e-006
-0.962	4.2887e-006
-0.961	4.3672e-006
-0.96	4.44679e-006
-0.959	4.5275e-006
-0.958	4.60936e-006
-0.957	4.69242e-006
-0.956	4.7767e-006
-0.955	4.86227e-006
-0.954	4.94915e-006
-0.953	5.03742e-006
-0.952	5.12711e-006
-0.951	5.21829e-006
-0.95	5.31102e-006
-0.949	5.40536e-006
-0.948	5.50139e-006
-0.947	5.59916e-006
-0.946	5.69876e-006
-0.945	5.80025e-006
-0.944	5.90371e-006
-0.943	6.00922e-006
-0.942	6.11685e-006
-0.941	6.2267e-006
-0.94	6.33882e-006
-0.939	6.45332e-006
-0.938	6.57026e-006
-0.937	6.68973e-006
-0.936	6.8118e-006
-0.935	6.93656e-006
-0.934	7.06409e-006
-0.933	7.19445e-006
-0.932	7.32772e-006
-0.931	7.46398e-006
-0.93	7.6033e-006
-0.929	7.74573e-006
-0.928	7.89135e-006
-0.927	8.04022e-006
-0.926	8.19239e-006
-0.925	8.34792e-006
-0.924	8.50687e-006
-0.923	8.66927e-006
-0.922	8.83517e-006
-0.921	9.00462e-006
-0.92	9.17766e-006
-0.919	9.35431e-006
-0.918	9.53462e-006
-0.917	9.71861e-006
-0.916	9.90631e-006
-0.915	1.00977e-005
-0.914	1.02929e-005
-0.913	1.04919e-005
-0.912	1.06946e-005
-0.911	1.09012e-005
-0.91	1.11116e-005
-0.909	1.13258e-005
-0.908	1.15439e-005
-0.907	1.17659e-005
-0.906	1.19917e-005
-0.905	1.22214e-005
-0.904	1.24551e-005
-0.903	1.26927e-005
-0.902	1.29343e-005
-0.901	1.31798e-005
-0.9	1.34294e-005
-0.899	1.3683e-005
-0.898	1.39407e-005
-0.897	1.42025e-005
-0.896	1.44685e-005
-0.895	1.47387e-005
-0.894	1.50132e-005
-0.893	1.52919e-005
-0.892	1.55751e-005
-0.891	1.58628e-005
-0.89	1.61549e-005
-0.889	1.64518e-005
-0.888	1.67533e-005
-0.887	1.70597e-005
-0.886	1.7371e-005
-0.885	1.76873e-005
-0.884	1.80088e-005
-0.883	1.83356e-005
-0.882	1.86679e-005
-0.881	1.90057e-005
-0.88	1.93493e-005
-0.879	1.96988e-005
-0.878	2.00544e-005
-0.877	2.04161e-005
-0.876	2.07843e-005
-0.875	2.11592e-005
-0.874	2.15408e-005
-0.873	2.19294e-005
-0.872	2.23252e-005
-0.871	2.27285e-005
-0.87	2.31394e-005
-0.869	2.35581e-005
-0.868	2.39849e-005
-0.867	2.442e-005
-0.866	2.48636e-005
-0.865	2.53159e-005
-0.864	2.57772e-005
-0.863	2.62478e-005
-0.862	2.67277e-005
-0.861	2.72174e-005
-0.86	2.77169e-005
-0.859	2.82266e-005
-0.858	2.87466e-005
-0.857	2.92771e-005
-0.856	2.98185e-005
-0.855	3.03709e-005
-0.854	3.09345e-005
-0.853	3.15096e-005
-0.852	3.20963e-005
-0.851	3.26948e-005
-0.85	3.33054e-005
-0.849	3.39282e-005
-0.848	3.45635e-005
-0.847	3.52114e-005
-0.846	3.5872e-005
-0.845	3.65457e-005
-0.844	3.72325e-005
-0.843	3.79327e-005
-0.842	3.86464e-005
-0.841	3.93737e-005
-0.84	4.01149e-005
-0.839	4.087e-005
-0.838	4.16393e-005
-0.837	4.24229e-005
-0.836	4.3221e-005
-0.835	4.40338e-005
-0.834	4.48613e-005
-0.833	4.57038e-005
-0.832	4.65615e-005
-0.831	4.74344e-005
-0.83	4.83229e-005
-0.829	4.9227e-005
-0.828	5.01469e-005
-0.827	5.10829e-005
-0.826	5.20352e-005
-0.825	5.30039e-005
-0.824	5.39893e-005
-0.823	5.49916e-005
-0.822	5.6011e-005
-0.821	5.70479e-005
-0.82	5.81025e-005
-0.819	5.9175e-005
-0.818	6.02658e-005
-0.817	6.13751e-005
-0.816	6.25033e-005
-0.815	6.36507e-005
-0.814	6.48178e-005
-0.813	6.60048e-005
-0.812	6.72121e-005
-0.811	6.84403e-005
-0.81	6.96896e-005
-0.809	7.09606e-005
-0.808	7.22537e-005
-0.807	7.35693e-005
-0.806	7.49081e-005
-0.805	7.62705e-005
-0.804	7.7657e-005
-0.803	7.90683e-005
-0.802	8.05049e-005
-0.801	8.19673e-005
-0.8	8.34562e-005
-0.799	8.49723e-005
-0.798	8.65161e-005
-0.797	8.80884e-005
-0.796	8.96898e-005
-0.795	9.1321e-005
-0.794	9.29827e-005
-0.793	9.46755e-005
-0.792	9.64003e-005
-0.791	9.81578e-005
-0.79	9.99488e-005
-0.789	0.000101774
-0.788	0.000103634
-0.787	0.00010553
-0.786	0.000107462
-0.785	0.000109431
-0.784	0.000111439
-0.783	0.000113485
-0.782	0.000115571
-0.781	0.000117697
-0.78	0.000119865
-0.779	0.000122074
-0.778	0.000124327
-0.777	0.000126623
-0.776	0.000128963
-0.775	0.000131349
-0.774	0.00013378
-0.773	0.000136258
-0.772	0.000138784
-0.771	0.000141358
-0.77	0.000143981
-0.769	0.000146654
-0.768	0.000149378
-0.767	0.000152153
-0.766	0.00015498
-0.765	0.000157861
-0.764	0.000160795
-0.763	0.000163784
-0.762	0.000166828
-0.761	0.000169928
-0.76	0.000173085
-0.759	0.0001763
-0.758	0.000179574
-0.757	0.000182907
-0.756	0.000186301
-0.755	0.000189756
-0.754	0.000193273
-0.753	0.000196853
-0.752	0.000200496
-0.751	0.000204205
-0.75	0.00020798
-0.749	0.000211822
-0.748	0.000215731
-0.747	0.00021971
-0.746	0.000223759
-0.745	0.000227879
-0.744	0.000232072
-0.743	0.000236338
-0.742	0.000240679
-0.741	0.000245097
-0.74	0.000249592
-0.739	0.000254167
-0.738	0.000258822
-0.737	0.000263559
-0.736	0.00026838
-0.735	0.000273286
-0.734	0.000278279
-0.733	0.000283361
-0.732	0.000288533
-0.731	0.000293797
-0.73	0.000299156
-0.729	0.000304611
-0.728	0.000310164
-0.727	0.000315817
-0.726	0.000321573
-0.725	0.000327433
-0.724	0.0003334
-0.723	0.000339477
-0.722	0.000345665
-0.721	0.000351966
-0.72	0.000358384
-0.719	0.000364921
-0.718	0.000371579
-0.717	0.000378362
-0.716	0.000385271
-0.715	0.000392309
-0.714	0.000399479
-0.713	0.000406784
-0.712	0.000414227
-0.711	0.00042181
-0.71	0.000429536
-0.709	0.000437409
-0.708	0.00044543
-0.707	0.000453604
-0.706	0.000461932
-0.705	0.000470419
-0.704	0.000479067
-0.703	0.000487878
-0.702	0.000496857
-0.701	0.000506006
-0.7	0.000515328
-0.699	0.000524827
-0.698	0.000534505
-0.697	0.000544365
-0.696	0.000554411
-0.695	0.000564646
-0.694	0.000575073
-0.693	0.000585696
-0.692	0.000596517
-0.691	0.00060754
-0.69	0.000618767
-0.689	0.000630203
-0.688	0.000641851
-0.687	0.000653714
-0.686	0.000665795
-0.685	0.000678098
-0.684	0.000690626
-0.683	0.000703383
-0.682	0.000716373
-0.681	0.000729599
-0.68	0.000743066
-0.679	0.000756776
-0.678	0.000770733
-0.677	0.000784943
-0.676	0.000799408
-0.675	0.000814133
-0.674	0.000829122
-0.673	0.000844381
-0.672	0.000859912
-0.671	0.000875721
-0.67	0.000891812
-0.669	0.000908192
-0.668	0.000924863
-0.667	0.000941832
-0.666	0.000959104
-0.665	0.000976685
-0.664	0.00099458
-0.663	0.00101279
-0.662	0.00103134
-0.661	0.00105021
-0.66	0.00106942
-0.659	0.00108898
-0.658	0.00110889
-0.657	0.00112915
-0.656	0.00114979
-0.655	0.00117079
-0.654	0.00119218
-0.653	0.00121395
-0.652	0.00123612
-0.651	0.0012587
-0.65	0.00128169
-0.649	0.00130509
-0.648	0.00132893
-0.647	0.00135321
-0.646	0.00137793
-0.645	0.00140311
-0.644	0.00142875
-0.643	0.00145487
-0.642	0.00148147
-0.641	0.00150857
-0.64	0.00153617
-0.639	0.00156429
-0.638	0.00159293
-0.637	0.0016221
-0.636	0.00165182
-0.635	0.0016821
-0.634	0.00171294
-0.633	0.00174437
-0.632	0.00177638
-0.631	0.00180899
-0.63	0.00184221
-0.629	0.00187605
-0.628	0.00191053
-0.627	0.00194565
-0.626	0.00198144
-0.625	0.00201789
-0.624	0.00205502
-0.623	0.00209284
-0.622	0.00213137
-0.621	0.00217062
-0.62	0.0022106
-0.619	0.00225132
-0.618	0.0022928
-0.617	0.00233504
-0.616	0.00237807
-0.615	0.00242189
-0.614	0.00246652
-0.613	0.00251197
-0.612	0.00255825
-0.611	0.00260539
-0.61	0.00265339
-0.609	0.00270226
-0.608	0.00275203
-0.607	0.00280271
-0.606	0.00285431
-0.605	0.00290685
-0.604	0.00296034
-0.603	0.0030148
-0.602	0.00307025
-0.601	0.0031267
-0.6	0.00318418
-0.599	0.00324269
-0.598	0.00330226
-0.597	0.00336291
-0.596	0.00342465
-0.595	0.0034875
-0.594	0.00355149
-0.593	0.00361664
-0.592	0.00368296
-0.591	0.00375047
-0.59	0.00381921
-0.589	0.00388919
-0.588	0.00396043
-0.587	0.00403297
-0.586	0.00410682
-0.585	0.004182
-0.584	0.00425855
-0.583	0.00433649
-0.582	0.00441585
-0.581	0.00449665
-0.58	0.00457892
-0.579	0.0046627
-0.578	0.00474801
-0.577	0.00483487
-0.576	0.00492333
-0.575	0.00501341
-0.574	0.00510515
-0.573	0.00519857
-0.572	0.00529371
-0.571	0.0053906
-0.57	0.00548929
-0.569	0.00558979
-0.568	0.00569216
-0.567	0.00579641
-0.566	0.0059026
-0.565	0.00601076
-0.564	0.00612092
-0.563	0.00623312
-0.562	0.00634741
-0.561	0.00646383
-0.56	0.0065824
-0.559	0.00670318
-0.558	0.0068262
-0.557	0.00695151
-0.556	0.00707914
-0.555	0.00720915
-0.554	0.00734157
-0.553	0.00747645
-0.552	0.00761383
-0.551	0.00775377
-0.55	0.00789629
-0.549	0.00804146
-0.548	0.00818931
-0.547	0.0083399
-0.546	0.00849326
-0.545	0.00864947
-0.544	0.00880856
-0.543	0.00897058
-0.542	0.00913558
-0.541	0.00930362
-0.54	0.00947474
-0.539	0.00964901
-0.538	0.00982648
-0.537	0.0100072
-0.536	0.0101912
-0.535	0.0103786
-0.534	0.0105695
-0.533	0.0107638
-0.532	0.0109616
-0.531	0.0111631
-0.53	0.0113682
-0.529	0.0115771
-0.528	0.0117898
-0.527	0.0120064
-0.526	0.0122269
-0.525	0.0124514
-0.524	0.01268
-0.523	0.0129127
-0.522	0.0131497
-0.521	0.013391
-0.52	0.0136367
-0.519	0.0138868
-0.518	0.0141415
-0.517	0.0144008
-0.516	0.0146649
-0.515	0.0149337
-0.514	0.0152075
-0.513	0.0154862
-0.512	0.0157701
-0.511	0.016059
-0.51	0.0163533
-0.509	0.016653
-0.508	0.0169581
-0.507	0.0172688
-0.506	0.0175852
-0.505	0.0179073
-0.504	0.0182354
-0.503	0.0185695
-0.502	0.0189097
-0.501	0.0192562
-0.5	0.019609
-0.499	0.0199683
-0.498	0.0203342
-0.497	0.0207069
-0.496	0.0210864
-0.495	0.0214729
-0.494	0.0218665
-0.493	0.0222674
-0.492	0.0226757
-0.491	0.0230915
-0.49	0.023515
-0.489	0.0239464
-0.488	0.0243856
-0.487	0.024833
-0.486	0.0252887
-0.485	0.0257528
-0.484	0.0262254
-0.483	0.0267068
-0.482	0.0271971
-0.481	0.0276964
-0.48	0.028205
-0.479	0.028723
-0.478	0.0292505
-0.477	0.0297877
-0.476	0.0303348
-0.475	0.0308921
-0.474	0.0314596
-0.473	0.0320376
-0.472	0.0326262
-0.471	0.0332256
-0.47	0.0338361
-0.469	0.0344578
-0.468	0.0350909
-0.467	0.0357357
-0.466	0.0363923
-0.465	0.037061
-0.464	0.0377419
-0.463	0.0384353
-0.462	0.0391414
-0.461	0.0398605
-0.46	0.0405927
-0.459	0.0413383
-0.458	0.0420976
-0.457	0.0428708
-0.456	0.0436581
-0.455	0.0444598
-0.454	0.0452762
-0.453	0.0461074
-0.452	0.0469539
-0.451	0.0478158
-0.45	0.0486935
-0.449	0.0495872
-0.448	0.0504972
-0.447	0.0514239
-0.446	0.0523675
-0.445	0.0533283
-0.444	0.0543067
-0.443	0.0553029
-0.442	0.0563174
-0.441	0.0573504
-0.44	0.0584022
-0.439	0.0594734
-0.438	0.0605641
-0.437	0.0616747
-0.436	0.0628057
-0.435	0.0639574
-0.434	0.0651302
-0.433	0.0663245
-0.432	0.0675406
-0.431	0.0687791
-0.43	0.0700402
-0.429	0.0713245
-0.428	0.0726324
-0.427	0.0739643
-0.426	0.0753206
-0.425	0.0767018
-0.424	0.0781084
-0.423	0.0795409
-0.422	0.0809997
-0.421	0.0824853
-0.42	0.0839983
-0.419	0.0855391
-0.418	0.0871082
-0.417	0.0887062
-0.416	0.0903336
-0.415	0.091991
-0.414	0.0936788
-0.413	0.0953978
-0.412	0.0971484
-0.411	0.0989313
-0.41	0.100747
-0.409	0.102596
-0.408	0.104479
-0.407	0.106397
-0.406	0.10835
-0.405	0.110339
-0.404	0.112365
-0.403	0.114428
-0.402	0.116529
-0.401	0.118668
-0.4	0.120847
-0.399	0.123066
-0.398	0.125326
-0.397	0.127628
-0.396	0.129971
-0.395	0.132358
-0.394	0.134789
-0.393	0.137264
-0.392	0.139785
-0.391	0.142352
-0.39	0.144966
-0.389	0.147628
-0.388	0.150339
-0.387	0.153099
-0.386	0.15591
-0.385	0.158773
-0.384	0.161689
-0.383	0.164657
-0.382	0.16768
-0.381	0.170759
-0.38	0.173894
-0.379	0.177086
-0.378	0.180337
-0.377	0.183647
-0.376	0.187018
-0.375	0.190451
-0.374	0.193946
-0.373	0.197506
-0.372	0.201131
-0.371	0.204822
-0.37	0.20858
-0.369	0.212408
-0.368	0.216305
-0.367	0.220274
-0.366	0.224316
-0.365	0.228431
-0.364	0.232622
-0.363	0.23689
-0.362	0.241236
-0.361	0.245662
-0.36	0.250168
-0.359	0.254758
-0.358	0.259431
-0.357	0.26419
-0.356	0.269037
-0.355	0.273972
-0.354	0.278998
-0.353	0.284116
-0.352	0.289328
-0.351	0.294636
-0.35	0.300041
-0.349	0.305671
-0.348	0.311642
-0.347	0.31793
-0.346	0.324509
-0.345	0.331354
-0.344	0.338442
-0.343	0.345749
-0.342	0.353251
-0.341	0.360926
-0.34	0.368752
-0.339	0.376636
-0.338	0.384471
-0.337	0.392226
-0.336	0.399873
-0.335	0.407386
-0.334	0.414738
-0.333	0.421907
-0.332	0.428871
-0.331	0.43561
-0.33	0.442104
-0.329	0.448337
-0.328	0.454292
-0.327	0.459954
-0.326	0.46531
-0.325	0.470346
-0.324	0.47505
-0.323	0.479413
-0.322	0.483423
-0.321	0.487074
-0.32	0.490355
-0.319	0.493261
-0.318	0.495786
-0.317	0.497924
-0.316	0.49967
-0.315	0.501022
-0.314	0.501977
-0.313	0.502533
-0.312	0.502688
-0.311	0.502443
-0.31	0.501798
-0.309	0.500755
-0.308	0.499316
-0.307	0.497484
-0.306	0.495263
-0.305	0.492658
-0.304	0.489674
-0.303	0.486318
-0.302	0.482598
-0.301	0.478522
-0.3	0.474098
-0.299	0.469339
-0.298	0.464253
-0.297	0.458855
-0.296	0.453157
-0.295	0.447174
-0.294	0.440921
-0.293	0.434415
-0.292	0.427675
-0.291	0.420721
-0.29	0.413572
-0.289	0.406252
-0.288	0.398785
-0.287	0.391196
-0.286	0.383513
-0.285	0.375767
-0.284	0.367988
-0.283	0.36021
-0.282	0.35247
-0.281	0.344805
-0.28	0.337256
-0.279	0.329865
-0.278	0.322679
-0.277	0.315743
-0.276	0.309107
-0.275	0.302822
-0.274	0.296938
-0.273	0.291506
-0.272	0.286579
-0.271	0.282203
-0.27	0.278427
-0.269	0.275291
-0.268	0.272832
-0.267	0.271079
-0.266	0.270056
-0.265	0.269774
-0.264	0.270238
-0.263	0.271441
-0.262	0.273369
-0.261	0.275999
-0.26	0.2793
-0.259	0.283238
-0.258	0.287778
-0.257	0.292881
-0.256	0.298501
-0.255	0.304593
-0.254	0.31111
-0.253	0.318005
-0.252	0.325231
-0.251	0.332741
-0.25	0.340493
-0.249	0.348441
-0.248	0.356546
-0.247	0.364768
-0.246	0.373072
-0.245	0.381421
-0.244	0.389784
-0.243	0.398129
-0.242	0.406428
-0.241	0.414652
-0.24	0.422778
-0.239	0.430781
-0.238	0.438639
-0.237	0.446331
-0.236	0.453838
-0.235	0.461141
-0.234	0.468225
-0.233	0.475073
-0.232	0.481671
-0.231	0.488006
-0.23	0.494066
-0.229	0.499838
-0.228	0.505315
-0.227	0.510485
-0.226	0.51534
-0.225	0.519875
-0.224	0.52408
-0.223	0.527953
-0.222	0.531488
-0.221	0.53468
-0.22	0.537527
-0.219	0.540028
-0.218	0.542181
-0.217	0.543985
-0.216	0.545442
-0.215	0.546552
-0.214	0.547318
-0.213	0.547744
-0.212	0.547833
-0.211	0.54759
-0.21	0.547022
-0.209	0.546134
-0.208	0.544935
-0.207	0.543433
-0.206	0.541638
-0.205	0.53956
-0.204	0.537211
-0.203	0.534603
-0.202	0.531751
-0.201	0.528667
-0.2	0.525367
-0.199	0.52187
-0.198	0.518191
-0.197	0.514349
-0.196	0.510364
-0.195	0.506257
-0.194	0.502049
-0.193	0.497763
-0.192	0.493423
-0.191	0.489053
-0.19	0.48468
-0.189	0.480328
-0.188	0.476025
-0.187	0.471799
-0.186	0.467678
-0.185	0.463691
-0.184	0.459866
-0.183	0.456232
-0.182	0.452818
-0.181	0.449651
-0.18	0.446759
-0.179	0.444189
-0.178	0.441983
-0.177	0.440165
-0.176	0.438754
-0.175	0.437767
-0.174	0.437219
-0.173	0.437121
-0.172	0.437482
-0.171	0.438308
-0.17	0.4396
-0.169	0.441356
-0.168	0.443573
-0.167	0.446242
-0.166	0.449353
-0.165	0.452892
-0.164	0.456842
-0.163	0.461187
-0.162	0.465904
-0.161	0.470972
-0.16	0.476367
-0.159	0.482065
-0.158	0.48804
-0.157	0.494266
-0.156	0.500716
-0.155	0.507366
-0.154	0.514186
-0.153	0.521152
-0.152	0.528237
-0.151	0.535416
-0.15	0.542664
-0.149	0.549958
-0.148	0.557272
-0.147	0.564586
-0.146	0.571877
-0.145	0.579124
-0.144	0.586307
-0.143	0.593407
-0.142	0.600405
-0.141	0.607285
-0.14	0.61403
-0.139	0.620623
-0.138	0.627052
-0.137	0.633302
-0.136	0.63936
-0.135	0.645213
-0.134	0.650852
-0.133	0.656266
-0.132	0.661446
-0.131	0.666382
-0.13	0.671068
-0.129	0.675497
-0.128	0.679662
-0.127	0.683559
-0.126	0.687183
-0.125	0.690531
-0.124	0.6936
-0.123	0.696388
-0.122	0.698894
-0.121	0.701119
-0.12	0.703062
-0.119	0.704725
-0.118	0.70611
-0.117	0.707221
-0.116	0.70806
-0.115	0.708632
-0.114	0.708944
-0.113	0.709001
-0.112	0.70881
-0.111	0.708378
-0.11	0.707715
-0.109	0.70683
-0.108	0.705732
-0.107	0.704433
-0.106	0.702945
-0.105	0.701279
-0.104	0.699449
-0.103	0.697469
-0.102	0.695353
-0.101	0.693116
-0.1	0.690774
