-3.037	0
-3.036	0
-3.035	0
-3.034	0
-3.033	0
-3.032	0
-3.031	0
-3.03	0
-3.029	0
-3.028	0
-3.027	0
-3.026	0
-3.025	0
-3.024	0
-3.023	0
-3.022	0
-3.021	0
-3.02	0
-3.019	0
-3.018	0
-3.017	0
-3.016	0
-3.015	0
-3.014	0
-3.013	0
-3.012	0
-3.011	0
-3.01	0
-3.009	0
-3.008	0
-3.007	0
-3.006	0
-3.005	0
-3.004	0
-3.003	0
-3.002	0
-3.001	0
-3	0
-2.999	0
-2.998	0
-2.997	0
-2.996	0
-2.995	0
-2.994	0
-2.993	0
-2.992	0
-2.991	0
-2.99	0
-2.989	0
-2.988	0
-2.987	0
-2.986	0
-2.985	0
-2.984	0
-2.983	0
-2.982	0
-2.981	0
-2.98	0
-2.979	0
-2.978	0
-2.977	0
-2.976	0
-2.975	0
-2.974	0
-2.973	0
-2.972	0
-2.971	0
-2.97	0
-2.969	0
-2.968	0
-2.967	0
-2.966	0
-2.965	0
-2.964	0
-2.963	0
-2.962	0
-2.961	0
-2.96	0
-2.959	0
-2.958	0
-2.957	0
-2.956	0
-2.955	0
-2.954	0
-2.953	0
-2.952	0
-2.951	0
-2.95	0
-2.949	0
-2.948	0
-2.947	0
-2.946	0
-2.945	0
-2.944	0
-2.943	0
-2.942	0
-2.941	0
-2.94	0
-2.939	0
-2.938	0
-2.937	0
-2.936	0
-2.935	0
-2.934	0
-2.933	0
-2.932	0
-2.931	0
-2.93	0
-2.929	0
-2.928	0
-2.927	0
-2.926	0
-2.925	0
-2.924	0
-2.923	0
-2.922	0
-2.921	0
-2.92	0
-2.919	0
-2.918	0
-2.917	0
-2.916	0
-2.915	0
-2.914	0
-2.913	0
-2.912	0
-2.911	0
-2.91	0
-2.909	0
-2.908	0
-2.907	0
-2.906	0
-2.905	0
-2.904	0
-2.903	0
-2.902	0
-2.901	0
-2.9	0
-2.899	0
-2.898	0
-2.897	0
-2.896	0
-2.895	0
-2.894	0
-2.893	0
-2.892	0
-2.891	0
-2.89	0
-2.889	0
-2.888	0
-2.887	0
-2.886	0
-2.885	0
-2.884	0
-2.883	0
-2.882	0
-2.881	0
-2.88	0
-2.879	0
-2.878	0
-2.877	0
-2.876	0
-2.875	0
-2.874	0
-2.873	0
-2.872	0
-2.871	0
-2.87	0
-2.869	0
-2.868	0
-2.867	0
-2.866	0
-2.865	0
-2.864	0
-2.863	0
-2.862	0
-2.861	0
-2.86	0
-2.859	0
-2.858	0
-2.857	0
-2.856	0
-2.855	0
-2.854	0
-2.853	0
-2.852	0
-2.851	0
-2.85	0
-2.849	0
-2.848	0
-2.847	0
-2.846	0
-2.845	0
-2.844	0
-2.843	0
-2.842	0
-2.841	0
-2.84	0
-2.839	0
-2.838	0
-2.837	0
-2.836	0
-2.835	0
-2.834	0
-2.833	0
-2.832	0
-2.831	0
-2.83	0
-2.829	0
-2.828	0
-2.827	0
-2.826	0
-2.825	0
-2.824	0
-2.823	0
-2.822	0
-2.821	0
-2.82	0
-2.819	0
-2.818	0
-2.817	0
-2.816	0
-2.815	0
-2.814	0
-2.813	0
-2.812	0
-2.811	0
-2.81	0
-2.809	0
-2.808	0
-2.807	0
-2.806	0
-2.805	0
-2.804	0
-2.803	0
-2.802	0
-2.801	0
-2.8	0
-2.799	0
-2.798	0
-2.797	0
-2.796	0
-2.795	0
-2.794	0
-2.793	0
-2.792	0
-2.791	0
-2.79	0
-2.789	0
-2.788	0
-2.787	0
-2.786	0
-2.785	0
-2.784	0
-2.783	0
-2.782	0
-2.781	0
-2.78	0
-2.779	0
-2.778	0
-2.777	0
-2.776	0
-2.775	0
-2.774	0
-2.773	0
-2.772	0
-2.771	0
-2.77	0
-2.769	0
-2.768	0
-2.767	0
-2.766	0
-2.765	0
-2.764	0
-2.763	0
-2.762	0
-2.761	0
-2.76	0
-2.759	0
-2.758	0
-2.757	0
-2.756	0
-2.755	0
-2.754	0
-2.753	0
-2.752	0
-2.751	0
-2.75	0
-2.749	0
-2.748	0
-2.747	0
-2.746	0
-2.745	0
-2.744	0
-2.743	0
-2.742	0
-2.741	0
-2.74	0
-2.739	0
-2.738	0
-2.737	0
-2.736	0
-2.735	0
-2.734	0
-2.733	0
-2.732	0
-2.731	0
-2.73	0
-2.729	0
-2.728	0
-2.727	0
-2.726	0
-2.725	0
-2.724	0
-2.723	0
-2.722	0
-2.721	0
-2.72	0
-2.719	0
-2.718	0
-2.717	0
-2.716	0
-2.715	0
-2.714	0
-2.713	0
-2.712	0
-2.711	0
-2.71	0
-2.709	0
-2.708	0
-2.707	0
-2.706	0
-2.705	0
-2.704	0
-2.703	0
-2.702	0
-2.701	0
-2.7	0
-2.699	0
-2.698	0
-2.697	0
-2.696	0
-2.695	0
-2.694	0
-2.693	0
-2.692	0
-2.691	0
-2.69	0
-2.689	0
-2.688	0
-2.687	0
-2.686	0
-2.685	0
-2.684	0
-2.683	0
-2.682	0
-2.681	0
-2.68	0
-2.679	0
-2.678	0
-2.677	0
-2.676	0
-2.675	0
-2.674	0
-2.673	0
-2.672	0
-2.671	0
-2.67	0
-2.669	0
-2.668	0
-2.667	0
-2.666	0
-2.665	0
-2.664	0
-2.663	0
-2.662	0
-2.661	0
-2.66	0
-2.659	0
-2.658	0
-2.657	0
-2.656	0
-2.655	0
-2.654	0
-2.653	0
-2.652	0
-2.651	0
-2.65	0
-2.649	0
-2.648	0
-2.647	0
-2.646	0
-2.645	0
-2.644	0
-2.643	0
-2.642	0
-2.641	0
-2.64	0
-2.639	0
-2.638	0
-2.637	0
-2.636	0
-2.635	0
-2.634	0
-2.633	0
-2.632	0
-2.631	0
-2.63	0
-2.629	0
-2.628	0
-2.627	0
-2.626	0
-2.625	0
-2.624	0
-2.623	0
-2.622	0
-2.621	0
-2.62	0
-2.619	0
-2.618	0
-2.617	0
-2.616	0
-2.615	0
-2.614	0
-2.613	0
-2.612	0
-2.611	0
-2.61	0
-2.609	0
-2.608	0
-2.607	0
-2.606	0
-2.605	0
-2.604	0
-2.603	0
-2.602	0
-2.601	0
-2.6	0
-2.599	0
-2.598	0
-2.597	0
-2.596	0
-2.595	0
-2.594	0
-2.593	0
-2.592	0
-2.591	0
-2.59	0
-2.589	0
-2.588	0
-2.587	0
-2.586	0
-2.585	0
-2.584	0
-2.583	0
-2.582	0
-2.581	0
-2.58	0
-2.579	0
-2.578	0
-2.577	0
-2.576	0
-2.575	0
-2.574	0
-2.573	0
-2.572	0
-2.571	0
-2.57	0
-2.569	0
-2.568	0
-2.567	0
-2.566	0
-2.565	0
-2.564	0
-2.563	0
-2.562	0
-2.561	0
-2.56	0
-2.559	0
-2.558	0
-2.557	0
-2.556	0
-2.555	0
-2.554	0
-2.553	0
-2.552	0
-2.551	0
-2.55	0
-2.549	0
-2.548	0
-2.547	0
-2.546	0
-2.545	0
-2.544	0
-2.543	0
-2.542	0
-2.541	0
-2.54	0
-2.539	0
-2.538	0
-2.537	0
-2.536	0
-2.535	0
-2.534	0
-2.533	0
-2.532	0
-2.531	0
-2.53	0
-2.529	0
-2.528	0
-2.527	0
-2.526	0
-2.525	0
-2.524	0
-2.523	0
-2.522	0
-2.521	0
-2.52	0
-2.519	0
-2.518	0
-2.517	0
-2.516	0
-2.515	0
-2.514	0
-2.513	0
-2.512	0
-2.511	0
-2.51	0
-2.509	0
-2.508	0
-2.507	0
-2.506	0
-2.505	0
-2.504	0
-2.503	0
-2.502	0
-2.501	0
-2.5	0
-2.499	0
-2.498	0
-2.497	0
-2.496	0
-2.495	0
-2.494	0
-2.493	0
-2.492	0
-2.491	0
-2.49	0
-2.489	0
-2.488	0
-2.487	0
-2.486	0
-2.485	0
-2.484	0
-2.483	0
-2.482	0
-2.481	0
-2.48	0
-2.479	0
-2.478	0
-2.477	0
-2.476	0
-2.475	0
-2.474	0
-2.473	0
-2.472	0
-2.471	0
-2.47	0
-2.469	0
-2.468	0
-2.467	0
-2.466	0
-2.465	0
-2.464	0
-2.463	0
-2.462	0
-2.461	0
-2.46	0
-2.459	0
-2.458	0
-2.457	0
-2.456	0
-2.455	0
-2.454	0
-2.453	0
-2.452	0
-2.451	0
-2.45	0
-2.449	0
-2.448	0
-2.447	0
-2.446	0
-2.445	0
-2.444	0
-2.443	0
-2.442	0
-2.441	0
-2.44	0
-2.439	0
-2.438	0
-2.437	0
-2.436	0
-2.435	0
-2.434	0
-2.433	0
-2.432	0
-2.431	0
-2.43	0
-2.429	0
-2.428	0
-2.427	0
-2.426	0
-2.425	0
-2.424	0
-2.423	0
-2.422	0
-2.421	0
-2.42	0
-2.419	0
-2.418	0
-2.417	0
-2.416	0
-2.415	0
-2.414	0
-2.413	0
-2.412	0
-2.411	0
-2.41	0
-2.409	0
-2.408	0
-2.407	0
-2.406	0
-2.405	0
-2.404	0
-2.403	0
-2.402	0
-2.401	0
-2.4	0
-2.399	0
-2.398	0
-2.397	0
-2.396	0
-2.395	0
-2.394	0
-2.393	0
-2.392	0
-2.391	0
-2.39	0
-2.389	0
-2.388	0
-2.387	0
-2.386	0
-2.385	0
-2.384	0
-2.383	0
-2.382	0
-2.381	0
-2.38	0
-2.379	0
-2.378	0
-2.377	0
-2.376	0
-2.375	0
-2.374	0
-2.373	0
-2.372	0
-2.371	0
-2.37	0
-2.369	0
-2.368	0
-2.367	0
-2.366	0
-2.365	0
-2.364	0
-2.363	0
-2.362	0
-2.361	0
-2.36	0
-2.359	0
-2.358	0
-2.357	0
-2.356	0
-2.355	0
-2.354	0
-2.353	0
-2.352	0
-2.351	0
-2.35	0
-2.349	0
-2.348	0
-2.347	0
-2.346	0
-2.345	0
-2.344	0
-2.343	0
-2.342	0
-2.341	0
-2.34	0
-2.339	0
-2.338	0
-2.337	0
-2.336	0
-2.335	0
-2.334	0
-2.333	0
-2.332	0
-2.331	0
-2.33	0
-2.329	0
-2.328	0
-2.327	0
-2.326	0
-2.325	0
-2.324	0
-2.323	0
-2.322	0
-2.321	0
-2.32	0
-2.319	0
-2.318	0
-2.317	0
-2.316	0
-2.315	0
-2.314	0
-2.313	0
-2.312	0
-2.311	0
-2.31	0
-2.309	0
-2.308	0
-2.307	0
-2.306	0
-2.305	0
-2.304	0
-2.303	0
-2.302	0
-2.301	0
-2.3	0
-2.299	0
-2.298	0
-2.297	0
-2.296	0
-2.295	0
-2.294	0
-2.293	0
-2.292	0
-2.291	0
-2.29	0
-2.289	0
-2.288	0
-2.287	0
-2.286	0
-2.285	0
-2.284	0
-2.283	0
-2.282	0
-2.281	0
-2.28	0
-2.279	0
-2.278	0
-2.277	0
-2.276	0
-2.275	0
-2.274	0
-2.273	0
-2.272	0
-2.271	0
-2.27	0
-2.269	0
-2.268	0
-2.267	0
-2.266	0
-2.265	0
-2.264	0
-2.263	0
-2.262	0
-2.261	0
-2.26	0
-2.259	0
-2.258	0
-2.257	0
-2.256	0
-2.255	0
-2.254	0
-2.253	0
-2.252	0
-2.251	0
-2.25	0
-2.249	0
-2.248	0
-2.247	0
-2.246	0
-2.245	0
-2.244	0
-2.243	0
-2.242	0
-2.241	0
-2.24	0
-2.239	0
-2.238	0
-2.237	0
-2.236	0
-2.235	0
-2.234	0
-2.233	0
-2.232	0
-2.231	0
-2.23	0
-2.229	0
-2.228	0
-2.227	0
-2.226	0
-2.225	0
-2.224	0
-2.223	0
-2.222	0
-2.221	0
-2.22	0
-2.219	0
-2.218	0
-2.217	0
-2.216	0
-2.215	0
-2.214	0
-2.213	0
-2.212	0
-2.211	0
-2.21	0
-2.209	0
-2.208	0
-2.207	0
-2.206	0
-2.205	0
-2.204	0
-2.203	0
-2.202	0
-2.201	0
-2.2	0
-2.199	0
-2.198	0
-2.197	0
-2.196	0
-2.195	0
-2.194	0
-2.193	0
-2.192	0
-2.191	0
-2.19	0
-2.189	0
-2.188	0
-2.187	0
-2.186	0
-2.185	0
-2.184	0
-2.183	0
-2.182	0
-2.181	0
-2.18	0
-2.179	0
-2.178	0
-2.177	0
-2.176	0
-2.175	0
-2.174	0
-2.173	0
-2.172	0
-2.171	0
-2.17	0
-2.169	0
-2.168	0
-2.167	0
-2.166	0
-2.165	0
-2.164	0
-2.163	0
-2.162	0
-2.161	0
-2.16	0
-2.159	0
-2.158	0
-2.157	0
-2.156	0
-2.155	0
-2.154	0
-2.153	0
-2.152	0
-2.151	0
-2.15	0
-2.149	0
-2.148	0
-2.147	0
-2.146	0
-2.145	0
-2.144	0
-2.143	0
-2.142	0
-2.141	0
-2.14	0
-2.139	0
-2.138	0
-2.137	0
-2.136	0
-2.135	0
-2.134	0
-2.133	0
-2.132	0
-2.131	0
-2.13	0
-2.129	0
-2.128	0
-2.127	0
-2.126	0
-2.125	5.18677e-039
-2.124	1.88971e-038
-2.123	4.04578e-038
-2.122	7.05319e-038
-2.121	1.21397e-037
-2.12	2.24209e-037
-2.119	4.31356e-037
-2.118	8.39473e-037
-2.117	1.63128e-036
-2.116	3.15987e-036
-2.115	6.09738e-036
-2.114	1.17225e-035
-2.113	2.24564e-035
-2.112	4.28691e-035
-2.111	8.1551e-035
-2.11	1.5459e-034
-2.109	2.92012e-034
-2.108	5.49637e-034
-2.107	1.03086e-033
-2.106	1.92648e-033
-2.105	3.58725e-033
-2.104	6.65552e-033
-2.103	1.23032e-032
-2.102	2.266e-032
-2.101	4.15817e-032
-2.1	7.60208e-032
-2.099	1.38466e-031
-2.098	2.51262e-031
-2.097	4.54225e-031
-2.096	8.18027e-031
-2.095	1.4676e-030
-2.094	2.6229e-030
-2.093	4.66959e-030
-2.092	8.28112e-030
-2.091	1.46286e-029
-2.09	2.574e-029
-2.089	4.51126e-029
-2.088	7.87512e-029
-2.087	1.36923e-028
-2.086	2.37108e-028
-2.085	4.08935e-028
-2.084	7.02405e-028
-2.083	1.20153e-027
-2.082	2.04685e-027
-2.081	3.47237e-027
-2.08	5.86602e-027
-2.079	9.86793e-027
-2.078	1.65295e-026
-2.077	2.75697e-026
-2.076	4.57856e-026
-2.075	7.57071e-026
-2.074	1.24635e-025
-2.073	2.0428e-025
-2.072	3.33334e-025
-2.071	5.41483e-025
-2.07	8.75642e-025
-2.069	1.40958e-024
-2.068	2.25868e-024
-2.067	3.60253e-024
-2.066	5.71915e-024
-2.065	9.03666e-024
-2.064	1.42108e-023
-2.063	2.22406e-023
-2.062	3.46394e-023
-2.061	5.36873e-023
-2.06	8.28e-023
-2.059	1.27065e-022
-2.058	1.94015e-022
-2.057	2.94741e-022
-2.056	4.45466e-022
-2.055	6.69785e-022
-2.054	1.0018e-021
-2.053	1.49046e-021
-2.052	2.20563e-021
-2.051	3.24631e-021
-2.05	4.75186e-021
-2.049	6.9171e-021
-2.048	1.00125e-020
-2.047	1.44107e-020
-2.046	2.06214e-020
-2.045	2.93367e-020
-2.044	4.14881e-020
-2.043	5.83201e-020
-2.042	8.1481e-020
-2.041	1.13134e-019
-2.04	1.56094e-019
-2.039	2.13985e-019
-2.038	2.91433e-019
-2.037	3.94269e-019
-2.036	5.29773e-019
-2.035	7.06911e-019
-2.034	9.3659e-019
-2.033	1.23188e-018
-2.032	1.6082e-018
-2.031	2.0834e-018
-2.03	2.67772e-018
-2.029	3.41355e-018
-2.028	4.31484e-018
-2.027	5.40627e-018
-2.026	6.71175e-018
-2.025	8.25246e-018
-2.024	1.00441e-017
-2.023	1.20931e-017
-2.022	1.43924e-017
-2.021	1.69153e-017
-2.02	1.96088e-017
-2.019	2.23856e-017
-2.018	2.5115e-017
-2.017	2.76122e-017
-2.016	2.9628e-017
-2.015	3.08367e-017
-2.014	3.08246e-017
-2.013	2.90786e-017
-2.012	2.49756e-017
-2.011	1.77731e-017
-2.01	6.6022e-018
-2.009	9.53754e-018
-2.008	3.17804e-017
-2.007	6.13936e-017
-2.006	9.97741e-017
-2.005	1.48443e-016
-2.004	2.09036e-016
-2.003	2.83297e-016
-2.002	3.73066e-016
-2.001	4.80273e-016
-2	6.06928e-016
-1.999	7.5512e-016
-1.998	9.27018e-016
-1.997	1.12487e-015
-1.996	1.351e-015
-1.995	1.60786e-015
-1.994	1.89797e-015
-1.993	2.224e-015
-1.992	2.58871e-015
-1.991	2.99503e-015
-1.99	3.44601e-015
-1.989	3.9448e-015
-1.988	4.49471e-015
-1.987	5.09911e-015
-1.986	5.76149e-015
-1.985	6.48538e-015
-1.984	7.27437e-015
-1.983	8.13204e-015
-1.982	9.06203e-015
-1.981	1.00679e-014
-1.98	1.11534e-014
-1.979	1.2322e-014
-1.978	1.35773e-014
-1.977	1.4923e-014
-1.976	1.63626e-014
-1.975	1.78997e-014
-1.974	1.95377e-014
-1.973	2.12803e-014
-1.972	2.31307e-014
-1.971	2.50921e-014
-1.97	2.71678e-014
-1.969	2.93605e-014
-1.968	3.16729e-014
-1.967	3.41077e-014
-1.966	3.66669e-014
-1.965	3.93525e-014
-1.964	4.21663e-014
-1.963	4.51098e-014
-1.962	4.81841e-014
-1.961	5.13902e-014
-1.96	5.47287e-014
-1.959	5.82001e-014
-1.958	6.18044e-014
-1.957	6.55412e-014
-1.956	6.94099e-014
-1.955	7.34095e-014
-1.954	7.75386e-014
-1.953	8.17954e-014
-1.952	8.61777e-014
-1.951	9.06827e-014
-1.95	9.53074e-014
-1.949	1.00048e-013
-1.948	1.04901e-013
-1.947	1.09862e-013
-1.946	1.14925e-013
-1.945	1.20085e-013
-1.944	1.25337e-013
-1.943	1.30673e-013
-1.942	1.36087e-013
-1.941	1.4157e-013
-1.94	1.47115e-013
-1.939	1.52713e-013
-1.938	1.58355e-013
-1.937	1.64029e-013
-1.936	1.69725e-013
-1.935	1.75431e-013
-1.934	1.81136e-013
-1.933	1.86825e-013
-1.932	1.92484e-013
-1.931	1.98099e-013
-1.93	2.03655e-013
-1.929	2.09133e-013
-1.928	2.14518e-013
-1.927	2.19791e-013
-1.926	2.24934e-013
-1.925	2.29926e-013
-1.924	2.34749e-013
-1.923	2.39381e-013
-1.922	2.43801e-013
-1.921	2.47989e-013
-1.92	2.51922e-013
-1.919	2.55579e-013
-1.918	2.58939e-013
-1.917	2.61982e-013
-1.916	2.64685e-013
-1.915	2.67032e-013
-1.914	2.69004e-013
-1.913	2.70584e-013
-1.912	2.71761e-013
-1.911	2.72523e-013
-1.91	2.72864e-013
-1.909	2.72781e-013
-1.908	2.72279e-013
-1.907	2.71369e-013
-1.906	2.7007e-013
-1.905	2.68411e-013
-1.904	2.66435e-013
-1.903	2.64199e-013
-1.902	2.61776e-013
-1.901	2.59263e-013
-1.9	2.56778e-013
-1.899	2.54465e-013
-1.898	2.52498e-013
-1.897	2.51081e-013
-1.896	2.50447e-013
-1.895	2.50851e-013
-1.894	2.52568e-013
-1.893	2.55875e-013
-1.892	2.61041e-013
-1.891	2.68307e-013
-1.89	2.77874e-013
-1.889	2.89892e-013
-1.888	3.04456e-013
-1.887	3.21608e-013
-1.886	3.41344e-013
-1.885	3.63626e-013
-1.884	3.88385e-013
-1.883	4.15542e-013
-1.882	4.45002e-013
-1.881	4.7667e-013
-1.88	5.10444e-013
-1.879	5.46228e-013
-1.878	5.83922e-013
-1.877	6.23425e-013
-1.876	6.64644e-013
-1.875	7.07477e-013
-1.874	7.51827e-013
-1.873	7.97589e-013
-1.872	8.4466e-013
-1.871	8.92932e-013
-1.87	9.42289e-013
-1.869	9.92617e-013
-1.868	1.04379e-012
-1.867	1.09568e-012
-1.866	1.14815e-012
-1.865	1.20106e-012
-1.864	1.25425e-012
-1.863	1.30757e-012
-1.862	1.36086e-012
-1.861	1.41393e-012
-1.86	1.46662e-012
-1.859	1.51873e-012
-1.858	1.57007e-012
-1.857	1.62043e-012
-1.856	1.66961e-012
-1.855	1.71738e-012
-1.854	1.76353e-012
-1.853	1.80783e-012
-1.852	1.85005e-012
-1.851	1.88995e-012
-1.85	1.92729e-012
-1.849	1.96184e-012
-1.848	1.99336e-012
-1.847	2.02162e-012
-1.846	2.04639e-012
-1.845	2.06745e-012
-1.844	2.08459e-012
-1.843	2.09762e-012
-1.842	2.10637e-012
-1.841	2.11072e-012
-1.84	2.11055e-012
-1.839	2.10583e-012
-1.838	2.09657e-012
-1.837	2.08286e-012
-1.836	2.06489e-012
-1.835	2.04299e-012
-1.834	2.01762e-012
-1.833	1.98945e-012
-1.832	1.95936e-012
-1.831	1.92856e-012
-1.83	1.89855e-012
-1.829	1.87123e-012
-1.828	1.84893e-012
-1.827	1.83441e-012
-1.826	1.83077e-012
-1.825	1.84138e-012
-1.824	1.86967e-012
-1.823	1.9188e-012
-1.822	1.99147e-012
-1.821	2.08965e-012
-1.82	2.21453e-012
-1.819	2.36652e-012
-1.818	2.54544e-012
-1.817	2.75068e-012
-1.816	2.98139e-012
-1.815	3.23661e-012
-1.814	3.51536e-012
-1.813	3.81674e-012
-1.812	4.13987e-012
-1.811	4.48398e-012
-1.81	4.84835e-012
-1.809	5.23232e-012
-1.808	5.63525e-012
-1.807	6.05655e-012
-1.806	6.49562e-012
-1.805	6.95189e-012
-1.804	7.42475e-012
-1.803	7.91358e-012
-1.802	8.41771e-012
-1.801	8.93647e-012
-1.8	9.46911e-012
-1.799	1.00149e-011
-1.798	1.05729e-011
-1.797	1.11422e-011
-1.796	1.1722e-011
-1.795	1.23111e-011
-1.794	1.29086e-011
-1.793	1.35131e-011
-1.792	1.41236e-011
-1.791	1.47386e-011
-1.79	1.53568e-011
-1.789	1.59767e-011
-1.788	1.65969e-011
-1.787	1.72156e-011
-1.786	1.78312e-011
-1.785	1.8442e-011
-1.784	1.90462e-011
-1.783	1.96418e-011
-1.782	2.02269e-011
-1.781	2.07996e-011
-1.78	2.13577e-011
-1.779	2.18991e-011
-1.778	2.24219e-011
-1.777	2.29237e-011
-1.776	2.34024e-011
-1.775	2.38559e-011
-1.774	2.42819e-011
-1.773	2.46784e-011
-1.772	2.50433e-011
-1.771	2.53745e-011
-1.77	2.56703e-011
-1.769	2.59287e-011
-1.768	2.61483e-011
-1.767	2.63277e-011
-1.766	2.64658e-011
-1.765	2.65619e-011
-1.764	2.66156e-011
-1.763	2.66271e-011
-1.762	2.65973e-011
-1.761	2.65276e-011
-1.76	2.64204e-011
-1.759	2.62793e-011
-1.758	2.61087e-011
-1.757	2.59149e-011
-1.756	2.57057e-011
-1.755	2.54908e-011
-1.754	2.52822e-011
-1.753	2.50941e-011
-1.752	2.49436e-011
-1.751	2.485e-011
-1.75	2.48351e-011
-1.749	2.49226e-011
-1.748	2.51372e-011
-1.747	2.55037e-011
-1.746	2.60458e-011
-1.745	2.67842e-011
-1.744	2.77363e-011
-1.743	2.89149e-011
-1.742	3.03279e-011
-1.741	3.19788e-011
-1.74	3.38672e-011
-1.739	3.59896e-011
-1.738	3.83404e-011
-1.737	4.09122e-011
-1.736	4.3697e-011
-1.735	4.66862e-011
-1.734	4.98711e-011
-1.733	5.32431e-011
-1.732	5.67935e-011
-1.731	6.0514e-011
-1.73	6.43961e-011
-1.729	6.84316e-011
-1.728	7.26121e-011
-1.727	7.69292e-011
-1.726	8.13743e-011
-1.725	8.59387e-011
-1.724	9.06135e-011
-1.723	9.53893e-011
-1.722	1.00256e-010
-1.721	1.05205e-010
-1.72	1.10224e-010
-1.719	1.15304e-010
-1.718	1.20432e-010
-1.717	1.25598e-010
-1.716	1.30788e-010
-1.715	1.35989e-010
-1.714	1.4119e-010
-1.713	1.46375e-010
-1.712	1.51531e-010
-1.711	1.56644e-010
-1.71	1.61697e-010
-1.709	1.66675e-010
-1.708	1.71563e-010
-1.707	1.76345e-010
-1.706	1.81004e-010
-1.705	1.85523e-010
-1.704	1.89885e-010
-1.703	1.94075e-010
-1.702	1.98074e-010
-1.701	2.01867e-010
-1.7	2.05437e-010
-1.699	2.08768e-010
-1.698	2.11845e-010
-1.697	2.14653e-010
-1.696	2.1718e-010
-1.695	2.19412e-010
-1.694	2.2134e-010
-1.693	2.22955e-010
-1.692	2.2425e-010
-1.691	2.25223e-010
-1.69	2.25873e-010
-1.689	2.26205e-010
-1.688	2.26227e-010
-1.687	2.25954e-010
-1.686	2.25407e-010
-1.685	2.24616e-010
-1.684	2.23617e-010
-1.683	2.22459e-010
-1.682	2.21203e-010
-1.681	2.19921e-010
-1.68	2.18702e-010
-1.679	2.17648e-010
-1.678	2.1688e-010
-1.677	2.16533e-010
-1.676	2.16757e-010
-1.675	2.17713e-010
-1.674	2.19571e-010
-1.673	2.225e-010
-1.672	2.26663e-010
-1.671	2.32208e-010
-1.67	2.39264e-010
-1.669	2.47931e-010
-1.668	2.5828e-010
-1.667	2.70353e-010
-1.666	2.84164e-010
-1.665	2.99703e-010
-1.664	3.16941e-010
-1.663	3.35835e-010
-1.662	3.56331e-010
-1.661	3.78368e-010
-1.66	4.01883e-010
-1.659	4.26809e-010
-1.658	4.53078e-010
-1.657	4.80624e-010
-1.656	5.09378e-010
-1.655	5.39273e-010
-1.654	5.70241e-010
-1.653	6.02213e-010
-1.652	6.3512e-010
-1.651	6.68892e-010
-1.65	7.03457e-010
-1.649	7.38742e-010
-1.648	7.74673e-010
-1.647	8.1117e-010
-1.646	8.48155e-010
-1.645	8.85547e-010
-1.644	9.23259e-010
-1.643	9.61206e-010
-1.642	9.99297e-010
-1.641	1.03744e-009
-1.64	1.07554e-009
-1.639	1.11349e-009
-1.638	1.15121e-009
-1.637	1.18857e-009
-1.636	1.22549e-009
-1.635	1.26186e-009
-1.634	1.29756e-009
-1.633	1.33248e-009
-1.632	1.36653e-009
-1.631	1.39958e-009
-1.63	1.43153e-009
-1.629	1.46226e-009
-1.628	1.49168e-009
-1.627	1.51967e-009
-1.626	1.54613e-009
-1.625	1.57096e-009
-1.624	1.59408e-009
-1.623	1.6154e-009
-1.622	1.63483e-009
-1.621	1.65231e-009
-1.62	1.66779e-009
-1.619	1.68122e-009
-1.618	1.69257e-009
-1.617	1.70185e-009
-1.616	1.70906e-009
-1.615	1.71424e-009
-1.614	1.71748e-009
-1.613	1.71887e-009
-1.612	1.71856e-009
-1.611	1.71674e-009
-1.61	1.71365e-009
-1.609	1.70959e-009
-1.608	1.70493e-009
-1.607	1.70009e-009
-1.606	1.69559e-009
-1.605	1.69201e-009
-1.604	1.69002e-009
-1.603	1.69037e-009
-1.602	1.69387e-009
-1.601	1.7014e-009
-1.6	1.71389e-009
-1.599	1.73227e-009
-1.598	1.75746e-009
-1.597	1.79035e-009
-1.596	1.83173e-009
-1.595	1.88228e-009
-1.594	1.94255e-009
-1.593	2.01294e-009
-1.592	2.09371e-009
-1.591	2.18496e-009
-1.59	2.28667e-009
-1.589	2.3987e-009
-1.588	2.52082e-009
-1.587	2.65274e-009
-1.586	2.7941e-009
-1.585	2.94451e-009
-1.584	3.10355e-009
-1.583	3.27078e-009
-1.582	3.44575e-009
-1.581	3.628e-009
-1.58	3.81707e-009
-1.579	4.01247e-009
-1.578	4.21374e-009
-1.577	4.42039e-009
-1.576	4.63194e-009
-1.575	4.84787e-009
-1.574	5.06771e-009
-1.573	5.29091e-009
-1.572	5.51697e-009
-1.571	5.74536e-009
-1.57	5.97551e-009
-1.569	6.20689e-009
-1.568	6.43893e-009
-1.567	6.67106e-009
-1.566	6.90267e-009
-1.565	7.13319e-009
-1.564	7.362e-009
-1.563	7.58849e-009
-1.562	7.81206e-009
-1.561	8.03207e-009
-1.56	8.24791e-009
-1.559	8.45895e-009
-1.558	8.66457e-009
-1.557	8.86416e-009
-1.556	9.05711e-009
-1.555	9.24282e-009
-1.554	9.42073e-009
-1.553	9.59028e-009
-1.552	9.75094e-009
-1.551	9.90221e-009
-1.55	1.00437e-008
-1.549	1.01748e-008
-1.548	1.02954e-008
-1.547	1.04051e-008
-1.546	1.05038e-008
-1.545	1.05911e-008
-1.544	1.06673e-008
-1.543	1.07323e-008
-1.542	1.07864e-008
-1.541	1.08298e-008
-1.54	1.08632e-008
-1.539	1.08873e-008
-1.538	1.09029e-008
-1.537	1.09113e-008
-1.536	1.09138e-008
-1.535	1.09122e-008
-1.534	1.09084e-008
-1.533	1.09048e-008
-1.532	1.0904e-008
-1.531	1.09089e-008
-1.53	1.0923e-008
-1.529	1.09499e-008
-1.528	1.09935e-008
-1.527	1.1058e-008
-1.526	1.11478e-008
-1.525	1.12672e-008
-1.524	1.14206e-008
-1.523	1.16119e-008
-1.522	1.18451e-008
-1.521	1.21235e-008
-1.52	1.24498e-008
-1.519	1.28263e-008
-1.518	1.32546e-008
-1.517	1.37354e-008
-1.516	1.42691e-008
-1.515	1.48554e-008
-1.514	1.54935e-008
-1.513	1.61821e-008
-1.512	1.69198e-008
-1.511	1.77045e-008
-1.51	1.85343e-008
-1.509	1.9407e-008
-1.508	2.03201e-008
-1.507	2.12711e-008
-1.506	2.22577e-008
-1.505	2.32771e-008
-1.504	2.43266e-008
-1.503	2.54037e-008
-1.502	2.65057e-008
-1.501	2.76296e-008
-1.5	2.87729e-008
-1.499	2.99326e-008
-1.498	3.11058e-008
-1.497	3.22898e-008
-1.496	3.34815e-008
-1.495	3.46781e-008
-1.494	3.58766e-008
-1.493	3.70739e-008
-1.492	3.8267e-008
-1.491	3.9453e-008
-1.49	4.06287e-008
-1.489	4.1791e-008
-1.488	4.2937e-008
-1.487	4.40636e-008
-1.486	4.51678e-008
-1.485	4.62466e-008
-1.484	4.72971e-008
-1.483	4.83165e-008
-1.482	4.93019e-008
-1.481	5.02509e-008
-1.48	5.11607e-008
-1.479	5.20291e-008
-1.478	5.28538e-008
-1.477	5.36329e-008
-1.476	5.43646e-008
-1.475	5.50475e-008
-1.474	5.56803e-008
-1.473	5.62622e-008
-1.472	5.67929e-008
-1.471	5.72725e-008
-1.47	5.77014e-008
-1.469	5.80808e-008
-1.468	5.84124e-008
-1.467	5.86987e-008
-1.466	5.89429e-008
-1.465	5.91491e-008
-1.464	5.93223e-008
-1.463	5.94684e-008
-1.462	5.95944e-008
-1.461	5.97087e-008
-1.46	5.98205e-008
-1.459	5.99405e-008
-1.458	6.00805e-008
-1.457	6.02537e-008
-1.456	6.04742e-008
-1.455	6.07573e-008
-1.454	6.11191e-008
-1.453	6.15764e-008
-1.452	6.21463e-008
-1.451	6.2846e-008
-1.45	6.3692e-008
-1.449	6.47004e-008
-1.448	6.58858e-008
-1.447	6.72613e-008
-1.446	6.88379e-008
-1.445	7.06246e-008
-1.444	7.26281e-008
-1.443	7.48525e-008
-1.442	7.72997e-008
-1.441	7.99693e-008
-1.44	8.28589e-008
-1.439	8.59643e-008
-1.438	8.92794e-008
-1.437	9.2797e-008
-1.436	9.65087e-008
-1.435	1.00405e-007
-1.434	1.04476e-007
-1.433	1.0871e-007
-1.432	1.13098e-007
-1.431	1.17625e-007
-1.43	1.22282e-007
-1.429	1.27055e-007
-1.428	1.31932e-007
-1.427	1.36901e-007
-1.426	1.41948e-007
-1.425	1.47061e-007
-1.424	1.52227e-007
-1.423	1.57433e-007
-1.422	1.62665e-007
-1.421	1.67911e-007
-1.42	1.73158e-007
-1.419	1.78391e-007
-1.418	1.83599e-007
-1.417	1.88768e-007
-1.416	1.93885e-007
-1.415	1.98938e-007
-1.414	2.03913e-007
-1.413	2.08799e-007
-1.412	2.13583e-007
-1.411	2.18253e-007
-1.41	2.22799e-007
-1.409	2.27208e-007
-1.408	2.31472e-007
-1.407	2.3558e-007
-1.406	2.39524e-007
-1.405	2.43295e-007
-1.404	2.46886e-007
-1.403	2.50291e-007
-1.402	2.53505e-007
-1.401	2.56525e-007
-1.4	2.59349e-007
-1.399	2.61976e-007
-1.398	2.64407e-007
-1.397	2.66647e-007
-1.396	2.687e-007
-1.395	2.70574e-007
-1.394	2.7228e-007
-1.393	2.73832e-007
-1.392	2.75245e-007
-1.391	2.76539e-007
-1.39	2.77737e-007
-1.389	2.78866e-007
-1.388	2.79955e-007
-1.387	2.81038e-007
-1.386	2.82154e-007
-1.385	2.83344e-007
-1.384	2.84652e-007
-1.383	2.86128e-007
-1.382	2.87823e-007
-1.381	2.89792e-007
-1.38	2.92089e-007
-1.379	2.94773e-007
-1.378	2.97899e-007
-1.377	3.01525e-007
-1.376	3.05702e-007
-1.375	3.10483e-007
-1.374	3.15913e-007
-1.373	3.22033e-007
-1.372	3.28877e-007
-1.371	3.36474e-007
-1.37	3.44843e-007
-1.369	3.53998e-007
-1.368	3.63944e-007
-1.367	3.74679e-007
-1.366	3.86196e-007
-1.365	3.98479e-007
-1.364	4.11508e-007
-1.363	4.25257e-007
-1.362	4.39698e-007
-1.361	4.54796e-007
-1.36	4.70514e-007
-1.359	4.86813e-007
-1.358	5.03652e-007
-1.357	5.20987e-007
-1.356	5.38773e-007
-1.355	5.56963e-007
-1.354	5.75511e-007
-1.353	5.94369e-007
-1.352	6.13489e-007
-1.351	6.32822e-007
-1.35	6.52319e-007
-1.349	6.71931e-007
-1.348	6.91609e-007
-1.347	7.11305e-007
-1.346	7.3097e-007
-1.345	7.50557e-007
-1.344	7.70018e-007
-1.343	7.89306e-007
-1.342	8.08376e-007
-1.341	8.27183e-007
-1.34	8.45685e-007
-1.339	8.63839e-007
-1.338	8.81605e-007
-1.337	8.98946e-007
-1.336	9.15824e-007
-1.335	9.32207e-007
-1.334	9.48065e-007
-1.333	9.63368e-007
-1.332	9.78093e-007
-1.331	9.92219e-007
-1.33	1.00573e-006
-1.329	1.01861e-006
-1.328	1.03086e-006
-1.327	1.04247e-006
-1.326	1.05345e-006
-1.325	1.06381e-006
-1.324	1.07356e-006
-1.323	1.08273e-006
-1.322	1.09136e-006
-1.321	1.09947e-006
-1.32	1.10713e-006
-1.319	1.11438e-006
-1.318	1.1213e-006
-1.317	1.12796e-006
-1.316	1.13445e-006
-1.315	1.14088e-006
-1.314	1.14734e-006
-1.313	1.15395e-006
-1.312	1.16085e-006
-1.311	1.16816e-006
-1.31	1.17604e-006
-1.309	1.18464e-006
-1.308	1.19411e-006
-1.307	1.20461e-006
-1.306	1.2163e-006
-1.305	1.22935e-006
-1.304	1.24391e-006
-1.303	1.26013e-006
-1.302	1.27816e-006
-1.301	1.29813e-006
-1.3	1.32015e-006
-1.299	1.34433e-006
-1.298	1.37075e-006
-1.297	1.39947e-006
-1.296	1.43055e-006
-1.295	1.464e-006
-1.294	1.49984e-006
-1.293	1.53804e-006
-1.292	1.57859e-006
-1.291	1.62142e-006
-1.29	1.66647e-006
-1.289	1.71367e-006
-1.288	1.76292e-006
-1.287	1.81411e-006
-1.286	1.86713e-006
-1.285	1.92187e-006
-1.284	1.97818e-006
-1.283	2.03593e-006
-1.282	2.09499e-006
-1.281	2.1552e-006
-1.28	2.21641e-006
-1.279	2.27849e-006
-1.278	2.34126e-006
-1.277	2.40459e-006
-1.276	2.46832e-006
-1.275	2.5323e-006
-1.274	2.59637e-006
-1.273	2.66039e-006
-1.272	2.72421e-006
-1.271	2.78769e-006
-1.27	2.85068e-006
-1.269	2.91304e-006
-1.268	2.97465e-006
-1.267	3.03539e-006
-1.266	3.09511e-006
-1.265	3.15372e-006
-1.264	3.21111e-006
-1.263	3.26716e-006
-1.262	3.32181e-006
-1.261	3.37496e-006
-1.26	3.42655e-006
-1.259	3.47651e-006
-1.258	3.52481e-006
-1.257	3.57141e-006
-1.256	3.61628e-006
-1.255	3.65944e-006
-1.254	3.70089e-006
-1.253	3.74066e-006
-1.252	3.77881e-006
-1.251	3.8154e-006
-1.25	3.85053e-006
-1.249	3.8843e-006
-1.248	3.91685e-006
-1.247	3.94835e-006
-1.246	3.97895e-006
-1.245	4.00889e-006
-1.244	4.03837e-006
-1.243	4.06767e-006
-1.242	4.09704e-006
-1.241	4.1268e-006
-1.24	4.15725e-006
-1.239	4.18875e-006
-1.238	4.22165e-006
-1.237	4.25633e-006
-1.236	4.29316e-006
-1.235	4.33254e-006
-1.234	4.37487e-006
-1.233	4.42054e-006
-1.232	4.46993e-006
-1.231	4.52342e-006
-1.23	4.58137e-006
-1.229	4.64412e-006
-1.228	4.71196e-006
-1.227	4.78518e-006
-1.226	4.86402e-006
-1.225	4.94867e-006
-1.224	5.03928e-006
-1.223	5.13597e-006
-1.222	5.23881e-006
-1.221	5.34781e-006
-1.22	5.46294e-006
-1.219	5.58413e-006
-1.218	5.71127e-006
-1.217	5.8442e-006
-1.216	5.98274e-006
-1.215	6.12665e-006
-1.214	6.27568e-006
-1.213	6.42955e-006
-1.212	6.58795e-006
-1.211	6.75054e-006
-1.21	6.91699e-006
-1.209	7.08692e-006
-1.208	7.25997e-006
-1.207	7.43574e-006
-1.206	7.61385e-006
-1.205	7.7939e-006
-1.204	7.97549e-006
-1.203	8.15823e-006
-1.202	8.34172e-006
-1.201	8.52556e-006
-1.2	8.70938e-006
-1.199	8.89279e-006
-1.198	9.07543e-006
-1.197	9.25693e-006
-1.196	9.43696e-006
-1.195	9.61519e-006
-1.194	9.79131e-006
-1.193	9.96503e-006
-1.192	1.01361e-005
-1.191	1.03042e-005
-1.19	1.04692e-005
-1.189	1.06308e-005
-1.188	1.07889e-005
-1.187	1.09434e-005
-1.186	1.10942e-005
-1.185	1.12411e-005
-1.184	1.13842e-005
-1.183	1.15235e-005
-1.182	1.1659e-005
-1.181	1.17908e-005
-1.18	1.19191e-005
-1.179	1.2044e-005
-1.178	1.21657e-005
-1.177	1.22846e-005
-1.176	1.2401e-005
-1.175	1.25153e-005
-1.174	1.26279e-005
-1.173	1.27392e-005
-1.172	1.28499e-005
-1.171	1.29605e-005
-1.17	1.30716e-005
-1.169	1.31839e-005
-1.168	1.32982e-005
-1.167	1.34151e-005
-1.166	1.35355e-005
-1.165	1.36602e-005
-1.164	1.37899e-005
-1.163	1.39256e-005
-1.162	1.40681e-005
-1.161	1.42182e-005
-1.16	1.43767e-005
-1.159	1.45444e-005
-1.158	1.47222e-005
-1.157	1.49106e-005
-1.156	1.51103e-005
-1.155	1.5322e-005
-1.154	1.55462e-005
-1.153	1.57833e-005
-1.152	1.60338e-005
-1.151	1.62978e-005
-1.15	1.65756e-005
-1.149	1.68672e-005
-1.148	1.71728e-005
-1.147	1.74921e-005
-1.146	1.78251e-005
-1.145	1.81714e-005
-1.144	1.85307e-005
-1.143	1.89027e-005
-1.142	1.92867e-005
-1.141	1.96823e-005
-1.14	2.00889e-005
-1.139	2.05057e-005
-1.138	2.0932e-005
-1.137	2.13671e-005
-1.136	2.18102e-005
-1.135	2.22605e-005
-1.134	2.27171e-005
-1.133	2.31792e-005
-1.132	2.36458e-005
-1.131	2.41162e-005
-1.13	2.45895e-005
-1.129	2.50647e-005
-1.128	2.55411e-005
-1.127	2.60178e-005
-1.126	2.64941e-005
-1.125	2.6969e-005
-1.124	2.7442e-005
-1.123	2.79123e-005
-1.122	2.83792e-005
-1.121	2.8842e-005
-1.12	2.93003e-005
-1.119	2.97536e-005
-1.118	3.02012e-005
-1.117	3.0643e-005
-1.116	3.10785e-005
-1.115	3.15075e-005
-1.114	3.19298e-005
-1.113	3.23453e-005
-1.112	3.27541e-005
-1.111	3.31561e-005
-1.11	3.35516e-005
-1.109	3.39409e-005
-1.108	3.43241e-005
-1.107	3.47019e-005
-1.106	3.50747e-005
-1.105	3.54432e-005
-1.104	3.58082e-005
-1.103	3.61704e-005
-1.102	3.65308e-005
-1.101	3.68904e-005
-1.1	3.72504e-005
-1.099	3.76119e-005
-1.098	3.79763e-005
-1.097	3.83447e-005
-1.096	3.87188e-005
-1.095	3.91e-005
-1.094	3.94897e-005
-1.093	3.98895e-005
-1.092	4.0301e-005
-1.091	4.07258e-005
-1.09	4.11654e-005
-1.089	4.16214e-005
-1.088	4.20953e-005
-1.087	4.25885e-005
-1.086	4.31024e-005
-1.085	4.36384e-005
-1.084	4.41975e-005
-1.083	4.4781e-005
-1.082	4.53898e-005
-1.081	4.60247e-005
-1.08	4.66863e-005
-1.079	4.73754e-005
-1.078	4.80921e-005
-1.077	4.88368e-005
-1.076	4.96095e-005
-1.075	5.04101e-005
-1.074	5.12383e-005
-1.073	5.20937e-005
-1.072	5.29758e-005
-1.071	5.38839e-005
-1.07	5.48171e-005
-1.069	5.57744e-005
-1.068	5.67547e-005
-1.067	5.77569e-005
-1.066	5.87797e-005
-1.065	5.98216e-005
-1.064	6.08814e-005
-1.063	6.19574e-005
-1.062	6.30481e-005
-1.061	6.4152e-005
-1.06	6.52675e-005
-1.059	6.6393e-005
-1.058	6.75268e-005
-1.057	6.86674e-005
-1.056	6.98132e-005
-1.055	7.09627e-005
-1.054	7.21144e-005
-1.053	7.3267e-005
-1.052	7.4419e-005
-1.051	7.55692e-005
-1.05	7.67164e-005
-1.049	7.78595e-005
-1.048	7.89976e-005
-1.047	8.01297e-005
-1.046	8.12552e-005
-1.045	8.23733e-005
-1.044	8.34837e-005
-1.043	8.4586e-005
-1.042	8.568e-005
-1.041	8.67657e-005
-1.04	8.78432e-005
-1.039	8.89129e-005
-1.038	8.9975e-005
-1.037	9.10305e-005
-1.036	9.20799e-005
-1.035	9.31243e-005
-1.034	9.41648e-005
-1.033	9.52029e-005
-1.032	9.62398e-005
-1.031	9.72773e-005
-1.03	9.83172e-005
-1.029	9.93614e-005
-1.028	0.000100412
-1.027	0.000101471
-1.026	0.000102541
-1.025	0.000103625
-1.024	0.000104724
-1.023	0.000105842
-1.022	0.00010698
-1.021	0.000108143
-1.02	0.000109331
-1.019	0.000110549
-1.018	0.000111798
-1.017	0.000113081
-1.016	0.000114401
-1.015	0.00011576
-1.014	0.000117159
-1.013	0.000118602
-1.012	0.00012009
-1.011	0.000121624
-1.01	0.000123207
-1.009	0.000124839
-1.008	0.000126522
-1.007	0.000128256
-1.006	0.000130043
-1.005	0.000131881
-1.004	0.000133773
-1.003	0.000135716
-1.002	0.000137711
-1.001	0.000139758
-1	0.000141854
-0.999	0.000144
-0.998	0.000146194
-0.997	0.000148434
-0.996	0.000150719
-0.995	0.000153046
-0.994	0.000155415
-0.993	0.000157821
-0.992	0.000160264
-0.991	0.000162741
-0.99	0.00016525
-0.989	0.000167788
-0.988	0.000170352
-0.987	0.00017294
-0.986	0.00017555
-0.985	0.000178178
-0.984	0.000180824
-0.983	0.000183484
-0.982	0.000186156
-0.981	0.000188838
-0.98	0.000191528
-0.979	0.000194224
-0.978	0.000196925
-0.977	0.000199628
-0.976	0.000202333
-0.975	0.000205038
-0.974	0.000207743
-0.973	0.000210447
-0.972	0.00021315
-0.971	0.00021585
-0.97	0.00021855
-0.969	0.000221247
-0.968	0.000223944
-0.967	0.000226641
-0.966	0.00022934
-0.965	0.000232041
-0.964	0.000234747
-0.963	0.00023746
-0.962	0.00024018
-0.961	0.000242913
-0.96	0.000245659
-0.959	0.000248421
-0.958	0.000251204
-0.957	0.00025401
-0.956	0.000256843
-0.955	0.000259706
-0.954	0.000262604
-0.953	0.00026554
-0.952	0.000268518
-0.951	0.000271543
-0.95	0.000274618
-0.949	0.000277748
-0.948	0.000280936
-0.947	0.000284187
-0.946	0.000287504
-0.945	0.000290892
-0.944	0.000294353
-0.943	0.000297892
-0.942	0.000301511
-0.941	0.000305214
-0.94	0.000309002
-0.939	0.000312879
-0.938	0.000316847
-0.937	0.000320907
-0.936	0.00032506
-0.935	0.000329309
-0.934	0.000333653
-0.933	0.000338093
-0.932	0.000342629
-0.931	0.00034726
-0.93	0.000351987
-0.929	0.000356807
-0.928	0.000361721
-0.927	0.000366725
-0.926	0.000371818
-0.925	0.000376999
-0.924	0.000382264
-0.923	0.000387611
-0.922	0.000393036
-0.921	0.000398539
-0.92	0.000404113
-0.919	0.000409758
-0.918	0.000415469
-0.917	0.000421243
-0.916	0.000427077
-0.915	0.000432968
-0.914	0.000438911
-0.913	0.000444904
-0.912	0.000450944
-0.911	0.000457028
-0.91	0.000463153
-0.909	0.000469317
-0.908	0.000475517
-0.907	0.000481751
-0.906	0.000488017
-0.905	0.000494314
-0.904	0.00050064
-0.903	0.000506996
-0.902	0.000513379
-0.901	0.00051979
-0.9	0.00052623
-0.899	0.000532698
-0.898	0.000539196
-0.897	0.000545726
-0.896	0.000552289
-0.895	0.000558887
-0.894	0.000565523
-0.893	0.000572199
-0.892	0.00057892
-0.891	0.000585688
-0.89	0.000592509
-0.889	0.000599387
-0.888	0.000606325
-0.887	0.000613329
-0.886	0.000620405
-0.885	0.000627558
-0.884	0.000634793
-0.883	0.000642116
-0.882	0.000649534
-0.881	0.000657052
-0.88	0.000664677
-0.879	0.000672414
-0.878	0.000680269
-0.877	0.000688249
-0.876	0.00069636
-0.875	0.000704606
-0.874	0.000712994
-0.873	0.000721529
-0.872	0.000730216
-0.871	0.000739059
-0.87	0.000748063
-0.869	0.000757232
-0.868	0.000766569
-0.867	0.000776078
-0.866	0.000785761
-0.865	0.000795621
-0.864	0.00080566
-0.863	0.000815878
-0.862	0.000826277
-0.861	0.000836857
-0.86	0.000847619
-0.859	0.000858561
-0.858	0.000869683
-0.857	0.000880983
-0.856	0.00089246
-0.855	0.000904112
-0.854	0.000915936
-0.853	0.00092793
-0.852	0.000940091
-0.851	0.000952414
-0.85	0.000964898
-0.849	0.000977539
-0.848	0.000990331
-0.847	0.00100327
-0.846	0.00101636
-0.845	0.00102959
-0.844	0.00104295
-0.843	0.00105645
-0.842	0.00107008
-0.841	0.00108384
-0.84	0.00109772
-0.839	0.00111172
-0.838	0.00112584
-0.837	0.00114008
-0.836	0.00115443
-0.835	0.0011689
-0.834	0.00118348
-0.833	0.00119817
-0.832	0.00121297
-0.831	0.00122789
-0.83	0.00124292
-0.829	0.00125806
-0.828	0.00127332
-0.827	0.00128871
-0.826	0.00130421
-0.825	0.00131985
-0.824	0.00133561
-0.823	0.00135151
-0.822	0.00136756
-0.821	0.00138375
-0.82	0.0014001
-0.819	0.0014166
-0.818	0.00143328
-0.817	0.00145013
-0.816	0.00146717
-0.815	0.0014844
-0.814	0.00150183
-0.813	0.00151947
-0.812	0.00153733
-0.811	0.00155542
-0.81	0.00157374
-0.809	0.00159232
-0.808	0.00161114
-0.807	0.00163024
-0.806	0.0016496
-0.805	0.00166925
-0.804	0.00168919
-0.803	0.00170943
-0.802	0.00172998
-0.801	0.00175084
-0.8	0.00177203
-0.799	0.00179354
-0.798	0.00181538
-0.797	0.00183757
-0.796	0.0018601
-0.795	0.00188298
-0.794	0.00190622
-0.793	0.00192981
-0.792	0.00195376
-0.791	0.00197807
-0.79	0.00200274
-0.789	0.00202778
-0.788	0.00205319
-0.787	0.00207895
-0.786	0.00210509
-0.785	0.00213158
-0.784	0.00215843
-0.783	0.00218565
-0.782	0.00221322
-0.781	0.00224115
-0.78	0.00226943
-0.779	0.00229805
-0.778	0.00232702
-0.777	0.00235634
-0.776	0.00238599
-0.775	0.00241598
-0.774	0.0024463
-0.773	0.00247695
-0.772	0.00250793
-0.771	0.00253923
-0.77	0.00257086
-0.769	0.0026028
-0.768	0.00263506
-0.767	0.00266764
-0.766	0.00270054
-0.765	0.00273375
-0.764	0.00276729
-0.763	0.00280114
-0.762	0.00283532
-0.761	0.00286982
-0.76	0.00290465
-0.759	0.00293981
-0.758	0.00297531
-0.757	0.00301115
-0.756	0.00304734
-0.755	0.00308389
-0.754	0.00312081
-0.753	0.0031581
-0.752	0.00319577
-0.751	0.00323384
-0.75	0.00327231
-0.749	0.0033112
-0.748	0.00335052
-0.747	0.00339028
-0.746	0.00343049
-0.745	0.00347117
-0.744	0.00351233
-0.743	0.00355399
-0.742	0.00359616
-0.741	0.00363885
-0.74	0.00368209
-0.739	0.00372588
-0.738	0.00377024
-0.737	0.00381518
-0.736	0.00386072
-0.735	0.00390688
-0.734	0.00395366
-0.733	0.00400108
-0.732	0.00404916
-0.731	0.00409791
-0.73	0.00414733
-0.729	0.00419745
-0.728	0.00424826
-0.727	0.00429979
-0.726	0.00435205
-0.725	0.00440503
-0.724	0.00445876
-0.723	0.00451323
-0.722	0.00456846
-0.721	0.00462445
-0.72	0.0046812
-0.719	0.00473873
-0.718	0.00479703
-0.717	0.00485611
-0.716	0.00491597
-0.715	0.00497661
-0.714	0.00503804
-0.713	0.00510025
-0.712	0.00516326
-0.711	0.00522705
-0.71	0.00529163
-0.709	0.00535699
-0.708	0.00542315
-0.707	0.00549009
-0.706	0.00555781
-0.705	0.00562633
-0.704	0.00569563
-0.703	0.00576571
-0.702	0.00583658
-0.701	0.00590825
-0.7	0.0059807
-0.699	0.00605394
-0.698	0.00612798
-0.697	0.00620281
-0.696	0.00627844
-0.695	0.00635489
-0.694	0.00643214
-0.693	0.00651021
-0.692	0.00658911
-0.691	0.00666884
-0.69	0.00674941
-0.689	0.00683085
-0.688	0.00691314
-0.687	0.00699632
-0.686	0.00708038
-0.685	0.00716536
-0.684	0.00725126
-0.683	0.0073381
-0.682	0.0074259
-0.681	0.00751468
-0.68	0.00760445
-0.679	0.00769525
-0.678	0.00778708
-0.677	0.00787997
-0.676	0.00797396
-0.675	0.00806905
-0.674	0.00816528
-0.673	0.00826266
-0.672	0.00836122
-0.671	0.008461
-0.67	0.00856201
-0.669	0.00866428
-0.668	0.00876784
-0.667	0.00887271
-0.666	0.00897892
-0.665	0.00908649
-0.664	0.00919545
-0.663	0.00930582
-0.662	0.00941763
-0.661	0.00953091
-0.66	0.00964566
-0.659	0.00976193
-0.658	0.00987972
-0.657	0.00999906
-0.656	0.01012
-0.655	0.0102425
-0.654	0.0103666
-0.653	0.0104923
-0.652	0.0106197
-0.651	0.0107488
-0.65	0.0108795
-0.649	0.0110119
-0.648	0.011146
-0.647	0.0112818
-0.646	0.0114194
-0.645	0.0115587
-0.644	0.0116997
-0.643	0.0118425
-0.642	0.0119871
-0.641	0.0121334
-0.64	0.0122815
-0.639	0.0124315
-0.638	0.0125832
-0.637	0.0127368
-0.636	0.0128922
-0.635	0.0130494
-0.634	0.0132084
-0.633	0.0133693
-0.632	0.0135321
-0.631	0.0136968
-0.63	0.0138633
-0.629	0.0140317
-0.628	0.0142021
-0.627	0.0143744
-0.626	0.0145486
-0.625	0.0147248
-0.624	0.0149029
-0.623	0.0150831
-0.622	0.0152653
-0.621	0.0154495
-0.62	0.0156357
-0.619	0.0158241
-0.618	0.0160146
-0.617	0.0162072
-0.616	0.016402
-0.615	0.016599
-0.614	0.0167983
-0.613	0.0169998
-0.612	0.0172037
-0.611	0.0174098
-0.61	0.0176184
-0.609	0.0178294
-0.608	0.0180429
-0.607	0.0182588
-0.606	0.0184774
-0.605	0.0186985
-0.604	0.0189223
-0.603	0.0191487
-0.602	0.0193779
-0.601	0.0196099
-0.6	0.0198447
-0.599	0.0200824
-0.598	0.020323
-0.597	0.0205666
-0.596	0.0208133
-0.595	0.021063
-0.594	0.0213158
-0.593	0.0215718
-0.592	0.021831
-0.591	0.0220936
-0.59	0.0223594
-0.589	0.0226285
-0.588	0.0229011
-0.587	0.0231771
-0.586	0.0234567
-0.585	0.0237397
-0.584	0.0240264
-0.583	0.0243166
-0.582	0.0246106
-0.581	0.0249082
-0.58	0.0252095
-0.579	0.0255147
-0.578	0.0258236
-0.577	0.0261365
-0.576	0.0264532
-0.575	0.0267738
-0.574	0.0270983
-0.573	0.0274269
-0.572	0.0277595
-0.571	0.0280961
-0.57	0.0284368
-0.569	0.0287817
-0.568	0.0291306
-0.567	0.0294838
-0.566	0.0298412
-0.565	0.0302029
-0.564	0.0305688
-0.563	0.0309391
-0.562	0.0313137
-0.561	0.0316928
-0.56	0.0320763
-0.559	0.0324642
-0.558	0.0328567
-0.557	0.0332538
-0.556	0.0336554
-0.555	0.0340618
-0.554	0.0344728
-0.553	0.0348886
-0.552	0.0353091
-0.551	0.0357346
-0.55	0.036165
-0.549	0.0366004
-0.548	0.0370408
-0.547	0.0374863
-0.546	0.0379371
-0.545	0.038393
-0.544	0.0388543
-0.543	0.0393209
-0.542	0.0397931
-0.541	0.0402707
-0.54	0.040754
-0.539	0.041243
-0.538	0.0417378
-0.537	0.0422385
-0.536	0.0427451
-0.535	0.0432578
-0.534	0.0437766
-0.533	0.0443017
-0.532	0.0448331
-0.531	0.0453709
-0.53	0.0459153
-0.529	0.0464663
-0.528	0.0470239
-0.527	0.0475884
-0.526	0.0481598
-0.525	0.0487382
-0.524	0.0493238
-0.523	0.0499165
-0.522	0.0505166
-0.521	0.051124
-0.52	0.051739
-0.519	0.0523615
-0.518	0.0529918
-0.517	0.0536299
-0.516	0.0542759
-0.515	0.0549298
-0.514	0.0555919
-0.513	0.0562621
-0.512	0.0569406
-0.511	0.0576275
-0.51	0.0583228
-0.509	0.0590268
-0.508	0.0597393
-0.507	0.0604606
-0.506	0.0611908
-0.505	0.0619299
-0.504	0.0626779
-0.503	0.0634351
-0.502	0.0642015
-0.501	0.0649772
-0.5	0.0657623
-0.499	0.0665568
-0.498	0.0673609
-0.497	0.0681747
-0.496	0.0689982
-0.495	0.0698316
-0.494	0.0706749
-0.493	0.0715282
-0.492	0.0723918
-0.491	0.0732655
-0.49	0.0741496
-0.489	0.0750442
-0.488	0.0759494
-0.487	0.0768653
-0.486	0.0777919
-0.485	0.0787295
-0.484	0.0796782
-0.483	0.080638
-0.482	0.0816091
-0.481	0.0825917
-0.48	0.0835858
-0.479	0.0845917
-0.478	0.0856094
-0.477	0.0866391
-0.476	0.0876809
-0.475	0.0887351
-0.474	0.0898018
-0.473	0.0908811
-0.472	0.0919731
-0.471	0.0930782
-0.47	0.0941963
-0.469	0.0953279
-0.468	0.0964729
-0.467	0.0976315
-0.466	0.0988041
-0.465	0.0999907
-0.464	0.101192
-0.463	0.102407
-0.462	0.103637
-0.461	0.104882
-0.46	0.106141
-0.459	0.107417
-0.458	0.108707
-0.457	0.110013
-0.456	0.111335
-0.455	0.112674
-0.454	0.114028
-0.453	0.115399
-0.452	0.116787
-0.451	0.118191
-0.45	0.119613
-0.449	0.121052
-0.448	0.122509
-0.447	0.123984
-0.446	0.125476
-0.445	0.126987
-0.444	0.128517
-0.443	0.130064
-0.442	0.131631
-0.441	0.133217
-0.44	0.134823
-0.439	0.136448
-0.438	0.138092
-0.437	0.139757
-0.436	0.141442
-0.435	0.143147
-0.434	0.144873
-0.433	0.14662
-0.432	0.148388
-0.431	0.150177
-0.43	0.151988
-0.429	0.153821
-0.428	0.155676
-0.427	0.157553
-0.426	0.159453
-0.425	0.161375
-0.424	0.163321
-0.423	0.16529
-0.422	0.167282
-0.421	0.169298
-0.42	0.171338
-0.419	0.173403
-0.418	0.175492
-0.417	0.177606
-0.416	0.179745
-0.415	0.18191
-0.414	0.1841
-0.413	0.186316
-0.412	0.188559
-0.411	0.190829
-0.41	0.193125
-0.409	0.195449
-0.408	0.1978
-0.407	0.200179
-0.406	0.202587
-0.405	0.205023
-0.404	0.207489
-0.403	0.209984
-0.402	0.212508
-0.401	0.215063
-0.4	0.217648
-0.399	0.220264
-0.398	0.222912
-0.397	0.225591
-0.396	0.228303
-0.395	0.231047
-0.394	0.233824
-0.393	0.236634
-0.392	0.239478
-0.391	0.242357
-0.39	0.24527
-0.389	0.248218
-0.388	0.251203
-0.387	0.254223
-0.386	0.257279
-0.385	0.260373
-0.384	0.263504
-0.383	0.266673
-0.382	0.269881
-0.381	0.273128
-0.38	0.276414
-0.379	0.27974
-0.378	0.283106
-0.377	0.286513
-0.376	0.289961
-0.375	0.293452
-0.374	0.296984
-0.373	0.30056
-0.372	0.304179
-0.371	0.307842
-0.37	0.311549
-0.369	0.315302
-0.368	0.319099
-0.367	0.322943
-0.366	0.326833
-0.365	0.33077
-0.364	0.334755
-0.363	0.338788
-0.362	0.34287
-0.361	0.347001
-0.36	0.351181
-0.359	0.355412
-0.358	0.359694
-0.357	0.364027
-0.356	0.368412
-0.355	0.37285
-0.354	0.377342
-0.353	0.381887
-0.352	0.386486
-0.351	0.391141
-0.35	0.395851
-0.349	0.400829
-0.348	0.406281
-0.347	0.412184
-0.346	0.418513
-0.345	0.425243
-0.344	0.432348
-0.343	0.439801
-0.342	0.447575
-0.341	0.455643
-0.34	0.463979
-0.339	0.472515
-0.338	0.481177
-0.337	0.489931
-0.336	0.498744
-0.335	0.507588
-0.334	0.51643
-0.333	0.525246
-0.332	0.534008
-0.331	0.542691
-0.33	0.551272
-0.329	0.55973
-0.328	0.568041
-0.327	0.576189
-0.326	0.584153
-0.325	0.591916
-0.324	0.599461
-0.323	0.606773
-0.322	0.613837
-0.321	0.62064
-0.32	0.627167
-0.319	0.633409
-0.318	0.639352
-0.317	0.644987
-0.316	0.650303
-0.315	0.655292
-0.314	0.659945
-0.313	0.664255
-0.312	0.668214
-0.311	0.671817
-0.31	0.675057
-0.309	0.677929
-0.308	0.68043
-0.307	0.682554
-0.306	0.684299
-0.305	0.685663
-0.304	0.686642
-0.303	0.687237
-0.302	0.687444
-0.301	0.687266
-0.3	0.686702
-0.299	0.685752
-0.298	0.684418
-0.297	0.682703
-0.296	0.680608
-0.295	0.678138
-0.294	0.675296
-0.293	0.672087
-0.292	0.668515
-0.291	0.664587
-0.29	0.660309
-0.289	0.655688
-0.288	0.650732
-0.287	0.645449
-0.286	0.639848
-0.285	0.633939
-0.284	0.627733
-0.283	0.621241
-0.282	0.614475
-0.281	0.607448
-0.28	0.600174
-0.279	0.592668
-0.278	0.584945
-0.277	0.577022
-0.276	0.568917
-0.275	0.560648
-0.274	0.552235
-0.273	0.543699
-0.272	0.535063
-0.271	0.52635
-0.27	0.517584
-0.269	0.508792
-0.268	0.500002
-0.267	0.491242
-0.266	0.482543
-0.265	0.473939
-0.264	0.46546
-0.263	0.457144
-0.262	0.449026
-0.261	0.441144
-0.26	0.433538
-0.259	0.426242
-0.258	0.419295
-0.257	0.412743
-0.256	0.406627
-0.255	0.400994
-0.254	0.395887
-0.253	0.391345
-0.252	0.387409
-0.251	0.384113
-0.25	0.381488
-0.249	0.379563
-0.248	0.378355
-0.247	0.377881
-0.246	0.378148
-0.245	0.379158
-0.244	0.380905
-0.243	0.383377
-0.242	0.386556
-0.241	0.390417
-0.24	0.394932
-0.239	0.400068
-0.238	0.405787
-0.237	0.412052
-0.236	0.41882
-0.235	0.426048
-0.234	0.433694
-0.233	0.441716
-0.232	0.45007
-0.231	0.458715
-0.23	0.46761
-0.229	0.476715
-0.228	0.485993
-0.227	0.495406
-0.226	0.504921
-0.225	0.514504
-0.224	0.524122
-0.223	0.533747
-0.222	0.54335
-0.221	0.552903
-0.22	0.562382
-0.219	0.571761
-0.218	0.581018
-0.217	0.590133
-0.216	0.599083
-0.215	0.607851
-0.214	0.616417
-0.213	0.624766
-0.212	0.632881
-0.211	0.640747
-0.21	0.648351
-0.209	0.655678
-0.208	0.662718
-0.207	0.669458
-0.206	0.675887
-0.205	0.681997
-0.204	0.687778
-0.203	0.693221
-0.202	0.698319
-0.201	0.703066
-0.2	0.707455
-0.199	0.71148
-0.198	0.715137
-0.197	0.718423
-0.196	0.721333
-0.195	0.723865
-0.194	0.726017
-0.193	0.727787
-0.192	0.729175
-0.191	0.730181
-0.19	0.730805
-0.189	0.731049
-0.188	0.730914
-0.187	0.730404
-0.186	0.729521
-0.185	0.72827
-0.184	0.726655
-0.183	0.724681
-0.182	0.722355
-0.181	0.719684
-0.18	0.716674
-0.179	0.71336
-0.178	0.709773
-0.177	0.705923
-0.176	0.70182
-0.175	0.697474
-0.174	0.692897
-0.173	0.688099
-0.172	0.683095
-0.171	0.677897
-0.17	0.672519
-0.169	0.666975
-0.168	0.661282
-0.167	0.655456
-0.166	0.649513
-0.165	0.643472
-0.164	0.63735
-0.163	0.631167
-0.162	0.624944
-0.161	0.618701
-0.16	0.612458
-0.159	0.60624
-0.158	0.600068
-0.157	0.593965
-0.156	0.587957
-0.155	0.582067
-0.154	0.576321
-0.153	0.570743
-0.152	0.565359
-0.151	0.560194
-0.15	0.555274
-0.149	0.550624
-0.148	0.546267
-0.147	0.542229
-0.146	0.538531
-0.145	0.535196
-0.144	0.532245
-0.143	0.529695
-0.142	0.527565
-0.141	0.52587
-0.14	0.524622
-0.139	0.523832
-0.138	0.523509
-0.137	0.523657
-0.136	0.52428
-0.135	0.525377
-0.134	0.526946
-0.133	0.528982
-0.132	0.531477
-0.131	0.53442
-0.13	0.537799
-0.129	0.541599
-0.128	0.545804
-0.127	0.550394
-0.126	0.555352
-0.125	0.560654
-0.124	0.566281
-0.123	0.572207
-0.122	0.578411
-0.121	0.584867
-0.12	0.591553
-0.119	0.598444
-0.118	0.605514
-0.117	0.612741
-0.116	0.620102
-0.115	0.627571
-0.114	0.635127
-0.113	0.642747
-0.112	0.650409
-0.111	0.658093
-0.11	0.665777
-0.109	0.673442
-0.108	0.681068
-0.107	0.688638
-0.106	0.696134
-0.105	0.703537
-0.104	0.710833
-0.103	0.718005
-0.102	0.72504
-0.101	0.731921
-0.1	0.738638