-3.037	0
-3.036	0
-3.035	0
-3.034	0
-3.033	0
-3.032	0
-3.031	0
-3.03	0
-3.029	0
-3.028	0
-3.027	0
-3.026	0
-3.025	0
-3.024	0
-3.023	0
-3.022	0
-3.021	0
-3.02	0
-3.019	0
-3.018	0
-3.017	0
-3.016	0
-3.015	0
-3.014	0
-3.013	0
-3.012	0
-3.011	0
-3.01	0
-3.009	0
-3.008	0
-3.007	0
-3.006	0
-3.005	0
-3.004	0
-3.003	0
-3.002	0
-3.001	0
-3	0
-2.999	0
-2.998	0
-2.997	0
-2.996	0
-2.995	0
-2.994	0
-2.993	0
-2.992	0
-2.991	0
-2.99	0
-2.989	0
-2.988	0
-2.987	0
-2.986	0
-2.985	0
-2.984	0
-2.983	0
-2.982	0
-2.981	0
-2.98	0
-2.979	0
-2.978	0
-2.977	0
-2.976	0
-2.975	0
-2.974	0
-2.973	0
-2.972	0
-2.971	0
-2.97	0
-2.969	0
-2.968	0
-2.967	0
-2.966	0
-2.965	0
-2.964	0
-2.963	0
-2.962	0
-2.961	0
-2.96	0
-2.959	0
-2.958	0
-2.957	0
-2.956	0
-2.955	0
-2.954	0
-2.953	0
-2.952	0
-2.951	0
-2.95	0
-2.949	0
-2.948	0
-2.947	0
-2.946	0
-2.945	0
-2.944	0
-2.943	0
-2.942	0
-2.941	0
-2.94	0
-2.939	0
-2.938	0
-2.937	0
-2.936	0
-2.935	0
-2.934	0
-2.933	0
-2.932	0
-2.931	0
-2.93	0
-2.929	0
-2.928	0
-2.927	0
-2.926	0
-2.925	0
-2.924	0
-2.923	0
-2.922	0
-2.921	0
-2.92	0
-2.919	0
-2.918	0
-2.917	0
-2.916	0
-2.915	0
-2.914	0
-2.913	0
-2.912	0
-2.911	0
-2.91	0
-2.909	0
-2.908	0
-2.907	0
-2.906	0
-2.905	0
-2.904	0
-2.903	0
-2.902	0
-2.901	0
-2.9	0
-2.899	0
-2.898	0
-2.897	0
-2.896	0
-2.895	0
-2.894	0
-2.893	0
-2.892	0
-2.891	0
-2.89	0
-2.889	0
-2.888	0
-2.887	0
-2.886	0
-2.885	0
-2.884	0
-2.883	0
-2.882	0
-2.881	0
-2.88	0
-2.879	0
-2.878	0
-2.877	0
-2.876	0
-2.875	0
-2.874	0
-2.873	0
-2.872	0
-2.871	0
-2.87	0
-2.869	0
-2.868	0
-2.867	0
-2.866	0
-2.865	0
-2.864	0
-2.863	0
-2.862	0
-2.861	0
-2.86	0
-2.859	0
-2.858	0
-2.857	0
-2.856	0
-2.855	0
-2.854	0
-2.853	0
-2.852	0
-2.851	0
-2.85	0
-2.849	0
-2.848	0
-2.847	0
-2.846	0
-2.845	0
-2.844	0
-2.843	0
-2.842	0
-2.841	0
-2.84	0
-2.839	0
-2.838	0
-2.837	0
-2.836	0
-2.835	0
-2.834	0
-2.833	0
-2.832	0
-2.831	0
-2.83	0
-2.829	0
-2.828	0
-2.827	0
-2.826	0
-2.825	0
-2.824	0
-2.823	0
-2.822	0
-2.821	0
-2.82	0
-2.819	0
-2.818	0
-2.817	0
-2.816	0
-2.815	0
-2.814	0
-2.813	0
-2.812	0
-2.811	0
-2.81	0
-2.809	0
-2.808	0
-2.807	0
-2.806	0
-2.805	0
-2.804	0
-2.803	0
-2.802	0
-2.801	0
-2.8	0
-2.799	0
-2.798	0
-2.797	0
-2.796	0
-2.795	0
-2.794	0
-2.793	0
-2.792	0
-2.791	0
-2.79	0
-2.789	0
-2.788	0
-2.787	0
-2.786	0
-2.785	0
-2.784	0
-2.783	0
-2.782	0
-2.781	0
-2.78	0
-2.779	0
-2.778	0
-2.777	0
-2.776	0
-2.775	0
-2.774	0
-2.773	0
-2.772	0
-2.771	0
-2.77	0
-2.769	0
-2.768	0
-2.767	0
-2.766	0
-2.765	0
-2.764	0
-2.763	0
-2.762	0
-2.761	0
-2.76	0
-2.759	0
-2.758	0
-2.757	0
-2.756	0
-2.755	0
-2.754	0
-2.753	0
-2.752	0
-2.751	0
-2.75	0
-2.749	0
-2.748	0
-2.747	0
-2.746	0
-2.745	0
-2.744	0
-2.743	0
-2.742	0
-2.741	0
-2.74	0
-2.739	0
-2.738	0
-2.737	0
-2.736	0
-2.735	0
-2.734	0
-2.733	0
-2.732	0
-2.731	0
-2.73	0
-2.729	0
-2.728	0
-2.727	0
-2.726	0
-2.725	0
-2.724	0
-2.723	0
-2.722	0
-2.721	0
-2.72	0
-2.719	0
-2.718	0
-2.717	0
-2.716	0
-2.715	0
-2.714	0
-2.713	0
-2.712	0
-2.711	0
-2.71	0
-2.709	0
-2.708	0
-2.707	0
-2.706	0
-2.705	0
-2.704	0
-2.703	0
-2.702	0
-2.701	0
-2.7	0
-2.699	0
-2.698	0
-2.697	0
-2.696	0
-2.695	0
-2.694	0
-2.693	0
-2.692	0
-2.691	0
-2.69	0
-2.689	0
-2.688	0
-2.687	0
-2.686	0
-2.685	0
-2.684	0
-2.683	0
-2.682	0
-2.681	0
-2.68	0
-2.679	0
-2.678	0
-2.677	0
-2.676	0
-2.675	0
-2.674	0
-2.673	0
-2.672	0
-2.671	0
-2.67	0
-2.669	0
-2.668	0
-2.667	0
-2.666	0
-2.665	0
-2.664	0
-2.663	0
-2.662	0
-2.661	0
-2.66	0
-2.659	0
-2.658	0
-2.657	0
-2.656	0
-2.655	0
-2.654	0
-2.653	0
-2.652	0
-2.651	0
-2.65	0
-2.649	0
-2.648	0
-2.647	0
-2.646	0
-2.645	0
-2.644	0
-2.643	0
-2.642	0
-2.641	0
-2.64	0
-2.639	0
-2.638	0
-2.637	0
-2.636	0
-2.635	0
-2.634	0
-2.633	0
-2.632	0
-2.631	0
-2.63	0
-2.629	0
-2.628	0
-2.627	0
-2.626	0
-2.625	0
-2.624	0
-2.623	0
-2.622	0
-2.621	0
-2.62	0
-2.619	0
-2.618	0
-2.617	0
-2.616	0
-2.615	0
-2.614	0
-2.613	0
-2.612	0
-2.611	0
-2.61	0
-2.609	0
-2.608	0
-2.607	0
-2.606	0
-2.605	0
-2.604	0
-2.603	0
-2.602	0
-2.601	0
-2.6	0
-2.599	0
-2.598	0
-2.597	0
-2.596	0
-2.595	0
-2.594	0
-2.593	0
-2.592	0
-2.591	0
-2.59	0
-2.589	0
-2.588	0
-2.587	0
-2.586	0
-2.585	0
-2.584	0
-2.583	0
-2.582	0
-2.581	0
-2.58	0
-2.579	0
-2.578	0
-2.577	0
-2.576	0
-2.575	0
-2.574	0
-2.573	0
-2.572	0
-2.571	0
-2.57	0
-2.569	0
-2.568	0
-2.567	0
-2.566	0
-2.565	0
-2.564	0
-2.563	0
-2.562	0
-2.561	0
-2.56	0
-2.559	0
-2.558	0
-2.557	0
-2.556	0
-2.555	0
-2.554	0
-2.553	0
-2.552	0
-2.551	0
-2.55	0
-2.549	0
-2.548	0
-2.547	0
-2.546	0
-2.545	0
-2.544	0
-2.543	0
-2.542	0
-2.541	0
-2.54	0
-2.539	0
-2.538	0
-2.537	0
-2.536	0
-2.535	0
-2.534	0
-2.533	0
-2.532	0
-2.531	0
-2.53	0
-2.529	0
-2.528	0
-2.527	0
-2.526	0
-2.525	0
-2.524	0
-2.523	0
-2.522	0
-2.521	0
-2.52	0
-2.519	0
-2.518	0
-2.517	0
-2.516	0
-2.515	0
-2.514	0
-2.513	0
-2.512	0
-2.511	0
-2.51	0
-2.509	0
-2.508	0
-2.507	0
-2.506	0
-2.505	0
-2.504	0
-2.503	0
-2.502	0
-2.501	0
-2.5	0
-2.499	0
-2.498	0
-2.497	0
-2.496	0
-2.495	0
-2.494	0
-2.493	0
-2.492	0
-2.491	0
-2.49	0
-2.489	0
-2.488	0
-2.487	0
-2.486	0
-2.485	0
-2.484	0
-2.483	0
-2.482	0
-2.481	0
-2.48	0
-2.479	0
-2.478	0
-2.477	0
-2.476	0
-2.475	0
-2.474	0
-2.473	0
-2.472	0
-2.471	0
-2.47	0
-2.469	0
-2.468	0
-2.467	0
-2.466	0
-2.465	0
-2.464	0
-2.463	0
-2.462	0
-2.461	0
-2.46	0
-2.459	0
-2.458	0
-2.457	0
-2.456	0
-2.455	0
-2.454	0
-2.453	0
-2.452	0
-2.451	0
-2.45	0
-2.449	0
-2.448	0
-2.447	0
-2.446	0
-2.445	0
-2.444	0
-2.443	0
-2.442	0
-2.441	0
-2.44	0
-2.439	0
-2.438	0
-2.437	0
-2.436	0
-2.435	0
-2.434	0
-2.433	0
-2.432	0
-2.431	0
-2.43	0
-2.429	0
-2.428	0
-2.427	0
-2.426	0
-2.425	0
-2.424	0
-2.423	0
-2.422	0
-2.421	0
-2.42	0
-2.419	0
-2.418	0
-2.417	0
-2.416	0
-2.415	0
-2.414	0
-2.413	0
-2.412	0
-2.411	0
-2.41	0
-2.409	0
-2.408	0
-2.407	0
-2.406	0
-2.405	0
-2.404	0
-2.403	0
-2.402	0
-2.401	0
-2.4	0
-2.399	0
-2.398	0
-2.397	0
-2.396	0
-2.395	0
-2.394	0
-2.393	0
-2.392	0
-2.391	0
-2.39	0
-2.389	0
-2.388	0
-2.387	0
-2.386	0
-2.385	0
-2.384	0
-2.383	0
-2.382	0
-2.381	0
-2.38	0
-2.379	0
-2.378	0
-2.377	0
-2.376	0
-2.375	0
-2.374	0
-2.373	0
-2.372	0
-2.371	0
-2.37	0
-2.369	0
-2.368	0
-2.367	0
-2.366	0
-2.365	0
-2.364	0
-2.363	0
-2.362	0
-2.361	0
-2.36	0
-2.359	0
-2.358	0
-2.357	0
-2.356	0
-2.355	0
-2.354	0
-2.353	0
-2.352	0
-2.351	0
-2.35	0
-2.349	0
-2.348	0
-2.347	0
-2.346	0
-2.345	0
-2.344	0
-2.343	0
-2.342	0
-2.341	0
-2.34	0
-2.339	0
-2.338	0
-2.337	0
-2.336	0
-2.335	0
-2.334	0
-2.333	0
-2.332	0
-2.331	0
-2.33	0
-2.329	0
-2.328	0
-2.327	0
-2.326	0
-2.325	0
-2.324	0
-2.323	0
-2.322	0
-2.321	0
-2.32	0
-2.319	0
-2.318	0
-2.317	0
-2.316	0
-2.315	0
-2.314	0
-2.313	0
-2.312	0
-2.311	0
-2.31	0
-2.309	0
-2.308	0
-2.307	0
-2.306	0
-2.305	0
-2.304	0
-2.303	0
-2.302	0
-2.301	0
-2.3	0
-2.299	0
-2.298	0
-2.297	0
-2.296	0
-2.295	0
-2.294	0
-2.293	0
-2.292	0
-2.291	0
-2.29	0
-2.289	0
-2.288	0
-2.287	0
-2.286	0
-2.285	0
-2.284	0
-2.283	0
-2.282	0
-2.281	0
-2.28	0
-2.279	0
-2.278	0
-2.277	0
-2.276	0
-2.275	0
-2.274	0
-2.273	0
-2.272	0
-2.271	0
-2.27	0
-2.269	0
-2.268	0
-2.267	0
-2.266	0
-2.265	0
-2.264	0
-2.263	0
-2.262	0
-2.261	0
-2.26	0
-2.259	0
-2.258	0
-2.257	0
-2.256	0
-2.255	0
-2.254	0
-2.253	1.26484e-038
-2.252	3.32378e-038
-2.251	6.70811e-038
-2.25	1.21862e-037
-2.249	2.2266e-037
-2.248	4.25074e-037
-2.247	8.28479e-037
-2.246	1.6255e-036
-2.245	3.1912e-036
-2.244	6.25028e-036
-2.243	1.22049e-035
-2.242	2.37564e-035
-2.241	4.60925e-035
-2.24	8.91401e-035
-2.239	1.71834e-034
-2.238	3.30169e-034
-2.237	6.32334e-034
-2.236	1.20708e-033
-2.235	2.29665e-033
-2.234	4.3553e-033
-2.233	8.23189e-033
-2.232	1.55071e-032
-2.231	2.91144e-032
-2.23	5.44778e-032
-2.229	1.01592e-031
-2.228	1.8881e-031
-2.227	3.49706e-031
-2.226	6.45488e-031
-2.225	1.18733e-030
-2.224	2.17646e-030
-2.223	3.97568e-030
-2.222	7.23682e-030
-2.221	1.31266e-029
-2.22	2.37256e-029
-2.219	4.27301e-029
-2.218	7.6682e-029
-2.217	1.37116e-028
-2.216	2.44291e-028
-2.215	4.33654e-028
-2.214	7.66987e-028
-2.213	1.35155e-027
-2.212	2.37282e-027
-2.211	4.15028e-027
-2.21	7.23205e-027
-2.209	1.25547e-026
-2.208	2.17121e-026
-2.207	3.74056e-026
-2.206	6.41954e-026
-2.205	1.09746e-025
-2.204	1.8689e-025
-2.203	3.17015e-025
-2.202	5.35626e-025
-2.201	9.01403e-025
-2.2	1.51092e-024
-2.199	2.52242e-024
-2.198	4.19405e-024
-2.197	6.94511e-024
-2.196	1.14536e-023
-2.195	1.88108e-023
-2.194	3.07654e-023
-2.193	5.01069e-023
-2.192	8.12636e-023
-2.191	1.31234e-022
-2.19	2.11024e-022
-2.189	3.37861e-022
-2.188	5.38584e-022
-2.187	8.54792e-022
-2.186	1.35066e-021
-2.185	2.12466e-021
-2.184	3.32721e-021
-2.183	5.18679e-021
-2.182	8.04875e-021
-2.181	1.24323e-020
-2.18	1.9114e-020
-2.179	2.92489e-020
-2.178	4.45457e-020
-2.177	6.75183e-020
-2.176	1.01844e-019
-2.175	1.52873e-019
-2.174	2.2834e-019
-2.173	3.39366e-019
-2.172	5.01845e-019
-2.171	7.38346e-019
-2.17	1.08073e-018
-2.169	1.57367e-018
-2.168	2.27943e-018
-2.167	3.28417e-018
-2.166	4.70638e-018
-2.165	6.7078e-018
-2.164	9.50766e-018
-2.163	1.3401e-017
-2.162	1.87819e-017
-2.161	2.61724e-017
-2.16	3.6259e-017
-2.159	4.99362e-017
-2.158	6.83606e-017
-2.157	9.3013e-017
-2.156	1.25772e-016
-2.155	1.68998e-016
-2.154	2.25623e-016
-2.153	2.99252e-016
-2.152	3.94262e-016
-2.151	5.15901e-016
-2.15	6.70367e-016
-2.149	8.64872e-016
-2.148	1.10765e-015
-2.147	1.40793e-015
-2.146	1.77576e-015
-2.145	2.22182e-015
-2.144	2.75696e-015
-2.143	3.39165e-015
-2.142	4.13516e-015
-2.141	4.99448e-015
-2.14	5.97298e-015
-2.139	7.06866e-015
-2.138	8.2722e-015
-2.137	9.56454e-015
-2.136	1.09142e-014
-2.135	1.22745e-014
-2.134	1.35801e-014
-2.133	1.4744e-014
-2.132	1.56547e-014
-2.131	1.61724e-014
-2.13	1.61274e-014
-2.129	1.53176e-014
-2.128	1.35073e-014
-2.127	1.04276e-014
-2.126	5.77625e-015
-2.125	7.79335e-016
-2.124	9.59961e-015
-2.123	2.10684e-014
-2.122	3.5588e-014
-2.121	5.35735e-014
-2.12	7.54471e-014
-2.119	1.01632e-013
-2.118	1.32549e-013
-2.117	1.68611e-013
-2.116	2.10219e-013
-2.115	2.57767e-013
-2.114	3.11635e-013
-2.113	3.72199e-013
-2.112	4.39827e-013
-2.111	5.1489e-013
-2.11	5.9776e-013
-2.109	6.88819e-013
-2.108	7.88458e-013
-2.107	8.97082e-013
-2.106	1.0151e-012
-2.105	1.14293e-012
-2.104	1.281e-012
-2.103	1.42972e-012
-2.102	1.58949e-012
-2.101	1.76069e-012
-2.1	1.94366e-012
-2.099	2.13875e-012
-2.098	2.34622e-012
-2.097	2.56633e-012
-2.096	2.79929e-012
-2.095	3.0453e-012
-2.094	3.3045e-012
-2.093	3.57703e-012
-2.092	3.86299e-012
-2.091	4.16247e-012
-2.09	4.47554e-012
-2.089	4.80222e-012
-2.088	5.1425e-012
-2.087	5.49634e-012
-2.086	5.86361e-012
-2.085	6.24417e-012
-2.084	6.63778e-012
-2.083	7.04414e-012
-2.082	7.46289e-012
-2.081	7.89361e-012
-2.08	8.33579e-012
-2.079	8.78888e-012
-2.078	9.25227e-012
-2.077	9.72529e-012
-2.076	1.02072e-011
-2.075	1.06972e-011
-2.074	1.11946e-011
-2.073	1.16983e-011
-2.072	1.22075e-011
-2.071	1.27211e-011
-2.07	1.32382e-011
-2.069	1.37576e-011
-2.068	1.42781e-011
-2.067	1.47987e-011
-2.066	1.5318e-011
-2.065	1.58349e-011
-2.064	1.63479e-011
-2.063	1.68558e-011
-2.062	1.73572e-011
-2.061	1.78506e-011
-2.06	1.83346e-011
-2.059	1.88079e-011
-2.058	1.92688e-011
-2.057	1.97159e-011
-2.056	2.01477e-011
-2.055	2.05626e-011
-2.054	2.09593e-011
-2.053	2.13361e-011
-2.052	2.16915e-011
-2.051	2.20241e-011
-2.05	2.23324e-011
-2.049	2.2615e-011
-2.048	2.28704e-011
-2.047	2.30971e-011
-2.046	2.32939e-011
-2.045	2.34594e-011
-2.044	2.35922e-011
-2.043	2.36913e-011
-2.042	2.37556e-011
-2.041	2.37841e-011
-2.04	2.3776e-011
-2.039	2.37307e-011
-2.038	2.36479e-011
-2.037	2.35276e-011
-2.036	2.33702e-011
-2.035	2.31765e-011
-2.034	2.29479e-011
-2.033	2.26866e-011
-2.032	2.23957e-011
-2.031	2.20794e-011
-2.03	2.17432e-011
-2.029	2.13942e-011
-2.028	2.10415e-011
-2.027	2.06962e-011
-2.026	2.03721e-011
-2.025	2.00857e-011
-2.024	1.98562e-011
-2.023	1.97057e-011
-2.022	1.96584e-011
-2.021	1.97396e-011
-2.02	1.99747e-011
-2.019	2.03873e-011
-2.018	2.09975e-011
-2.017	2.18206e-011
-2.016	2.28665e-011
-2.015	2.41396e-011
-2.014	2.56398e-011
-2.013	2.7363e-011
-2.012	2.9303e-011
-2.011	3.14522e-011
-2.01	3.38023e-011
-2.009	3.63452e-011
-2.008	3.9073e-011
-2.007	4.19783e-011
-2.006	4.50545e-011
-2.005	4.82951e-011
-2.004	5.16944e-011
-2.003	5.52467e-011
-2.002	5.89468e-011
-2.001	6.27892e-011
-2	6.67689e-011
-1.999	7.08803e-011
-1.998	7.5118e-011
-1.997	7.94764e-011
-1.996	8.39496e-011
-1.995	8.85312e-011
-1.994	9.32147e-011
-1.993	9.79933e-011
-1.992	1.0286e-010
-1.991	1.07806e-010
-1.99	1.12824e-010
-1.989	1.17905e-010
-1.988	1.2304e-010
-1.987	1.2822e-010
-1.986	1.33432e-010
-1.985	1.38668e-010
-1.984	1.43914e-010
-1.983	1.4916e-010
-1.982	1.54392e-010
-1.981	1.59598e-010
-1.98	1.64763e-010
-1.979	1.69873e-010
-1.978	1.74914e-010
-1.977	1.79871e-010
-1.976	1.84727e-010
-1.975	1.89466e-010
-1.974	1.94073e-010
-1.973	1.9853e-010
-1.972	2.02821e-010
-1.971	2.06928e-010
-1.97	2.10833e-010
-1.969	2.1452e-010
-1.968	2.17971e-010
-1.967	2.21167e-010
-1.966	2.24093e-010
-1.965	2.2673e-010
-1.964	2.29063e-010
-1.963	2.31074e-010
-1.962	2.3275e-010
-1.961	2.34074e-010
-1.96	2.35036e-010
-1.959	2.35621e-010
-1.958	2.35823e-010
-1.957	2.35632e-010
-1.956	2.35045e-010
-1.955	2.34061e-010
-1.954	2.32684e-010
-1.953	2.30922e-010
-1.952	2.2879e-010
-1.951	2.2631e-010
-1.95	2.23513e-010
-1.949	2.20441e-010
-1.948	2.17148e-010
-1.947	2.13704e-010
-1.946	2.10196e-010
-1.945	2.06733e-010
-1.944	2.03446e-010
-1.943	2.00492e-010
-1.942	1.98052e-010
-1.941	1.96334e-010
-1.94	1.95566e-010
-1.939	1.95987e-010
-1.938	1.97834e-010
-1.937	2.01332e-010
-1.936	2.06671e-010
-1.935	2.13999e-010
-1.934	2.23412e-010
-1.933	2.34953e-010
-1.932	2.48621e-010
-1.931	2.64378e-010
-1.93	2.82159e-010
-1.929	3.01886e-010
-1.928	3.23473e-010
-1.927	3.46834e-010
-1.926	3.71882e-010
-1.925	3.98538e-010
-1.924	4.26727e-010
-1.923	4.56378e-010
-1.922	4.87426e-010
-1.921	5.19808e-010
-1.92	5.53464e-010
-1.919	5.88337e-010
-1.918	6.24371e-010
-1.917	6.61509e-010
-1.916	6.99697e-010
-1.915	7.38878e-010
-1.914	7.78994e-010
-1.913	8.19986e-010
-1.912	8.61792e-010
-1.911	9.04351e-010
-1.91	9.47596e-010
-1.909	9.91459e-010
-1.908	1.03587e-009
-1.907	1.08075e-009
-1.906	1.12603e-009
-1.905	1.17163e-009
-1.904	1.21745e-009
-1.903	1.26342e-009
-1.902	1.30943e-009
-1.901	1.35541e-009
-1.9	1.40124e-009
-1.899	1.44682e-009
-1.898	1.49206e-009
-1.897	1.53683e-009
-1.896	1.58104e-009
-1.895	1.62455e-009
-1.894	1.66726e-009
-1.893	1.70904e-009
-1.892	1.74977e-009
-1.891	1.78932e-009
-1.89	1.82756e-009
-1.889	1.86437e-009
-1.888	1.89962e-009
-1.887	1.93317e-009
-1.886	1.96488e-009
-1.885	1.99464e-009
-1.884	2.02232e-009
-1.883	2.04778e-009
-1.882	2.0709e-009
-1.881	2.09156e-009
-1.88	2.10966e-009
-1.879	2.12508e-009
-1.878	2.13774e-009
-1.877	2.14755e-009
-1.876	2.15443e-009
-1.875	2.15834e-009
-1.874	2.15923e-009
-1.873	2.1571e-009
-1.872	2.15196e-009
-1.871	2.14386e-009
-1.87	2.1329e-009
-1.869	2.11919e-009
-1.868	2.10293e-009
-1.867	2.08437e-009
-1.866	2.06382e-009
-1.865	2.04169e-009
-1.864	2.01848e-009
-1.863	1.99481e-009
-1.862	1.97142e-009
-1.861	1.94917e-009
-1.86	1.9291e-009
-1.859	1.91237e-009
-1.858	1.90029e-009
-1.857	1.8943e-009
-1.856	1.89592e-009
-1.855	1.90671e-009
-1.854	1.92819e-009
-1.853	1.96178e-009
-1.852	2.00871e-009
-1.851	2.06996e-009
-1.85	2.14624e-009
-1.849	2.23794e-009
-1.848	2.34517e-009
-1.847	2.46783e-009
-1.846	2.6056e-009
-1.845	2.75803e-009
-1.844	2.92458e-009
-1.843	3.10465e-009
-1.842	3.29763e-009
-1.841	3.5029e-009
-1.84	3.71984e-009
-1.839	3.94787e-009
-1.838	4.1864e-009
-1.837	4.43488e-009
-1.836	4.69276e-009
-1.835	4.95951e-009
-1.834	5.2346e-009
-1.833	5.5175e-009
-1.832	5.80772e-009
-1.831	6.10471e-009
-1.83	6.40796e-009
-1.829	6.71693e-009
-1.828	7.03108e-009
-1.827	7.34985e-009
-1.826	7.67267e-009
-1.825	7.99894e-009
-1.824	8.32808e-009
-1.823	8.65946e-009
-1.822	8.99244e-009
-1.821	9.32636e-009
-1.82	9.66054e-009
-1.819	9.99429e-009
-1.818	1.03269e-008
-1.817	1.06576e-008
-1.816	1.09857e-008
-1.815	1.13104e-008
-1.814	1.16309e-008
-1.813	1.19464e-008
-1.812	1.22561e-008
-1.811	1.25592e-008
-1.81	1.28549e-008
-1.809	1.31422e-008
-1.808	1.34204e-008
-1.807	1.36886e-008
-1.806	1.39459e-008
-1.805	1.41915e-008
-1.804	1.44246e-008
-1.803	1.46443e-008
-1.802	1.48498e-008
-1.801	1.50403e-008
-1.8	1.52151e-008
-1.799	1.53735e-008
-1.798	1.55147e-008
-1.797	1.56382e-008
-1.796	1.57435e-008
-1.795	1.58299e-008
-1.794	1.58972e-008
-1.793	1.59451e-008
-1.792	1.59734e-008
-1.791	1.59821e-008
-1.79	1.59714e-008
-1.789	1.59417e-008
-1.788	1.58935e-008
-1.787	1.58277e-008
-1.786	1.57455e-008
-1.785	1.56484e-008
-1.784	1.55382e-008
-1.783	1.54175e-008
-1.782	1.52889e-008
-1.781	1.51561e-008
-1.78	1.50231e-008
-1.779	1.48946e-008
-1.778	1.47763e-008
-1.777	1.46742e-008
-1.776	1.45956e-008
-1.775	1.45479e-008
-1.774	1.45395e-008
-1.773	1.45788e-008
-1.772	1.46745e-008
-1.771	1.48352e-008
-1.77	1.50686e-008
-1.769	1.53818e-008
-1.768	1.57806e-008
-1.767	1.62692e-008
-1.766	1.68507e-008
-1.765	1.75265e-008
-1.764	1.82965e-008
-1.763	1.91597e-008
-1.762	2.0114e-008
-1.761	2.11567e-008
-1.76	2.22845e-008
-1.759	2.34938e-008
-1.758	2.47809e-008
-1.757	2.61418e-008
-1.756	2.75728e-008
-1.755	2.90698e-008
-1.754	3.06292e-008
-1.753	3.22471e-008
-1.752	3.39197e-008
-1.751	3.56436e-008
-1.75	3.74148e-008
-1.749	3.92299e-008
-1.748	4.10852e-008
-1.747	4.2977e-008
-1.746	4.49017e-008
-1.745	4.68555e-008
-1.744	4.88346e-008
-1.743	5.08353e-008
-1.742	5.28536e-008
-1.741	5.48856e-008
-1.74	5.69272e-008
-1.739	5.89743e-008
-1.738	6.10228e-008
-1.737	6.30683e-008
-1.736	6.51065e-008
-1.735	6.71329e-008
-1.734	6.91431e-008
-1.733	7.11324e-008
-1.732	7.30962e-008
-1.731	7.50299e-008
-1.73	7.69287e-008
-1.729	7.87878e-008
-1.728	8.06024e-008
-1.727	8.23677e-008
-1.726	8.4079e-008
-1.725	8.57313e-008
-1.724	8.73201e-008
-1.723	8.88406e-008
-1.722	9.02881e-008
-1.721	9.16584e-008
-1.72	9.29469e-008
-1.719	9.41495e-008
-1.718	9.52624e-008
-1.717	9.62816e-008
-1.716	9.7204e-008
-1.715	9.80263e-008
-1.714	9.87459e-008
-1.713	9.93606e-008
-1.712	9.98688e-008
-1.711	1.00269e-007
-1.71	1.00562e-007
-1.709	1.00747e-007
-1.708	1.00825e-007
-1.707	1.008e-007
-1.706	1.00675e-007
-1.705	1.00454e-007
-1.704	1.00144e-007
-1.703	9.97532e-008
-1.702	9.92915e-008
-1.701	9.87708e-008
-1.7	9.82057e-008
-1.699	9.76132e-008
-1.698	9.70131e-008
-1.697	9.64281e-008
-1.696	9.58841e-008
-1.695	9.54101e-008
-1.694	9.50383e-008
-1.693	9.48035e-008
-1.692	9.47435e-008
-1.691	9.48977e-008
-1.69	9.53066e-008
-1.689	9.60105e-008
-1.688	9.70486e-008
-1.687	9.84574e-008
-1.686	1.00269e-007
-1.685	1.02513e-007
-1.684	1.05209e-007
-1.683	1.08373e-007
-1.682	1.12014e-007
-1.681	1.16135e-007
-1.68	1.20734e-007
-1.679	1.25803e-007
-1.678	1.3133e-007
-1.677	1.373e-007
-1.676	1.43697e-007
-1.675	1.50502e-007
-1.674	1.57694e-007
-1.673	1.65254e-007
-1.672	1.7316e-007
-1.671	1.8139e-007
-1.67	1.89925e-007
-1.669	1.98742e-007
-1.668	2.07821e-007
-1.667	2.1714e-007
-1.666	2.26678e-007
-1.665	2.36414e-007
-1.664	2.46328e-007
-1.663	2.56398e-007
-1.662	2.66603e-007
-1.661	2.76922e-007
-1.66	2.87333e-007
-1.659	2.97815e-007
-1.658	3.08347e-007
-1.657	3.18905e-007
-1.656	3.29468e-007
-1.655	3.40014e-007
-1.654	3.5052e-007
-1.653	3.60962e-007
-1.652	3.71319e-007
-1.651	3.81566e-007
-1.65	3.91681e-007
-1.649	4.01641e-007
-1.648	4.11422e-007
-1.647	4.21e-007
-1.646	4.30353e-007
-1.645	4.39456e-007
-1.644	4.48289e-007
-1.643	4.56827e-007
-1.642	4.65048e-007
-1.641	4.72932e-007
-1.64	4.80457e-007
-1.639	4.87602e-007
-1.638	4.94348e-007
-1.637	5.00678e-007
-1.636	5.06573e-007
-1.635	5.12019e-007
-1.634	5.16999e-007
-1.633	5.21504e-007
-1.632	5.25522e-007
-1.631	5.29045e-007
-1.63	5.32069e-007
-1.629	5.3459e-007
-1.628	5.3661e-007
-1.627	5.38133e-007
-1.626	5.39168e-007
-1.625	5.3973e-007
-1.624	5.39837e-007
-1.623	5.39514e-007
-1.622	5.3879e-007
-1.621	5.37706e-007
-1.62	5.36307e-007
-1.619	5.34646e-007
-1.618	5.32789e-007
-1.617	5.30807e-007
-1.616	5.28785e-007
-1.615	5.26818e-007
-1.614	5.25011e-007
-1.613	5.23484e-007
-1.612	5.22363e-007
-1.611	5.21788e-007
-1.61	5.21906e-007
-1.609	5.22872e-007
-1.608	5.24845e-007
-1.607	5.27985e-007
-1.606	5.32448e-007
-1.605	5.38386e-007
-1.604	5.45937e-007
-1.603	5.55226e-007
-1.602	5.66358e-007
-1.601	5.79418e-007
-1.6	5.94466e-007
-1.599	6.11541e-007
-1.598	6.30658e-007
-1.597	6.51811e-007
-1.596	6.74973e-007
-1.595	7.00102e-007
-1.594	7.27142e-007
-1.593	7.56024e-007
-1.592	7.86671e-007
-1.591	8.18997e-007
-1.59	8.52914e-007
-1.589	8.8833e-007
-1.588	9.25146e-007
-1.587	9.63268e-007
-1.586	1.00259e-006
-1.585	1.04303e-006
-1.584	1.08447e-006
-1.583	1.12683e-006
-1.582	1.16999e-006
-1.581	1.21386e-006
-1.58	1.25834e-006
-1.579	1.30334e-006
-1.578	1.34875e-006
-1.577	1.39447e-006
-1.576	1.4404e-006
-1.575	1.48645e-006
-1.574	1.53251e-006
-1.573	1.57848e-006
-1.572	1.62427e-006
-1.571	1.66977e-006
-1.57	1.71489e-006
-1.569	1.75952e-006
-1.568	1.80356e-006
-1.567	1.84692e-006
-1.566	1.8895e-006
-1.565	1.9312e-006
-1.564	1.97193e-006
-1.563	2.01158e-006
-1.562	2.05008e-006
-1.561	2.08733e-006
-1.56	2.12324e-006
-1.559	2.15773e-006
-1.558	2.19071e-006
-1.557	2.22212e-006
-1.556	2.25187e-006
-1.555	2.27991e-006
-1.554	2.30617e-006
-1.553	2.3306e-006
-1.552	2.35314e-006
-1.551	2.37377e-006
-1.55	2.39244e-006
-1.549	2.40915e-006
-1.548	2.42388e-006
-1.547	2.43663e-006
-1.546	2.44743e-006
-1.545	2.45631e-006
-1.544	2.46331e-006
-1.543	2.4685e-006
-1.542	2.47197e-006
-1.541	2.47383e-006
-1.54	2.47421e-006
-1.539	2.47326e-006
-1.538	2.47118e-006
-1.537	2.46816e-006
-1.536	2.46446e-006
-1.535	2.46035e-006
-1.534	2.45614e-006
-1.533	2.45217e-006
-1.532	2.44883e-006
-1.531	2.44652e-006
-1.53	2.44568e-006
-1.529	2.44679e-006
-1.528	2.45035e-006
-1.527	2.45688e-006
-1.526	2.46689e-006
-1.525	2.48093e-006
-1.524	2.49952e-006
-1.523	2.52316e-006
-1.522	2.55232e-006
-1.521	2.58746e-006
-1.52	2.62894e-006
-1.519	2.67709e-006
-1.518	2.73218e-006
-1.517	2.79438e-006
-1.516	2.86382e-006
-1.515	2.94053e-006
-1.514	3.02448e-006
-1.513	3.11561e-006
-1.512	3.21375e-006
-1.511	3.31872e-006
-1.51	3.43028e-006
-1.509	3.54816e-006
-1.508	3.67205e-006
-1.507	3.80164e-006
-1.506	3.93658e-006
-1.505	4.07651e-006
-1.504	4.22107e-006
-1.503	4.36989e-006
-1.502	4.52258e-006
-1.501	4.67876e-006
-1.5	4.83805e-006
-1.499	5.00006e-006
-1.498	5.1644e-006
-1.497	5.3307e-006
-1.496	5.49855e-006
-1.495	5.66758e-006
-1.494	5.83741e-006
-1.493	6.00765e-006
-1.492	6.17793e-006
-1.491	6.34785e-006
-1.49	6.51707e-006
-1.489	6.68518e-006
-1.488	6.85184e-006
-1.487	7.01668e-006
-1.486	7.17933e-006
-1.485	7.33944e-006
-1.484	7.49667e-006
-1.483	7.65068e-006
-1.482	7.80112e-006
-1.481	7.94768e-006
-1.48	8.09003e-006
-1.479	8.22789e-006
-1.478	8.36096e-006
-1.477	8.48896e-006
-1.476	8.61165e-006
-1.475	8.72876e-006
-1.474	8.84009e-006
-1.473	8.94544e-006
-1.472	9.04463e-006
-1.471	9.1375e-006
-1.47	9.22394e-006
-1.469	9.30385e-006
-1.468	9.37718e-006
-1.467	9.44391e-006
-1.466	9.50406e-006
-1.465	9.55769e-006
-1.464	9.60492e-006
-1.463	9.6459e-006
-1.462	9.68086e-006
-1.461	9.71007e-006
-1.46	9.73387e-006
-1.459	9.75268e-006
-1.458	9.76696e-006
-1.457	9.77728e-006
-1.456	9.78426e-006
-1.455	9.78864e-006
-1.454	9.79121e-006
-1.453	9.79286e-006
-1.452	9.79457e-006
-1.451	9.79743e-006
-1.45	9.80259e-006
-1.449	9.81129e-006
-1.448	9.82484e-006
-1.447	9.84462e-006
-1.446	9.87208e-006
-1.445	9.90869e-006
-1.444	9.95594e-006
-1.443	1.00153e-005
-1.442	1.00883e-005
-1.441	1.01763e-005
-1.44	1.02807e-005
-1.439	1.04027e-005
-1.438	1.05433e-005
-1.437	1.07036e-005
-1.436	1.08844e-005
-1.435	1.10862e-005
-1.434	1.13095e-005
-1.433	1.15546e-005
-1.432	1.18214e-005
-1.431	1.21099e-005
-1.43	1.24197e-005
-1.429	1.27504e-005
-1.428	1.31014e-005
-1.427	1.34721e-005
-1.426	1.38614e-005
-1.425	1.42686e-005
-1.424	1.46927e-005
-1.423	1.51326e-005
-1.422	1.55871e-005
-1.421	1.60552e-005
-1.42	1.65356e-005
-1.419	1.70272e-005
-1.418	1.75286e-005
-1.417	1.80388e-005
-1.416	1.85564e-005
-1.415	1.90802e-005
-1.414	1.9609e-005
-1.413	2.01415e-005
-1.412	2.06765e-005
-1.411	2.12128e-005
-1.41	2.17492e-005
-1.409	2.22844e-005
-1.408	2.28173e-005
-1.407	2.33468e-005
-1.406	2.38716e-005
-1.405	2.43907e-005
-1.404	2.49029e-005
-1.403	2.54071e-005
-1.402	2.59025e-005
-1.401	2.63878e-005
-1.4	2.68621e-005
-1.399	2.73246e-005
-1.398	2.77742e-005
-1.397	2.82102e-005
-1.396	2.86317e-005
-1.395	2.9038e-005
-1.394	2.94284e-005
-1.393	2.98023e-005
-1.392	3.01591e-005
-1.391	3.04983e-005
-1.39	3.08195e-005
-1.389	3.11225e-005
-1.388	3.14069e-005
-1.387	3.16727e-005
-1.386	3.19199e-005
-1.385	3.21485e-005
-1.384	3.23588e-005
-1.383	3.2551e-005
-1.382	3.27258e-005
-1.381	3.28837e-005
-1.38	3.30256e-005
-1.379	3.31523e-005
-1.378	3.32651e-005
-1.377	3.33651e-005
-1.376	3.34539e-005
-1.375	3.35331e-005
-1.374	3.36047e-005
-1.373	3.36707e-005
-1.372	3.37333e-005
-1.371	3.37951e-005
-1.37	3.38588e-005
-1.369	3.39271e-005
-1.368	3.40031e-005
-1.367	3.40899e-005
-1.366	3.4191e-005
-1.365	3.43099e-005
-1.364	3.44499e-005
-1.363	3.46147e-005
-1.362	3.48079e-005
-1.361	3.5033e-005
-1.36	3.52935e-005
-1.359	3.55927e-005
-1.358	3.59338e-005
-1.357	3.63195e-005
-1.356	3.67526e-005
-1.355	3.72352e-005
-1.354	3.77693e-005
-1.353	3.83564e-005
-1.352	3.89976e-005
-1.351	3.96935e-005
-1.35	4.04445e-005
-1.349	4.12503e-005
-1.348	4.21105e-005
-1.347	4.30239e-005
-1.346	4.39895e-005
-1.345	4.50054e-005
-1.344	4.60699e-005
-1.343	4.71807e-005
-1.342	4.83355e-005
-1.341	4.95315e-005
-1.34	5.0766e-005
-1.339	5.20362e-005
-1.338	5.3339e-005
-1.337	5.46712e-005
-1.336	5.60296e-005
-1.335	5.74111e-005
-1.334	5.88124e-005
-1.333	6.023e-005
-1.332	6.16609e-005
-1.331	6.31015e-005
-1.33	6.45488e-005
-1.329	6.59993e-005
-1.328	6.74499e-005
-1.327	6.88974e-005
-1.326	7.03388e-005
-1.325	7.17708e-005
-1.324	7.31907e-005
-1.323	7.45953e-005
-1.322	7.5982e-005
-1.321	7.73478e-005
-1.32	7.86903e-005
-1.319	8.00068e-005
-1.318	8.1295e-005
-1.317	8.25526e-005
-1.316	8.37774e-005
-1.315	8.49674e-005
-1.314	8.61208e-005
-1.313	8.72358e-005
-1.312	8.83109e-005
-1.311	8.9345e-005
-1.31	9.03367e-005
-1.309	9.12853e-005
-1.308	9.219e-005
-1.307	9.30504e-005
-1.306	9.38663e-005
-1.305	9.46378e-005
-1.304	9.53653e-005
-1.303	9.60494e-005
-1.302	9.66911e-005
-1.301	9.72916e-005
-1.3	9.78527e-005
-1.299	9.83763e-005
-1.298	9.88645e-005
-1.297	9.93204e-005
-1.296	9.97468e-005
-1.295	0.000100147
-1.294	0.000100526
-1.293	0.000100887
-1.292	0.000101234
-1.291	0.000101574
-1.29	0.000101911
-1.289	0.000102251
-1.288	0.0001026
-1.287	0.000102965
-1.286	0.000103353
-1.285	0.00010377
-1.284	0.000104224
-1.283	0.000104722
-1.282	0.000105271
-1.281	0.000105879
-1.28	0.000106553
-1.279	0.000107299
-1.278	0.000108126
-1.277	0.000109039
-1.276	0.000110045
-1.275	0.000111148
-1.274	0.000112355
-1.273	0.000113668
-1.272	0.000115093
-1.271	0.000116632
-1.27	0.000118287
-1.269	0.000120059
-1.268	0.000121949
-1.267	0.000123957
-1.266	0.000126081
-1.265	0.000128319
-1.264	0.00013067
-1.263	0.000133129
-1.262	0.000135693
-1.261	0.000138357
-1.26	0.000141117
-1.259	0.000143967
-1.258	0.000146901
-1.257	0.000149912
-1.256	0.000152995
-1.255	0.000156143
-1.254	0.000159349
-1.253	0.000162605
-1.252	0.000165905
-1.251	0.00016924
-1.25	0.000172605
-1.249	0.000175992
-1.248	0.000179393
-1.247	0.000182801
-1.246	0.000186209
-1.245	0.00018961
-1.244	0.000192998
-1.243	0.000196365
-1.242	0.000199705
-1.241	0.000203012
-1.24	0.000206279
-1.239	0.000209502
-1.238	0.000212674
-1.237	0.000215789
-1.236	0.000218844
-1.235	0.000221833
-1.234	0.000224753
-1.233	0.000227599
-1.232	0.000230367
-1.231	0.000233056
-1.23	0.000235661
-1.229	0.000238181
-1.228	0.000240615
-1.227	0.00024296
-1.226	0.000245217
-1.225	0.000247385
-1.224	0.000249466
-1.223	0.000251458
-1.222	0.000253366
-1.221	0.00025519
-1.22	0.000256933
-1.219	0.0002586
-1.218	0.000260195
-1.217	0.000261722
-1.216	0.000263188
-1.215	0.000264598
-1.214	0.00026596
-1.213	0.000267281
-1.212	0.000268571
-1.211	0.000269837
-1.21	0.00027109
-1.209	0.00027234
-1.208	0.000273599
-1.207	0.000274876
-1.206	0.000276186
-1.205	0.000277539
-1.204	0.000278948
-1.203	0.000280427
-1.202	0.000281987
-1.201	0.000283643
-1.2	0.000285407
-1.199	0.000287292
-1.198	0.000289309
-1.197	0.000291472
-1.196	0.000293791
-1.195	0.000296277
-1.194	0.000298939
-1.193	0.000301788
-1.192	0.00030483
-1.191	0.000308072
-1.19	0.000311521
-1.189	0.000315179
-1.188	0.00031905
-1.187	0.000323137
-1.186	0.000327439
-1.185	0.000331955
-1.184	0.000336683
-1.183	0.00034162
-1.182	0.000346761
-1.181	0.000352099
-1.18	0.000357628
-1.179	0.000363341
-1.178	0.000369227
-1.177	0.000375278
-1.176	0.000381483
-1.175	0.00038783
-1.174	0.000394308
-1.173	0.000400906
-1.172	0.000407609
-1.171	0.000414406
-1.17	0.000421283
-1.169	0.000428227
-1.168	0.000435225
-1.167	0.000442263
-1.166	0.000449329
-1.165	0.000456408
-1.164	0.000463488
-1.163	0.000470556
-1.162	0.000477601
-1.161	0.000484609
-1.16	0.000491569
-1.159	0.00049847
-1.158	0.000505301
-1.157	0.000512052
-1.156	0.000518713
-1.155	0.000525276
-1.154	0.000531731
-1.153	0.000538072
-1.152	0.000544292
-1.151	0.000550385
-1.15	0.000556344
-1.149	0.000562167
-1.148	0.000567849
-1.147	0.000573388
-1.146	0.000578782
-1.145	0.000584031
-1.144	0.000589134
-1.143	0.000594095
-1.142	0.000598914
-1.141	0.000603596
-1.14	0.000608144
-1.139	0.000612566
-1.138	0.000616868
-1.137	0.000621057
-1.136	0.000625144
-1.135	0.000629137
-1.134	0.000633049
-1.133	0.000636892
-1.132	0.000640679
-1.131	0.000644424
-1.13	0.000648144
-1.129	0.000651853
-1.128	0.00065557
-1.127	0.000659311
-1.126	0.000663095
-1.125	0.000666941
-1.124	0.000670868
-1.123	0.000674896
-1.122	0.000679045
-1.121	0.000683334
-1.12	0.000687782
-1.119	0.00069241
-1.118	0.000697236
-1.117	0.000702279
-1.116	0.000707555
-1.115	0.000713082
-1.114	0.000718876
-1.113	0.00072495
-1.112	0.000731318
-1.111	0.000737991
-1.11	0.00074498
-1.109	0.000752292
-1.108	0.000759935
-1.107	0.000767912
-1.106	0.000776228
-1.105	0.000784883
-1.104	0.000793876
-1.103	0.000803205
-1.102	0.000812865
-1.101	0.000822851
-1.1	0.000833153
-1.099	0.000843764
-1.098	0.000854671
-1.097	0.000865863
-1.096	0.000877325
-1.095	0.000889042
-1.094	0.000900998
-1.093	0.000913178
-1.092	0.000925561
-1.091	0.000938131
-1.09	0.000950868
-1.089	0.000963752
-1.088	0.000976763
-1.087	0.000989882
-1.086	0.00100309
-1.085	0.00101636
-1.084	0.00102968
-1.083	0.00104303
-1.082	0.00105638
-1.081	0.00106973
-1.08	0.00108304
-1.079	0.00109631
-1.078	0.00110952
-1.077	0.00112264
-1.076	0.00113567
-1.075	0.00114859
-1.074	0.00116138
-1.073	0.00117404
-1.072	0.00118655
-1.071	0.00119891
-1.07	0.0012111
-1.069	0.00122312
-1.068	0.00123497
-1.067	0.00124663
-1.066	0.0012581
-1.065	0.00126939
-1.064	0.00128049
-1.063	0.00129141
-1.062	0.00130215
-1.061	0.00131271
-1.06	0.0013231
-1.059	0.00133333
-1.058	0.0013434
-1.057	0.00135334
-1.056	0.00136314
-1.055	0.00137284
-1.054	0.00138243
-1.053	0.00139194
-1.052	0.00140139
-1.051	0.0014108
-1.05	0.00142018
-1.049	0.00142956
-1.048	0.00143897
-1.047	0.00144842
-1.046	0.00145794
-1.045	0.00146756
-1.044	0.00147729
-1.043	0.00148718
-1.042	0.00149723
-1.041	0.00150749
-1.04	0.00151797
-1.039	0.0015287
-1.038	0.0015397
-1.037	0.001551
-1.036	0.00156262
-1.035	0.00157458
-1.034	0.0015869
-1.033	0.00159961
-1.032	0.00161271
-1.031	0.00162624
-1.03	0.00164019
-1.029	0.00165458
-1.028	0.00166942
-1.027	0.00168472
-1.026	0.00170049
-1.025	0.00171672
-1.024	0.00173342
-1.023	0.00175059
-1.022	0.00176823
-1.021	0.00178632
-1.02	0.00180487
-1.019	0.00182386
-1.018	0.00184328
-1.017	0.00186312
-1.016	0.00188336
-1.015	0.00190398
-1.014	0.00192498
-1.013	0.00194632
-1.012	0.00196798
-1.011	0.00198995
-1.01	0.00201221
-1.009	0.00203472
-1.008	0.00205746
-1.007	0.00208042
-1.006	0.00210356
-1.005	0.00212686
-1.004	0.00215029
-1.003	0.00217384
-1.002	0.00219747
-1.001	0.00222117
-1	0.0022449
-0.999	0.00226865
-0.998	0.00229239
-0.997	0.00231611
-0.996	0.00233978
-0.995	0.00236339
-0.994	0.00238692
-0.993	0.00241035
-0.992	0.00243368
-0.991	0.00245688
-0.99	0.00247995
-0.989	0.00250287
-0.988	0.00252565
-0.987	0.00254827
-0.986	0.00257074
-0.985	0.00259304
-0.984	0.00261519
-0.983	0.00263718
-0.982	0.00265902
-0.981	0.00268071
-0.98	0.00270226
-0.979	0.00272368
-0.978	0.00274499
-0.977	0.00276619
-0.976	0.00278731
-0.975	0.00280836
-0.974	0.00282935
-0.973	0.00285032
-0.972	0.00287128
-0.971	0.00289225
-0.97	0.00291326
-0.969	0.00293434
-0.968	0.00295551
-0.967	0.0029768
-0.966	0.00299823
-0.965	0.00301984
-0.964	0.00304165
-0.963	0.0030637
-0.962	0.00308601
-0.961	0.00310861
-0.96	0.00313152
-0.959	0.00315479
-0.958	0.00317842
-0.957	0.00320246
-0.956	0.00322692
-0.955	0.00325184
-0.954	0.00327722
-0.953	0.00330309
-0.952	0.00332948
-0.951	0.00335639
-0.95	0.00338385
-0.949	0.00341186
-0.948	0.00344045
-0.947	0.00346961
-0.946	0.00349936
-0.945	0.00352969
-0.944	0.00356062
-0.943	0.00359214
-0.942	0.00362425
-0.941	0.00365694
-0.94	0.00369021
-0.939	0.00372406
-0.938	0.00375846
-0.937	0.00379342
-0.936	0.0038289
-0.935	0.00386491
-0.934	0.00390141
-0.933	0.0039384
-0.932	0.00397584
-0.931	0.00401373
-0.93	0.00405203
-0.929	0.00409073
-0.928	0.0041298
-0.927	0.00416922
-0.926	0.00420895
-0.925	0.00424899
-0.924	0.0042893
-0.923	0.00432986
-0.922	0.00437064
-0.921	0.00441163
-0.92	0.0044528
-0.919	0.00449412
-0.918	0.00453558
-0.917	0.00457715
-0.916	0.00461882
-0.915	0.00466058
-0.914	0.0047024
-0.913	0.00474427
-0.912	0.00478617
-0.911	0.0048281
-0.91	0.00487005
-0.909	0.00491201
-0.908	0.00495398
-0.907	0.00499595
-0.906	0.00503791
-0.905	0.00507988
-0.904	0.00512185
-0.903	0.00516382
-0.902	0.00520582
-0.901	0.00524783
-0.9	0.00528987
-0.899	0.00533196
-0.898	0.0053741
-0.897	0.00541633
-0.896	0.00545864
-0.895	0.00550106
-0.894	0.00554361
-0.893	0.00558631
-0.892	0.0056292
-0.891	0.00567228
-0.89	0.00571558
-0.889	0.00575913
-0.888	0.00580296
-0.887	0.0058471
-0.886	0.00589156
-0.885	0.00593639
-0.884	0.0059816
-0.883	0.00602722
-0.882	0.00607329
-0.881	0.00611982
-0.88	0.00616685
-0.879	0.0062144
-0.878	0.00626249
-0.877	0.00631115
-0.876	0.00636041
-0.875	0.00641027
-0.874	0.00646077
-0.873	0.00651192
-0.872	0.00656373
-0.871	0.00661623
-0.87	0.00666943
-0.869	0.00672333
-0.868	0.00677795
-0.867	0.00683329
-0.866	0.00688936
-0.865	0.00694617
-0.864	0.00700371
-0.863	0.00706199
-0.862	0.00712101
-0.861	0.00718075
-0.86	0.00724122
-0.859	0.00730241
-0.858	0.00736432
-0.857	0.00742692
-0.856	0.00749022
-0.855	0.00755419
-0.854	0.00761882
-0.853	0.0076841
-0.852	0.00775002
-0.851	0.00781655
-0.85	0.00788368
-0.849	0.00795139
-0.848	0.00801967
-0.847	0.00808849
-0.846	0.00815785
-0.845	0.00822771
-0.844	0.00829807
-0.843	0.00836891
-0.842	0.00844021
-0.841	0.00851195
-0.84	0.00858412
-0.839	0.0086567
-0.838	0.00872969
-0.837	0.00880307
-0.836	0.00887682
-0.835	0.00895095
-0.834	0.00902544
-0.833	0.00910028
-0.832	0.00917548
-0.831	0.00925102
-0.83	0.0093269
-0.829	0.00940313
-0.828	0.00947971
-0.827	0.00955663
-0.826	0.00963391
-0.825	0.00971155
-0.824	0.00978955
-0.823	0.00986794
-0.822	0.00994672
-0.821	0.0100259
-0.82	0.0101055
-0.819	0.0101855
-0.818	0.010266
-0.817	0.0103469
-0.816	0.0104283
-0.815	0.0105102
-0.814	0.0105927
-0.813	0.0106757
-0.812	0.0107593
-0.811	0.0108434
-0.81	0.0109282
-0.809	0.0110136
-0.808	0.0110997
-0.807	0.0111865
-0.806	0.0112739
-0.805	0.0113621
-0.804	0.0114511
-0.803	0.0115408
-0.802	0.0116314
-0.801	0.0117227
-0.8	0.011815
-0.799	0.011908
-0.798	0.012002
-0.797	0.0120968
-0.796	0.0121926
-0.795	0.0122893
-0.794	0.0123869
-0.793	0.0124855
-0.792	0.0125851
-0.791	0.0126856
-0.79	0.0127871
-0.789	0.0128896
-0.788	0.0129931
-0.787	0.0130977
-0.786	0.0132032
-0.785	0.0133097
-0.784	0.0134173
-0.783	0.0135258
-0.782	0.0136354
-0.781	0.0137459
-0.78	0.0138575
-0.779	0.01397
-0.778	0.0140836
-0.777	0.0141981
-0.776	0.0143136
-0.775	0.0144301
-0.774	0.0145476
-0.773	0.014666
-0.772	0.0147853
-0.771	0.0149056
-0.77	0.0150268
-0.769	0.015149
-0.768	0.015272
-0.767	0.015396
-0.766	0.0155209
-0.765	0.0156467
-0.764	0.0157734
-0.763	0.0159009
-0.762	0.0160294
-0.761	0.0161587
-0.76	0.0162889
-0.759	0.01642
-0.758	0.016552
-0.757	0.0166849
-0.756	0.0168186
-0.755	0.0169533
-0.754	0.0170888
-0.753	0.0172253
-0.752	0.0173627
-0.751	0.017501
-0.75	0.0176402
-0.749	0.0177804
-0.748	0.0179215
-0.747	0.0180636
-0.746	0.0182067
-0.745	0.0183509
-0.744	0.018496
-0.743	0.0186422
-0.742	0.0187894
-0.741	0.0189378
-0.74	0.0190872
-0.739	0.0192378
-0.738	0.0193895
-0.737	0.0195423
-0.736	0.0196964
-0.735	0.0198517
-0.734	0.0200082
-0.733	0.020166
-0.732	0.020325
-0.731	0.0204854
-0.73	0.0206471
-0.729	0.0208101
-0.728	0.0209745
-0.727	0.0211403
-0.726	0.0213075
-0.725	0.0214762
-0.724	0.0216462
-0.723	0.0218178
-0.722	0.0219908
-0.721	0.0221653
-0.72	0.0223414
-0.719	0.0225189
-0.718	0.022698
-0.717	0.0228787
-0.716	0.0230609
-0.715	0.0232447
-0.714	0.02343
-0.713	0.0236169
-0.712	0.0238055
-0.711	0.0239956
-0.71	0.0241874
-0.709	0.0243807
-0.708	0.0245757
-0.707	0.0247722
-0.706	0.0249704
-0.705	0.0251702
-0.704	0.0253716
-0.703	0.0255747
-0.702	0.0257793
-0.701	0.0259856
-0.7	0.0261935
-0.699	0.026403
-0.698	0.0266142
-0.697	0.0268269
-0.696	0.0270413
-0.695	0.0272573
-0.694	0.027475
-0.693	0.0276942
-0.692	0.0279152
-0.691	0.0281377
-0.69	0.0283619
-0.689	0.0285877
-0.688	0.0288152
-0.687	0.0290443
-0.686	0.0292751
-0.685	0.0295076
-0.684	0.0297418
-0.683	0.0299777
-0.682	0.0302153
-0.681	0.0304546
-0.68	0.0306957
-0.679	0.0309385
-0.678	0.0311832
-0.677	0.0314296
-0.676	0.0316779
-0.675	0.031928
-0.674	0.03218
-0.673	0.0324338
-0.672	0.0326896
-0.671	0.0329474
-0.67	0.0332071
-0.669	0.0334688
-0.668	0.0337325
-0.667	0.0339983
-0.666	0.0342662
-0.665	0.0345362
-0.664	0.0348084
-0.663	0.0350827
-0.662	0.0353593
-0.661	0.035638
-0.66	0.0359191
-0.659	0.0362025
-0.658	0.0364882
-0.657	0.0367762
-0.656	0.0370667
-0.655	0.0373595
-0.654	0.0376549
-0.653	0.0379527
-0.652	0.038253
-0.651	0.0385558
-0.65	0.0388612
-0.649	0.0391692
-0.648	0.0394797
-0.647	0.0397929
-0.646	0.0401088
-0.645	0.0404273
-0.644	0.0407485
-0.643	0.0410725
-0.642	0.0413991
-0.641	0.0417285
-0.64	0.0420606
-0.639	0.0423955
-0.638	0.0427332
-0.637	0.0430737
-0.636	0.043417
-0.635	0.0437631
-0.634	0.044112
-0.633	0.0444638
-0.632	0.0448185
-0.631	0.0451759
-0.63	0.0455363
-0.629	0.0458995
-0.628	0.0462656
-0.627	0.0466346
-0.626	0.0470065
-0.625	0.0473813
-0.624	0.047759
-0.623	0.0481397
-0.622	0.0485232
-0.621	0.0489097
-0.62	0.0492992
-0.619	0.0496917
-0.618	0.0500871
-0.617	0.0504855
-0.616	0.0508869
-0.615	0.0512914
-0.614	0.0516989
-0.613	0.0521094
-0.612	0.0525231
-0.611	0.0529398
-0.61	0.0533596
-0.609	0.0537826
-0.608	0.0542088
-0.607	0.0546381
-0.606	0.0550707
-0.605	0.0555066
-0.604	0.0559457
-0.603	0.0563881
-0.602	0.0568339
-0.601	0.0572831
-0.6	0.0577358
-0.599	0.0581918
-0.598	0.0586514
-0.597	0.0591145
-0.596	0.0595812
-0.595	0.0600516
-0.594	0.0605256
-0.593	0.0610033
-0.592	0.0614848
-0.591	0.0619701
-0.59	0.0624592
-0.589	0.0629522
-0.588	0.0634492
-0.587	0.0639501
-0.586	0.0644551
-0.585	0.0649641
-0.584	0.0654774
-0.583	0.0659947
-0.582	0.0665163
-0.581	0.0670422
-0.58	0.0675723
-0.579	0.0681069
-0.578	0.0686458
-0.577	0.0691892
-0.576	0.069737
-0.575	0.0702894
-0.574	0.0708463
-0.573	0.0714079
-0.572	0.0719742
-0.571	0.0725451
-0.57	0.0731207
-0.569	0.0737011
-0.568	0.0742863
-0.567	0.0748763
-0.566	0.0754712
-0.565	0.076071
-0.564	0.0766757
-0.563	0.0772854
-0.562	0.0779
-0.561	0.0785197
-0.56	0.0791445
-0.559	0.0797743
-0.558	0.0804092
-0.557	0.0810493
-0.556	0.0816945
-0.555	0.082345
-0.554	0.0830005
-0.553	0.0836614
-0.552	0.0843276
-0.551	0.084999
-0.55	0.0856757
-0.549	0.0863578
-0.548	0.0870452
-0.547	0.0877381
-0.546	0.0884364
-0.545	0.0891402
-0.544	0.0898494
-0.543	0.0905642
-0.542	0.0912845
-0.541	0.0920104
-0.54	0.092742
-0.539	0.0934792
-0.538	0.0942221
-0.537	0.0949707
-0.536	0.0957251
-0.535	0.0964854
-0.534	0.0972515
-0.533	0.0980235
-0.532	0.0988015
-0.531	0.0995855
-0.53	0.100376
-0.529	0.101172
-0.528	0.101974
-0.527	0.102782
-0.526	0.103597
-0.525	0.104418
-0.524	0.105246
-0.523	0.10608
-0.522	0.10692
-0.521	0.107767
-0.52	0.108621
-0.519	0.109481
-0.518	0.110348
-0.517	0.111222
-0.516	0.112103
-0.515	0.112991
-0.514	0.113886
-0.513	0.114788
-0.512	0.115697
-0.511	0.116613
-0.51	0.117537
-0.509	0.118468
-0.508	0.119407
-0.507	0.120353
-0.506	0.121307
-0.505	0.122268
-0.504	0.123237
-0.503	0.124214
-0.502	0.125199
-0.501	0.126192
-0.5	0.127193
-0.499	0.128202
-0.498	0.129219
-0.497	0.130245
-0.496	0.131278
-0.495	0.13232
-0.494	0.133371
-0.493	0.13443
-0.492	0.135498
-0.491	0.136574
-0.49	0.137659
-0.489	0.138753
-0.488	0.139855
-0.487	0.140967
-0.486	0.142087
-0.485	0.143217
-0.484	0.144355
-0.483	0.145503
-0.482	0.14666
-0.481	0.147826
-0.48	0.149001
-0.479	0.150186
-0.478	0.151381
-0.477	0.152585
-0.476	0.153798
-0.475	0.155021
-0.474	0.156254
-0.473	0.157496
-0.472	0.158749
-0.471	0.160011
-0.47	0.161284
-0.469	0.162566
-0.468	0.163858
-0.467	0.165161
-0.466	0.166474
-0.465	0.167797
-0.464	0.169131
-0.463	0.170475
-0.462	0.17183
-0.461	0.173195
-0.46	0.174572
-0.459	0.175959
-0.458	0.177356
-0.457	0.178765
-0.456	0.180185
-0.455	0.181616
-0.454	0.183059
-0.453	0.184512
-0.452	0.185978
-0.451	0.187454
-0.45	0.188943
-0.449	0.190443
-0.448	0.191955
-0.447	0.193479
-0.446	0.195015
-0.445	0.196563
-0.444	0.198123
-0.443	0.199696
-0.442	0.201281
-0.441	0.202879
-0.44	0.204489
-0.439	0.206112
-0.438	0.207748
-0.437	0.209398
-0.436	0.21106
-0.435	0.212736
-0.434	0.214424
-0.433	0.216127
-0.432	0.217843
-0.431	0.219573
-0.43	0.221316
-0.429	0.223074
-0.428	0.224845
-0.427	0.226631
-0.426	0.228431
-0.425	0.230246
-0.424	0.232075
-0.423	0.233918
-0.422	0.235777
-0.421	0.23765
-0.42	0.239538
-0.419	0.241442
-0.418	0.24336
-0.417	0.245294
-0.416	0.247244
-0.415	0.249209
-0.414	0.251189
-0.413	0.253186
-0.412	0.255199
-0.411	0.257227
-0.41	0.259272
-0.409	0.261333
-0.408	0.26341
-0.407	0.265504
-0.406	0.267615
-0.405	0.269742
-0.404	0.271887
-0.403	0.274048
-0.402	0.276227
-0.401	0.278423
-0.4	0.280636
-0.399	0.282867
-0.398	0.285116
-0.397	0.287382
-0.396	0.289666
-0.395	0.291969
-0.394	0.294289
-0.393	0.296628
-0.392	0.298986
-0.391	0.301362
-0.39	0.303757
-0.389	0.306171
-0.388	0.308604
-0.387	0.311056
-0.386	0.313528
-0.385	0.316019
-0.384	0.31853
-0.383	0.32106
-0.382	0.323611
-0.381	0.326182
-0.38	0.328773
-0.379	0.331385
-0.378	0.334018
-0.377	0.336671
-0.376	0.339345
-0.375	0.342041
-0.374	0.344758
-0.373	0.347496
-0.372	0.350257
-0.371	0.353039
-0.37	0.355843
-0.369	0.35867
-0.368	0.361519
-0.367	0.364391
-0.366	0.367286
-0.365	0.370203
-0.364	0.373144
-0.363	0.376109
-0.362	0.379097
-0.361	0.382109
-0.36	0.385144
-0.359	0.388205
-0.358	0.391289
-0.357	0.394399
-0.356	0.397533
-0.355	0.400692
-0.354	0.403876
-0.353	0.407086
-0.352	0.410321
-0.351	0.413582
-0.35	0.41687
-0.349	0.420358
-0.348	0.42422
-0.347	0.428444
-0.346	0.433013
-0.345	0.437912
-0.344	0.443125
-0.343	0.448632
-0.342	0.454417
-0.341	0.460461
-0.34	0.466746
-0.339	0.473233
-0.338	0.479881
-0.337	0.486666
-0.336	0.493568
-0.335	0.500563
-0.334	0.507632
-0.333	0.514754
-0.332	0.52191
-0.331	0.529081
-0.33	0.536249
-0.329	0.543396
-0.328	0.550506
-0.327	0.557563
-0.326	0.564553
-0.325	0.571459
-0.324	0.57827
-0.323	0.58497
-0.322	0.591548
-0.321	0.597992
-0.32	0.60429
-0.319	0.610432
-0.318	0.616406
-0.317	0.622204
-0.316	0.627815
-0.315	0.633233
-0.314	0.638446
-0.313	0.643449
-0.312	0.648233
-0.311	0.652792
-0.31	0.657119
-0.309	0.661209
-0.308	0.665055
-0.307	0.668651
-0.306	0.671995
-0.305	0.67508
-0.304	0.677903
-0.303	0.68046
-0.302	0.682748
-0.301	0.684764
-0.3	0.686505
-0.299	0.68797
-0.298	0.689154
-0.297	0.69006
-0.296	0.690683
-0.295	0.691025
-0.294	0.691084
-0.293	0.69086
-0.292	0.690355
-0.291	0.689567
-0.29	0.688499
-0.289	0.687151
-0.288	0.685526
-0.287	0.683625
-0.286	0.681452
-0.285	0.679008
-0.284	0.676297
-0.283	0.673322
-0.282	0.670088
-0.281	0.666599
-0.28	0.662859
-0.279	0.658874
-0.278	0.654649
-0.277	0.65019
-0.276	0.645503
-0.275	0.640596
-0.274	0.635475
-0.273	0.630148
-0.272	0.624624
-0.271	0.61891
-0.27	0.613017
-0.269	0.606953
-0.268	0.600729
-0.267	0.594355
-0.266	0.587843
-0.265	0.581205
-0.264	0.574451
-0.263	0.567598
-0.262	0.560657
-0.261	0.553643
-0.26	0.54657
-0.259	0.53945
-0.258	0.532294
-0.257	0.525121
-0.256	0.51795
-0.255	0.510801
-0.254	0.503696
-0.253	0.496657
-0.252	0.489705
-0.251	0.482866
-0.25	0.476161
-0.249	0.469618
-0.248	0.463261
-0.247	0.457116
-0.246	0.451209
-0.245	0.445567
-0.244	0.440217
-0.243	0.435185
-0.242	0.430496
-0.241	0.426177
-0.24	0.422251
-0.239	0.418741
-0.238	0.415669
-0.237	0.413055
-0.236	0.410914
-0.235	0.409263
-0.234	0.408113
-0.233	0.407474
-0.232	0.40735
-0.231	0.407745
-0.23	0.408658
-0.229	0.410084
-0.228	0.412018
-0.227	0.414448
-0.226	0.417361
-0.225	0.420742
-0.224	0.424573
-0.223	0.428833
-0.222	0.433501
-0.221	0.438554
-0.22	0.443968
-0.219	0.449718
-0.218	0.455778
-0.217	0.462122
-0.216	0.468724
-0.215	0.475559
-0.214	0.482602
-0.213	0.489826
-0.212	0.497209
-0.211	0.504725
-0.21	0.512351
-0.209	0.520066
-0.208	0.527846
-0.207	0.535671
-0.206	0.543522
-0.205	0.551378
-0.204	0.559221
-0.203	0.567033
-0.202	0.574798
-0.201	0.582498
-0.2	0.590118
-0.199	0.597645
-0.198	0.605062
-0.197	0.612357
-0.196	0.619517
-0.195	0.62653
-0.194	0.633385
-0.193	0.64007
-0.192	0.646575
-0.191	0.652889
-0.19	0.659004
-0.189	0.664912
-0.188	0.670603
-0.187	0.676071
-0.186	0.681306
-0.185	0.686304
-0.184	0.691057
-0.183	0.695559
-0.182	0.699806
-0.181	0.703792
-0.18	0.707512
-0.179	0.710981
-0.178	0.714214
-0.177	0.717209
-0.176	0.719961
-0.175	0.722469
-0.174	0.724729
-0.173	0.726741
-0.172	0.728502
-0.171	0.730011
-0.17	0.731268
-0.169	0.732271
-0.168	0.733021
-0.167	0.733516
-0.166	0.733759
-0.165	0.733749
-0.164	0.733489
-0.163	0.732978
-0.162	0.732218
-0.161	0.731213
-0.16	0.729964
-0.159	0.728475
-0.158	0.726747
-0.157	0.724785
-0.156	0.722592
-0.155	0.720173
-0.154	0.717533
-0.153	0.714676
-0.152	0.711606
-0.151	0.708332
-0.15	0.704857
-0.149	0.701189
-0.148	0.697334
-0.147	0.693299
-0.146	0.689092
-0.145	0.684723
-0.144	0.680197
-0.143	0.675525
-0.142	0.670715
-0.141	0.665778
-0.14	0.660724
-0.139	0.655562
-0.138	0.650305
-0.137	0.644963
-0.136	0.639549
-0.135	0.634074
-0.134	0.628553
-0.133	0.622997
-0.132	0.61742
-0.131	0.611838
-0.13	0.606263
-0.129	0.600712
-0.128	0.595199
-0.127	0.589741
-0.126	0.584352
-0.125	0.57905
-0.124	0.573851
-0.123	0.568771
-0.122	0.563829
-0.121	0.559039
-0.12	0.55442
-0.119	0.549989
-0.118	0.54576
-0.117	0.541753
-0.116	0.537982
-0.115	0.534463
-0.114	0.531211
-0.113	0.52824
-0.112	0.525564
-0.111	0.523196
-0.11	0.521146
-0.109	0.519425
-0.108	0.518043
-0.107	0.517006
-0.106	0.516321
-0.105	0.515993
-0.104	0.516025
-0.103	0.516418
-0.102	0.517173
-0.101	0.518288
-0.1	0.519759