-3.037	0
-3.036	0
-3.035	0
-3.034	0
-3.033	0
-3.032	0
-3.031	0
-3.03	0
-3.029	0
-3.028	0
-3.027	0
-3.026	0
-3.025	0
-3.024	0
-3.023	0
-3.022	0
-3.021	0
-3.02	0
-3.019	0
-3.018	0
-3.017	0
-3.016	0
-3.015	0
-3.014	0
-3.013	0
-3.012	0
-3.011	0
-3.01	0
-3.009	0
-3.008	0
-3.007	0
-3.006	0
-3.005	0
-3.004	0
-3.003	0
-3.002	0
-3.001	0
-3	0
-2.999	0
-2.998	0
-2.997	0
-2.996	0
-2.995	0
-2.994	0
-2.993	0
-2.992	0
-2.991	0
-2.99	0
-2.989	0
-2.988	0
-2.987	0
-2.986	0
-2.985	0
-2.984	0
-2.983	0
-2.982	0
-2.981	0
-2.98	0
-2.979	0
-2.978	0
-2.977	0
-2.976	0
-2.975	0
-2.974	0
-2.973	0
-2.972	0
-2.971	0
-2.97	0
-2.969	0
-2.968	0
-2.967	0
-2.966	0
-2.965	0
-2.964	0
-2.963	0
-2.962	0
-2.961	0
-2.96	0
-2.959	0
-2.958	0
-2.957	0
-2.956	0
-2.955	0
-2.954	0
-2.953	0
-2.952	0
-2.951	0
-2.95	0
-2.949	0
-2.948	0
-2.947	0
-2.946	0
-2.945	0
-2.944	0
-2.943	0
-2.942	0
-2.941	0
-2.94	0
-2.939	0
-2.938	0
-2.937	0
-2.936	0
-2.935	0
-2.934	0
-2.933	0
-2.932	0
-2.931	0
-2.93	0
-2.929	0
-2.928	0
-2.927	0
-2.926	0
-2.925	0
-2.924	0
-2.923	0
-2.922	0
-2.921	0
-2.92	0
-2.919	0
-2.918	0
-2.917	0
-2.916	0
-2.915	0
-2.914	0
-2.913	0
-2.912	0
-2.911	0
-2.91	0
-2.909	0
-2.908	0
-2.907	0
-2.906	0
-2.905	0
-2.904	0
-2.903	0
-2.902	0
-2.901	0
-2.9	0
-2.899	0
-2.898	0
-2.897	0
-2.896	0
-2.895	0
-2.894	0
-2.893	0
-2.892	0
-2.891	0
-2.89	0
-2.889	0
-2.888	0
-2.887	0
-2.886	0
-2.885	0
-2.884	0
-2.883	0
-2.882	0
-2.881	0
-2.88	0
-2.879	0
-2.878	0
-2.877	0
-2.876	0
-2.875	0
-2.874	0
-2.873	0
-2.872	0
-2.871	0
-2.87	0
-2.869	0
-2.868	0
-2.867	0
-2.866	0
-2.865	0
-2.864	0
-2.863	0
-2.862	0
-2.861	0
-2.86	0
-2.859	0
-2.858	0
-2.857	0
-2.856	0
-2.855	0
-2.854	0
-2.853	0
-2.852	0
-2.851	0
-2.85	0
-2.849	0
-2.848	0
-2.847	0
-2.846	0
-2.845	0
-2.844	0
-2.843	0
-2.842	0
-2.841	0
-2.84	0
-2.839	0
-2.838	0
-2.837	0
-2.836	0
-2.835	0
-2.834	0
-2.833	0
-2.832	0
-2.831	0
-2.83	0
-2.829	0
-2.828	0
-2.827	0
-2.826	0
-2.825	0
-2.824	0
-2.823	0
-2.822	0
-2.821	0
-2.82	0
-2.819	0
-2.818	0
-2.817	0
-2.816	0
-2.815	0
-2.814	0
-2.813	0
-2.812	0
-2.811	0
-2.81	0
-2.809	0
-2.808	0
-2.807	0
-2.806	0
-2.805	0
-2.804	0
-2.803	0
-2.802	0
-2.801	0
-2.8	0
-2.799	0
-2.798	0
-2.797	0
-2.796	0
-2.795	0
-2.794	0
-2.793	0
-2.792	0
-2.791	0
-2.79	0
-2.789	0
-2.788	0
-2.787	0
-2.786	0
-2.785	0
-2.784	0
-2.783	0
-2.782	0
-2.781	0
-2.78	0
-2.779	0
-2.778	0
-2.777	0
-2.776	0
-2.775	0
-2.774	0
-2.773	0
-2.772	0
-2.771	0
-2.77	0
-2.769	0
-2.768	0
-2.767	0
-2.766	0
-2.765	0
-2.764	0
-2.763	0
-2.762	0
-2.761	0
-2.76	0
-2.759	0
-2.758	0
-2.757	0
-2.756	0
-2.755	0
-2.754	0
-2.753	0
-2.752	0
-2.751	0
-2.75	0
-2.749	0
-2.748	0
-2.747	0
-2.746	0
-2.745	0
-2.744	0
-2.743	0
-2.742	0
-2.741	0
-2.74	0
-2.739	0
-2.738	0
-2.737	0
-2.736	0
-2.735	0
-2.734	0
-2.733	0
-2.732	0
-2.731	0
-2.73	0
-2.729	0
-2.728	0
-2.727	0
-2.726	0
-2.725	0
-2.724	0
-2.723	0
-2.722	0
-2.721	0
-2.72	0
-2.719	0
-2.718	0
-2.717	0
-2.716	0
-2.715	0
-2.714	0
-2.713	0
-2.712	0
-2.711	0
-2.71	0
-2.709	0
-2.708	0
-2.707	0
-2.706	0
-2.705	0
-2.704	0
-2.703	0
-2.702	0
-2.701	0
-2.7	0
-2.699	0
-2.698	0
-2.697	0
-2.696	0
-2.695	0
-2.694	0
-2.693	0
-2.692	0
-2.691	0
-2.69	0
-2.689	0
-2.688	0
-2.687	0
-2.686	0
-2.685	0
-2.684	0
-2.683	0
-2.682	0
-2.681	0
-2.68	0
-2.679	0
-2.678	0
-2.677	0
-2.676	0
-2.675	0
-2.674	0
-2.673	0
-2.672	0
-2.671	0
-2.67	0
-2.669	0
-2.668	0
-2.667	0
-2.666	0
-2.665	0
-2.664	0
-2.663	0
-2.662	0
-2.661	0
-2.66	0
-2.659	0
-2.658	0
-2.657	0
-2.656	0
-2.655	0
-2.654	0
-2.653	0
-2.652	0
-2.651	0
-2.65	0
-2.649	0
-2.648	0
-2.647	0
-2.646	0
-2.645	0
-2.644	0
-2.643	0
-2.642	0
-2.641	0
-2.64	0
-2.639	0
-2.638	0
-2.637	0
-2.636	0
-2.635	0
-2.634	0
-2.633	0
-2.632	0
-2.631	0
-2.63	0
-2.629	0
-2.628	0
-2.627	0
-2.626	0
-2.625	0
-2.624	0
-2.623	0
-2.622	0
-2.621	0
-2.62	0
-2.619	0
-2.618	0
-2.617	0
-2.616	0
-2.615	0
-2.614	0
-2.613	0
-2.612	0
-2.611	0
-2.61	0
-2.609	0
-2.608	0
-2.607	0
-2.606	0
-2.605	0
-2.604	0
-2.603	0
-2.602	0
-2.601	0
-2.6	0
-2.599	0
-2.598	0
-2.597	0
-2.596	0
-2.595	0
-2.594	0
-2.593	0
-2.592	0
-2.591	0
-2.59	0
-2.589	0
-2.588	0
-2.587	0
-2.586	0
-2.585	0
-2.584	0
-2.583	0
-2.582	0
-2.581	8.56806e-039
-2.58	2.53733e-038
-2.579	5.35548e-038
-2.578	9.92673e-038
-2.577	1.74089e-037
-2.576	3.12417e-037
-2.575	5.80929e-037
-2.574	1.09863e-036
-2.573	2.09105e-036
-2.572	3.98077e-036
-2.571	7.56378e-036
-2.57	1.43352e-035
-2.569	2.70932e-035
-2.568	5.10587e-035
-2.567	9.59458e-035
-2.566	1.79773e-034
-2.565	3.35861e-034
-2.564	6.25647e-034
-2.563	1.16206e-033
-2.562	2.15204e-033
-2.561	3.97365e-033
-2.56	7.31544e-033
-2.559	1.34276e-032
-2.558	2.45729e-032
-2.557	4.48343e-032
-2.556	8.15554e-032
-2.555	1.47903e-031
-2.554	2.67411e-031
-2.553	4.82006e-031
-2.552	8.66142e-031
-2.551	1.55162e-030
-2.55	2.77097e-030
-2.549	4.93314e-030
-2.548	8.75496e-030
-2.547	1.54888e-029
-2.546	2.73153e-029
-2.545	4.80189e-029
-2.544	8.41454e-029
-2.543	1.46978e-028
-2.542	2.55902e-028
-2.541	4.44102e-028
-2.54	7.68202e-028
-2.539	1.32447e-027
-2.538	2.27604e-027
-2.537	3.89829e-027
-2.536	6.65461e-027
-2.535	1.13218e-026
-2.534	1.91974e-026
-2.533	3.24413e-026
-2.532	5.46353e-026
-2.531	9.16981e-026
-2.53	1.53373e-025
-2.529	2.55642e-025
-2.528	4.2462e-025
-2.527	7.02821e-025
-2.526	1.15919e-024
-2.525	1.90513e-024
-2.524	3.1199e-024
-2.523	5.0909e-024
-2.522	8.27709e-024
-2.521	1.34085e-023
-2.52	2.16415e-023
-2.519	3.48013e-023
-2.518	5.57557e-023
-2.517	8.89939e-023
-2.516	1.41513e-022
-2.515	2.24175e-022
-2.514	3.53769e-022
-2.513	5.56139e-022
-2.512	8.70896e-022
-2.511	1.35849e-021
-2.51	2.11077e-021
-2.509	3.26668e-021
-2.508	5.03549e-021
-2.507	7.73095e-021
-2.506	1.18213e-020
-2.505	1.80022e-020
-2.504	2.73024e-020
-2.503	4.12359e-020
-2.502	6.20203e-020
-2.501	9.28885e-020
-2.5	1.3853e-019
-2.499	2.05714e-019
-2.498	3.04161e-019
-2.497	4.47764e-019
-2.496	6.56267e-019
-2.495	9.57595e-019
-2.494	1.39102e-018
-2.493	2.01149e-018
-2.492	2.89543e-018
-2.491	4.14861e-018
-2.49	5.91647e-018
-2.489	8.39795e-018
-2.488	1.18635e-017
-2.487	1.66785e-017
-2.486	2.33337e-017
-2.485	3.24838e-017
-2.484	4.49968e-017
-2.483	6.20159e-017
-2.482	8.50358e-017
-2.481	1.15998e-016
-2.48	1.57404e-016
-2.479	2.12458e-016
-2.478	2.85222e-016
-2.477	3.80816e-016
-2.476	5.05628e-016
-2.475	6.67565e-016
-2.474	8.76318e-016
-2.473	1.14365e-015
-2.472	1.48369e-015
-2.471	1.9132e-015
-2.47	2.45186e-015
-2.469	3.12243e-015
-2.468	3.95083e-015
-2.467	4.96615e-015
-2.466	6.20032e-015
-2.465	7.68763e-015
-2.464	9.46387e-015
-2.463	1.1565e-014
-2.462	1.40254e-014
-2.461	1.68754e-014
-2.46	2.01384e-014
-2.459	2.38268e-014
-2.458	2.79376e-014
-2.457	3.2447e-014
-2.456	3.73042e-014
-2.455	4.24246e-014
-2.454	4.76827e-014
-2.453	5.29037e-014
-2.452	5.78567e-014
-2.451	6.22461e-014
-2.45	6.57056e-014
-2.449	6.77918e-014
-2.448	6.79802e-014
-2.447	6.56623e-014
-2.446	6.01462e-014
-2.445	5.06584e-014
-2.444	3.63496e-014
-2.443	1.63023e-014
-2.442	1.0458e-014
-2.441	4.49508e-014
-2.44	8.82251e-014
-2.439	1.41345e-013
-2.438	2.05374e-013
-2.437	2.81359e-013
-2.436	3.70323e-013
-2.435	4.73251e-013
-2.434	5.91086e-013
-2.433	7.24728e-013
-2.432	8.75036e-013
-2.431	1.04284e-012
-2.43	1.22893e-012
-2.429	1.4341e-012
-2.428	1.65914e-012
-2.427	1.90483e-012
-2.426	2.172e-012
-2.425	2.46149e-012
-2.424	2.77415e-012
-2.423	3.11087e-012
-2.422	3.47253e-012
-2.421	3.86002e-012
-2.42	4.27419e-012
-2.419	4.71588e-012
-2.418	5.18583e-012
-2.417	5.68472e-012
-2.416	6.21317e-012
-2.415	6.77168e-012
-2.414	7.36067e-012
-2.413	7.98046e-012
-2.412	8.63131e-012
-2.411	9.31338e-012
-2.41	1.00268e-011
-2.409	1.07717e-011
-2.408	1.15479e-011
-2.407	1.23556e-011
-2.406	1.31947e-011
-2.405	1.40649e-011
-2.404	1.4966e-011
-2.403	1.58979e-011
-2.402	1.68599e-011
-2.401	1.78516e-011
-2.4	1.88723e-011
-2.399	1.99212e-011
-2.398	2.09973e-011
-2.397	2.20994e-011
-2.396	2.32263e-011
-2.395	2.43767e-011
-2.394	2.5549e-011
-2.393	2.67415e-011
-2.392	2.79525e-011
-2.391	2.91802e-011
-2.39	3.04224e-011
-2.389	3.16773e-011
-2.388	3.29425e-011
-2.387	3.42157e-011
-2.386	3.54945e-011
-2.385	3.67764e-011
-2.384	3.80589e-011
-2.383	3.93391e-011
-2.382	4.06143e-011
-2.381	4.18817e-011
-2.38	4.31383e-011
-2.379	4.43811e-011
-2.378	4.56071e-011
-2.377	4.68132e-011
-2.376	4.79963e-011
-2.375	4.91533e-011
-2.374	5.02808e-011
-2.373	5.13757e-011
-2.372	5.24347e-011
-2.371	5.34546e-011
-2.37	5.44322e-011
-2.369	5.53642e-011
-2.368	5.62473e-011
-2.367	5.70785e-011
-2.366	5.78547e-011
-2.365	5.85728e-011
-2.364	5.92297e-011
-2.363	5.98228e-011
-2.362	6.03492e-011
-2.361	6.08062e-011
-2.36	6.11914e-011
-2.359	6.15023e-011
-2.358	6.17367e-011
-2.357	6.18928e-011
-2.356	6.19688e-011
-2.355	6.19629e-011
-2.354	6.18742e-011
-2.353	6.17016e-011
-2.352	6.1445e-011
-2.351	6.11044e-011
-2.35	6.06805e-011
-2.349	6.01747e-011
-2.348	5.95897e-011
-2.347	5.89287e-011
-2.346	5.81967e-011
-2.345	5.74e-011
-2.344	5.65471e-011
-2.343	5.56485e-011
-2.342	5.47178e-011
-2.341	5.37714e-011
-2.34	5.28299e-011
-2.339	5.1918e-011
-2.338	5.10652e-011
-2.337	5.03063e-011
-2.336	4.9681e-011
-2.335	4.92342e-011
-2.334	4.90144e-011
-2.333	4.90724e-011
-2.332	4.94586e-011
-2.331	5.02205e-011
-2.33	5.13995e-011
-2.329	5.30284e-011
-2.328	5.51296e-011
-2.327	5.77153e-011
-2.326	6.0788e-011
-2.325	6.43421e-011
-2.324	6.83667e-011
-2.323	7.28467e-011
-2.322	7.7765e-011
-2.321	8.31042e-011
-2.32	8.8847e-011
-2.319	9.49767e-011
-2.318	1.01478e-010
-2.317	1.08336e-010
-2.316	1.15539e-010
-2.315	1.23073e-010
-2.314	1.30928e-010
-2.313	1.39094e-010
-2.312	1.4756e-010
-2.311	1.56316e-010
-2.31	1.65354e-010
-2.309	1.74663e-010
-2.308	1.84233e-010
-2.307	1.94056e-010
-2.306	2.0412e-010
-2.305	2.14415e-010
-2.304	2.24929e-010
-2.303	2.3565e-010
-2.302	2.46567e-010
-2.301	2.57665e-010
-2.3	2.68932e-010
-2.299	2.80352e-010
-2.298	2.9191e-010
-2.297	3.03591e-010
-2.296	3.15377e-010
-2.295	3.2725e-010
-2.294	3.39192e-010
-2.293	3.51183e-010
-2.292	3.63203e-010
-2.291	3.7523e-010
-2.29	3.87241e-010
-2.289	3.99212e-010
-2.288	4.1112e-010
-2.287	4.22938e-010
-2.286	4.34641e-010
-2.285	4.46201e-010
-2.284	4.5759e-010
-2.283	4.6878e-010
-2.282	4.79741e-010
-2.281	4.90443e-010
-2.28	5.00856e-010
-2.279	5.10947e-010
-2.278	5.20686e-010
-2.277	5.30041e-010
-2.276	5.38979e-010
-2.275	5.47467e-010
-2.274	5.55475e-010
-2.273	5.62968e-010
-2.272	5.69915e-010
-2.271	5.76286e-010
-2.27	5.82049e-010
-2.269	5.87173e-010
-2.268	5.91631e-010
-2.267	5.95392e-010
-2.266	5.98433e-010
-2.265	6.00727e-010
-2.264	6.02253e-010
-2.263	6.02992e-010
-2.262	6.02927e-010
-2.261	6.02048e-010
-2.26	6.00345e-010
-2.259	5.97821e-010
-2.258	5.94479e-010
-2.257	5.90333e-010
-2.256	5.85406e-010
-2.255	5.79732e-010
-2.254	5.73359e-010
-2.253	5.66351e-010
-2.252	5.58788e-010
-2.251	5.50771e-010
-2.25	5.4243e-010
-2.249	5.33918e-010
-2.248	5.25425e-010
-2.247	5.17175e-010
-2.246	5.09433e-010
-2.245	5.02506e-010
-2.244	4.96742e-010
-2.243	4.92528e-010
-2.242	4.90282e-010
-2.241	4.9044e-010
-2.24	4.93435e-010
-2.239	4.99677e-010
-2.238	5.0953e-010
-2.237	5.23286e-010
-2.236	5.41158e-010
-2.235	5.6327e-010
-2.234	5.8966e-010
-2.233	6.20296e-010
-2.232	6.55088e-010
-2.231	6.93907e-010
-2.23	7.36599e-010
-2.229	7.82995e-010
-2.228	8.32927e-010
-2.227	8.86228e-010
-2.226	9.42739e-010
-2.225	1.00231e-009
-2.224	1.0648e-009
-2.223	1.13007e-009
-2.222	1.19799e-009
-2.221	1.26846e-009
-2.22	1.34135e-009
-2.219	1.41655e-009
-2.218	1.49395e-009
-2.217	1.57346e-009
-2.216	1.65496e-009
-2.215	1.73834e-009
-2.214	1.82351e-009
-2.213	1.91034e-009
-2.212	1.99874e-009
-2.211	2.08859e-009
-2.21	2.17977e-009
-2.209	2.27216e-009
-2.208	2.36564e-009
-2.207	2.46007e-009
-2.206	2.55534e-009
-2.205	2.6513e-009
-2.204	2.74782e-009
-2.203	2.84474e-009
-2.202	2.94191e-009
-2.201	3.03918e-009
-2.2	3.1364e-009
-2.199	3.23338e-009
-2.198	3.32997e-009
-2.197	3.42598e-009
-2.196	3.52124e-009
-2.195	3.61555e-009
-2.194	3.70873e-009
-2.193	3.80058e-009
-2.192	3.89091e-009
-2.191	3.9795e-009
-2.19	4.06616e-009
-2.189	4.15067e-009
-2.188	4.23282e-009
-2.187	4.3124e-009
-2.186	4.38918e-009
-2.185	4.46294e-009
-2.184	4.53348e-009
-2.183	4.60056e-009
-2.182	4.66398e-009
-2.181	4.7235e-009
-2.18	4.77892e-009
-2.179	4.83003e-009
-2.178	4.87662e-009
-2.177	4.91851e-009
-2.176	4.95549e-009
-2.175	4.9874e-009
-2.174	5.01408e-009
-2.173	5.03536e-009
-2.172	5.05113e-009
-2.171	5.06128e-009
-2.17	5.06572e-009
-2.169	5.0644e-009
-2.168	5.05731e-009
-2.167	5.04448e-009
-2.166	5.02597e-009
-2.165	5.00191e-009
-2.164	4.97249e-009
-2.163	4.93798e-009
-2.162	4.89872e-009
-2.161	4.85515e-009
-2.16	4.80784e-009
-2.159	4.75747e-009
-2.158	4.70486e-009
-2.157	4.651e-009
-2.156	4.59707e-009
-2.155	4.54443e-009
-2.154	4.49468e-009
-2.153	4.44962e-009
-2.152	4.41127e-009
-2.151	4.38188e-009
-2.15	4.36387e-009
-2.149	4.35978e-009
-2.148	4.37224e-009
-2.147	4.40383e-009
-2.146	4.45698e-009
-2.145	4.53391e-009
-2.144	4.63646e-009
-2.143	4.7661e-009
-2.142	4.92382e-009
-2.141	5.11015e-009
-2.14	5.3252e-009
-2.139	5.56872e-009
-2.138	5.84014e-009
-2.137	6.1387e-009
-2.136	6.46345e-009
-2.135	6.81336e-009
-2.134	7.18734e-009
-2.133	7.5843e-009
-2.132	8.00314e-009
-2.131	8.44279e-009
-2.13	8.90222e-009
-2.129	9.38039e-009
-2.128	9.87634e-009
-2.127	1.03891e-008
-2.126	1.09178e-008
-2.125	1.14614e-008
-2.124	1.20191e-008
-2.123	1.259e-008
-2.122	1.31732e-008
-2.121	1.37678e-008
-2.12	1.43729e-008
-2.119	1.49876e-008
-2.118	1.5611e-008
-2.117	1.62422e-008
-2.116	1.68802e-008
-2.115	1.7524e-008
-2.114	1.81727e-008
-2.113	1.88253e-008
-2.112	1.94806e-008
-2.111	2.01378e-008
-2.11	2.07956e-008
-2.109	2.1453e-008
-2.108	2.21089e-008
-2.107	2.27621e-008
-2.106	2.34114e-008
-2.105	2.40556e-008
-2.104	2.46935e-008
-2.103	2.53239e-008
-2.102	2.59455e-008
-2.101	2.6557e-008
-2.1	2.71571e-008
-2.099	2.77446e-008
-2.098	2.8318e-008
-2.097	2.88761e-008
-2.096	2.94175e-008
-2.095	2.99409e-008
-2.094	3.0445e-008
-2.093	3.09285e-008
-2.092	3.13899e-008
-2.091	3.18281e-008
-2.09	3.22417e-008
-2.089	3.26295e-008
-2.088	3.29903e-008
-2.087	3.33229e-008
-2.086	3.36262e-008
-2.085	3.38992e-008
-2.084	3.41408e-008
-2.083	3.43503e-008
-2.082	3.45266e-008
-2.081	3.46694e-008
-2.08	3.47779e-008
-2.079	3.48517e-008
-2.078	3.48908e-008
-2.077	3.48949e-008
-2.076	3.48644e-008
-2.075	3.47998e-008
-2.074	3.47018e-008
-2.073	3.45714e-008
-2.072	3.44103e-008
-2.071	3.42203e-008
-2.07	3.40038e-008
-2.069	3.37638e-008
-2.068	3.3504e-008
-2.067	3.32285e-008
-2.066	3.29424e-008
-2.065	3.26516e-008
-2.064	3.2363e-008
-2.063	3.20843e-008
-2.062	3.18243e-008
-2.061	3.15929e-008
-2.06	3.14009e-008
-2.059	3.12602e-008
-2.058	3.11833e-008
-2.057	3.11834e-008
-2.056	3.12739e-008
-2.055	3.14682e-008
-2.054	3.17791e-008
-2.053	3.22184e-008
-2.052	3.27966e-008
-2.051	3.35222e-008
-2.05	3.4402e-008
-2.049	3.54406e-008
-2.048	3.66402e-008
-2.047	3.80014e-008
-2.046	3.95227e-008
-2.045	4.12012e-008
-2.044	4.30331e-008
-2.043	4.50134e-008
-2.042	4.71365e-008
-2.041	4.93966e-008
-2.04	5.17872e-008
-2.039	5.43024e-008
-2.038	5.69355e-008
-2.037	5.96804e-008
-2.036	6.25308e-008
-2.035	6.54806e-008
-2.034	6.85238e-008
-2.033	7.16545e-008
-2.032	7.48668e-008
-2.031	7.81549e-008
-2.03	8.1513e-008
-2.029	8.49353e-008
-2.028	8.84162e-008
-2.027	9.19498e-008
-2.026	9.55304e-008
-2.025	9.91522e-008
-2.024	1.02809e-007
-2.023	1.06496e-007
-2.022	1.10206e-007
-2.021	1.13933e-007
-2.02	1.17671e-007
-2.019	1.21414e-007
-2.018	1.25155e-007
-2.017	1.28889e-007
-2.016	1.32608e-007
-2.015	1.36306e-007
-2.014	1.39976e-007
-2.013	1.43611e-007
-2.012	1.47205e-007
-2.011	1.50751e-007
-2.01	1.54242e-007
-2.009	1.5767e-007
-2.008	1.61029e-007
-2.007	1.64311e-007
-2.006	1.6751e-007
-2.005	1.70619e-007
-2.004	1.7363e-007
-2.003	1.76537e-007
-2.002	1.79333e-007
-2.001	1.8201e-007
-2	1.84563e-007
-1.999	1.86985e-007
-1.998	1.8927e-007
-1.997	1.91411e-007
-1.996	1.93403e-007
-1.995	1.95241e-007
-1.994	1.9692e-007
-1.993	1.98433e-007
-1.992	1.99779e-007
-1.991	2.00953e-007
-1.99	2.01951e-007
-1.989	2.02772e-007
-1.988	2.03415e-007
-1.987	2.03878e-007
-1.986	2.04162e-007
-1.985	2.04268e-007
-1.984	2.042e-007
-1.983	2.0396e-007
-1.982	2.03556e-007
-1.981	2.02995e-007
-1.98	2.02285e-007
-1.979	2.01439e-007
-1.978	2.00469e-007
-1.977	1.99394e-007
-1.976	1.98232e-007
-1.975	1.97006e-007
-1.974	1.95742e-007
-1.973	1.94469e-007
-1.972	1.93222e-007
-1.971	1.92037e-007
-1.97	1.90956e-007
-1.969	1.90026e-007
-1.968	1.89295e-007
-1.967	1.88816e-007
-1.966	1.88645e-007
-1.965	1.88839e-007
-1.964	1.89458e-007
-1.963	1.90558e-007
-1.962	1.92197e-007
-1.961	1.94425e-007
-1.96	1.97291e-007
-1.959	2.00835e-007
-1.958	2.0509e-007
-1.957	2.10082e-007
-1.956	2.15826e-007
-1.955	2.22331e-007
-1.954	2.29597e-007
-1.953	2.37617e-007
-1.952	2.46377e-007
-1.951	2.55859e-007
-1.95	2.66041e-007
-1.949	2.76897e-007
-1.948	2.88398e-007
-1.947	3.00517e-007
-1.946	3.1322e-007
-1.945	3.26478e-007
-1.944	3.40258e-007
-1.943	3.5453e-007
-1.942	3.69261e-007
-1.941	3.84419e-007
-1.94	3.99974e-007
-1.939	4.15895e-007
-1.938	4.3215e-007
-1.937	4.48709e-007
-1.936	4.65542e-007
-1.935	4.82619e-007
-1.934	4.99907e-007
-1.933	5.17377e-007
-1.932	5.34999e-007
-1.931	5.52742e-007
-1.93	5.70575e-007
-1.929	5.88468e-007
-1.928	6.06389e-007
-1.927	6.24307e-007
-1.926	6.4219e-007
-1.925	6.60008e-007
-1.924	6.77728e-007
-1.923	6.95318e-007
-1.922	7.12747e-007
-1.921	7.29983e-007
-1.92	7.46993e-007
-1.919	7.63746e-007
-1.918	7.80208e-007
-1.917	7.96349e-007
-1.916	8.12135e-007
-1.915	8.27537e-007
-1.914	8.42522e-007
-1.913	8.5706e-007
-1.912	8.7112e-007
-1.911	8.84672e-007
-1.91	8.97687e-007
-1.909	9.10137e-007
-1.908	9.21995e-007
-1.907	9.33233e-007
-1.906	9.43827e-007
-1.905	9.53754e-007
-1.904	9.62991e-007
-1.903	9.71519e-007
-1.902	9.79318e-007
-1.901	9.86375e-007
-1.9	9.92675e-007
-1.899	9.98207e-007
-1.898	1.00296e-006
-1.897	1.00694e-006
-1.896	1.01014e-006
-1.895	1.01257e-006
-1.894	1.01423e-006
-1.893	1.01514e-006
-1.892	1.01531e-006
-1.891	1.01478e-006
-1.89	1.01358e-006
-1.889	1.01175e-006
-1.888	1.00933e-006
-1.887	1.00638e-006
-1.886	1.00298e-006
-1.885	9.99194e-007
-1.884	9.95116e-007
-1.883	9.90846e-007
-1.882	9.86496e-007
-1.881	9.82195e-007
-1.88	9.7808e-007
-1.879	9.74307e-007
-1.878	9.71041e-007
-1.877	9.6846e-007
-1.876	9.66758e-007
-1.875	9.66134e-007
-1.874	9.66796e-007
-1.873	9.68956e-007
-1.872	9.72829e-007
-1.871	9.78626e-007
-1.87	9.86549e-007
-1.869	9.96788e-007
-1.868	1.00952e-006
-1.867	1.02489e-006
-1.866	1.04303e-006
-1.865	1.06404e-006
-1.864	1.088e-006
-1.863	1.11495e-006
-1.862	1.14489e-006
-1.861	1.17783e-006
-1.86	1.21373e-006
-1.859	1.25253e-006
-1.858	1.29416e-006
-1.857	1.33852e-006
-1.856	1.38552e-006
-1.855	1.43504e-006
-1.854	1.48696e-006
-1.853	1.54116e-006
-1.852	1.59751e-006
-1.851	1.65586e-006
-1.85	1.7161e-006
-1.849	1.77809e-006
-1.848	1.84168e-006
-1.847	1.90675e-006
-1.846	1.97316e-006
-1.845	2.04078e-006
-1.844	2.10947e-006
-1.843	2.1791e-006
-1.842	2.24953e-006
-1.841	2.32064e-006
-1.84	2.39229e-006
-1.839	2.46435e-006
-1.838	2.53669e-006
-1.837	2.60917e-006
-1.836	2.68166e-006
-1.835	2.75404e-006
-1.834	2.82618e-006
-1.833	2.89793e-006
-1.832	2.96918e-006
-1.831	3.0398e-006
-1.83	3.10965e-006
-1.829	3.17861e-006
-1.828	3.24655e-006
-1.827	3.31335e-006
-1.826	3.37888e-006
-1.825	3.44302e-006
-1.824	3.50565e-006
-1.823	3.56665e-006
-1.822	3.62589e-006
-1.821	3.68329e-006
-1.82	3.73871e-006
-1.819	3.79205e-006
-1.818	3.84322e-006
-1.817	3.89211e-006
-1.816	3.93863e-006
-1.815	3.9827e-006
-1.814	4.02423e-006
-1.813	4.06316e-006
-1.812	4.0994e-006
-1.811	4.13291e-006
-1.81	4.16364e-006
-1.809	4.19155e-006
-1.808	4.21661e-006
-1.807	4.23882e-006
-1.806	4.25815e-006
-1.805	4.27463e-006
-1.804	4.28829e-006
-1.803	4.29916e-006
-1.802	4.30732e-006
-1.801	4.31285e-006
-1.8	4.31584e-006
-1.799	4.31643e-006
-1.798	4.31476e-006
-1.797	4.31103e-006
-1.796	4.30543e-006
-1.795	4.29821e-006
-1.794	4.28963e-006
-1.793	4.28e-006
-1.792	4.26965e-006
-1.791	4.25897e-006
-1.79	4.24837e-006
-1.789	4.2383e-006
-1.788	4.22926e-006
-1.787	4.22176e-006
-1.786	4.21637e-006
-1.785	4.21368e-006
-1.784	4.21431e-006
-1.783	4.21891e-006
-1.782	4.22812e-006
-1.781	4.24261e-006
-1.78	4.26302e-006
-1.779	4.29e-006
-1.778	4.32416e-006
-1.777	4.36607e-006
-1.776	4.41625e-006
-1.775	4.47517e-006
-1.774	4.54321e-006
-1.773	4.6207e-006
-1.772	4.70786e-006
-1.771	4.80487e-006
-1.77	4.91178e-006
-1.769	5.02858e-006
-1.768	5.15521e-006
-1.767	5.29151e-006
-1.766	5.43727e-006
-1.765	5.59222e-006
-1.764	5.75605e-006
-1.763	5.92841e-006
-1.762	6.10892e-006
-1.761	6.29716e-006
-1.76	6.49269e-006
-1.759	6.69507e-006
-1.758	6.90384e-006
-1.757	7.11853e-006
-1.756	7.33866e-006
-1.755	7.56375e-006
-1.754	7.79332e-006
-1.753	8.02689e-006
-1.752	8.26397e-006
-1.751	8.50408e-006
-1.75	8.74675e-006
-1.749	8.9915e-006
-1.748	9.23784e-006
-1.747	9.48531e-006
-1.746	9.73343e-006
-1.745	9.98174e-006
-1.744	1.02298e-005
-1.743	1.04771e-005
-1.742	1.07232e-005
-1.741	1.09677e-005
-1.74	1.12101e-005
-1.739	1.145e-005
-1.738	1.16869e-005
-1.737	1.19205e-005
-1.736	1.21502e-005
-1.735	1.23758e-005
-1.734	1.25967e-005
-1.733	1.28126e-005
-1.732	1.30232e-005
-1.731	1.32279e-005
-1.73	1.34266e-005
-1.729	1.36188e-005
-1.728	1.38042e-005
-1.727	1.39824e-005
-1.726	1.41533e-005
-1.725	1.43165e-005
-1.724	1.44718e-005
-1.723	1.46189e-005
-1.722	1.47576e-005
-1.721	1.48878e-005
-1.72	1.50094e-005
-1.719	1.51221e-005
-1.718	1.52259e-005
-1.717	1.53208e-005
-1.716	1.54067e-005
-1.715	1.54838e-005
-1.714	1.5552e-005
-1.713	1.56115e-005
-1.712	1.56625e-005
-1.711	1.57053e-005
-1.71	1.574e-005
-1.709	1.57672e-005
-1.708	1.57872e-005
-1.707	1.58004e-005
-1.706	1.58076e-005
-1.705	1.58093e-005
-1.704	1.58062e-005
-1.703	1.57992e-005
-1.702	1.57892e-005
-1.701	1.57772e-005
-1.7	1.57643e-005
-1.699	1.57515e-005
-1.698	1.57403e-005
-1.697	1.57319e-005
-1.696	1.57279e-005
-1.695	1.57296e-005
-1.694	1.57387e-005
-1.693	1.57568e-005
-1.692	1.57857e-005
-1.691	1.5827e-005
-1.69	1.58824e-005
-1.689	1.59537e-005
-1.688	1.60425e-005
-1.687	1.61504e-005
-1.686	1.6279e-005
-1.685	1.64298e-005
-1.684	1.66039e-005
-1.683	1.68025e-005
-1.682	1.70266e-005
-1.681	1.7277e-005
-1.68	1.75543e-005
-1.679	1.78588e-005
-1.678	1.81907e-005
-1.677	1.85502e-005
-1.676	1.89369e-005
-1.675	1.93504e-005
-1.674	1.97903e-005
-1.673	2.02559e-005
-1.672	2.07464e-005
-1.671	2.12608e-005
-1.67	2.1798e-005
-1.669	2.23571e-005
-1.668	2.29366e-005
-1.667	2.35354e-005
-1.666	2.41522e-005
-1.665	2.47857e-005
-1.664	2.54344e-005
-1.663	2.60969e-005
-1.662	2.67718e-005
-1.661	2.74578e-005
-1.66	2.81533e-005
-1.659	2.88569e-005
-1.658	2.95673e-005
-1.657	3.02829e-005
-1.656	3.10024e-005
-1.655	3.17244e-005
-1.654	3.24474e-005
-1.653	3.31702e-005
-1.652	3.38913e-005
-1.651	3.46093e-005
-1.65	3.53231e-005
-1.649	3.60312e-005
-1.648	3.67324e-005
-1.647	3.74255e-005
-1.646	3.81092e-005
-1.645	3.87824e-005
-1.644	3.94438e-005
-1.643	4.00923e-005
-1.642	4.0727e-005
-1.641	4.13466e-005
-1.64	4.19502e-005
-1.639	4.25368e-005
-1.638	4.31055e-005
-1.637	4.36555e-005
-1.636	4.4186e-005
-1.635	4.46961e-005
-1.634	4.51852e-005
-1.633	4.56527e-005
-1.632	4.60981e-005
-1.631	4.65208e-005
-1.63	4.69206e-005
-1.629	4.7297e-005
-1.628	4.76499e-005
-1.627	4.79792e-005
-1.626	4.82848e-005
-1.625	4.85669e-005
-1.624	4.88257e-005
-1.623	4.90615e-005
-1.622	4.92748e-005
-1.621	4.94663e-005
-1.62	4.96365e-005
-1.619	4.97866e-005
-1.618	4.99174e-005
-1.617	5.00303e-005
-1.616	5.01266e-005
-1.615	5.02079e-005
-1.614	5.02759e-005
-1.613	5.03325e-005
-1.612	5.03798e-005
-1.611	5.04203e-005
-1.61	5.04563e-005
-1.609	5.04905e-005
-1.608	5.05259e-005
-1.607	5.05653e-005
-1.606	5.06121e-005
-1.605	5.06696e-005
-1.604	5.07413e-005
-1.603	5.08309e-005
-1.602	5.0942e-005
-1.601	5.10786e-005
-1.6	5.12443e-005
-1.599	5.1443e-005
-1.598	5.16784e-005
-1.597	5.19544e-005
-1.596	5.22744e-005
-1.595	5.26418e-005
-1.594	5.30599e-005
-1.593	5.35315e-005
-1.592	5.40593e-005
-1.591	5.46456e-005
-1.59	5.52922e-005
-1.589	5.60007e-005
-1.588	5.67723e-005
-1.587	5.76077e-005
-1.586	5.85072e-005
-1.585	5.94708e-005
-1.584	6.04979e-005
-1.583	6.15877e-005
-1.582	6.2739e-005
-1.581	6.39501e-005
-1.58	6.52194e-005
-1.579	6.65445e-005
-1.578	6.79231e-005
-1.577	6.93526e-005
-1.576	7.08303e-005
-1.575	7.2353e-005
-1.574	7.39177e-005
-1.573	7.55212e-005
-1.572	7.71602e-005
-1.571	7.88312e-005
-1.57	8.05309e-005
-1.569	8.22557e-005
-1.568	8.40021e-005
-1.567	8.57666e-005
-1.566	8.75457e-005
-1.565	8.93358e-005
-1.564	9.11336e-005
-1.563	9.29355e-005
-1.562	9.47382e-005
-1.561	9.65381e-005
-1.56	9.83321e-005
-1.559	0.000100117
-1.558	0.000101889
-1.557	0.000103646
-1.556	0.000105384
-1.555	0.000107101
-1.554	0.000108793
-1.553	0.000110458
-1.552	0.000112094
-1.551	0.000113696
-1.55	0.000115264
-1.549	0.000116795
-1.548	0.000118286
-1.547	0.000119736
-1.546	0.000121142
-1.545	0.000122503
-1.544	0.000123817
-1.543	0.000125083
-1.542	0.0001263
-1.541	0.000127466
-1.54	0.00012858
-1.539	0.000129643
-1.538	0.000130653
-1.537	0.00013161
-1.536	0.000132514
-1.535	0.000133366
-1.534	0.000134166
-1.533	0.000134915
-1.532	0.000135613
-1.531	0.000136263
-1.53	0.000136866
-1.529	0.000137423
-1.528	0.000137937
-1.527	0.000138411
-1.526	0.000138848
-1.525	0.00013925
-1.524	0.000139622
-1.523	0.000139968
-1.522	0.000140291
-1.521	0.000140596
-1.52	0.000140889
-1.519	0.000141175
-1.518	0.000141459
-1.517	0.000141747
-1.516	0.000142046
-1.515	0.000142362
-1.514	0.000142701
-1.513	0.000143072
-1.512	0.00014348
-1.511	0.000143934
-1.51	0.000144439
-1.509	0.000145005
-1.508	0.000145637
-1.507	0.000146343
-1.506	0.000147129
-1.505	0.000148004
-1.504	0.000148971
-1.503	0.000150039
-1.502	0.000151212
-1.501	0.000152495
-1.5	0.000153892
-1.499	0.000155408
-1.498	0.000157045
-1.497	0.000158805
-1.496	0.000160691
-1.495	0.000162704
-1.494	0.000164843
-1.493	0.000167108
-1.492	0.000169498
-1.491	0.000172011
-1.49	0.000174645
-1.489	0.000177397
-1.488	0.000180262
-1.487	0.000183236
-1.486	0.000186315
-1.485	0.000189494
-1.484	0.000192767
-1.483	0.000196128
-1.482	0.000199571
-1.481	0.00020309
-1.48	0.000206677
-1.479	0.000210326
-1.478	0.000214031
-1.477	0.000217783
-1.476	0.000221576
-1.475	0.000225403
-1.474	0.000229256
-1.473	0.000233129
-1.472	0.000237013
-1.471	0.000240904
-1.47	0.000244792
-1.469	0.000248672
-1.468	0.000252536
-1.467	0.000256378
-1.466	0.000260193
-1.465	0.000263972
-1.464	0.000267711
-1.463	0.000271404
-1.462	0.000275045
-1.461	0.000278628
-1.46	0.000282149
-1.459	0.000285602
-1.458	0.000288984
-1.457	0.00029229
-1.456	0.000295515
-1.455	0.000298657
-1.454	0.000301712
-1.453	0.000304677
-1.452	0.00030755
-1.451	0.000310328
-1.45	0.00031301
-1.449	0.000315595
-1.448	0.000318081
-1.447	0.000320468
-1.446	0.000322756
-1.445	0.000324946
-1.444	0.000327039
-1.443	0.000329036
-1.442	0.000330939
-1.441	0.00033275
-1.44	0.000334474
-1.439	0.000336113
-1.438	0.000337671
-1.437	0.000339154
-1.436	0.000340566
-1.435	0.000341915
-1.434	0.000343205
-1.433	0.000344444
-1.432	0.00034564
-1.431	0.000346801
-1.43	0.000347936
-1.429	0.000349053
-1.428	0.000350162
-1.427	0.000351274
-1.426	0.000352398
-1.425	0.000353547
-1.424	0.00035473
-1.423	0.00035596
-1.422	0.000357247
-1.421	0.000358605
-1.42	0.000360045
-1.419	0.000361578
-1.418	0.000363216
-1.417	0.000364972
-1.416	0.000366856
-1.415	0.000368879
-1.414	0.000371051
-1.413	0.000373384
-1.412	0.000375885
-1.411	0.000378564
-1.41	0.000381429
-1.409	0.000384485
-1.408	0.00038774
-1.407	0.000391197
-1.406	0.000394862
-1.405	0.000398737
-1.404	0.000402824
-1.403	0.000407124
-1.402	0.000411636
-1.401	0.000416358
-1.4	0.000421289
-1.399	0.000426424
-1.398	0.00043176
-1.397	0.00043729
-1.396	0.000443009
-1.395	0.000448909
-1.394	0.000454982
-1.393	0.000461219
-1.392	0.000467611
-1.391	0.000474149
-1.39	0.000480822
-1.389	0.000487619
-1.388	0.000494528
-1.387	0.00050154
-1.386	0.00050864
-1.385	0.000515819
-1.384	0.000523063
-1.383	0.000530361
-1.382	0.0005377
-1.381	0.000545069
-1.38	0.000552455
-1.379	0.000559847
-1.378	0.000567232
-1.377	0.000574601
-1.376	0.000581939
-1.375	0.000589239
-1.374	0.000596489
-1.373	0.000603677
-1.372	0.000610795
-1.371	0.000617833
-1.37	0.000624782
-1.369	0.000631633
-1.368	0.000638379
-1.367	0.000645012
-1.366	0.000651525
-1.365	0.000657912
-1.364	0.000664166
-1.363	0.000670284
-1.362	0.00067626
-1.361	0.000682091
-1.36	0.000687773
-1.359	0.000693305
-1.358	0.000698684
-1.357	0.000703911
-1.356	0.000708984
-1.355	0.000713904
-1.354	0.000718673
-1.353	0.000723294
-1.352	0.000727769
-1.351	0.000732103
-1.35	0.0007363
-1.349	0.000740366
-1.348	0.000744307
-1.347	0.000748132
-1.346	0.000751847
-1.345	0.000755463
-1.344	0.000758988
-1.343	0.000762435
-1.342	0.000765813
-1.341	0.000769135
-1.34	0.000772414
-1.339	0.000775663
-1.338	0.000778898
-1.337	0.000782131
-1.336	0.000785378
-1.335	0.000788657
-1.334	0.00079198
-1.333	0.000795367
-1.332	0.000798832
-1.331	0.000802392
-1.33	0.000806064
-1.329	0.000809867
-1.328	0.000813814
-1.327	0.000817923
-1.326	0.000822209
-1.325	0.000826687
-1.324	0.000831374
-1.323	0.000836282
-1.322	0.000841425
-1.321	0.000846815
-1.32	0.000852464
-1.319	0.000858381
-1.318	0.000864577
-1.317	0.000871059
-1.316	0.000877834
-1.315	0.000884907
-1.314	0.000892282
-1.313	0.000899962
-1.312	0.000907948
-1.311	0.00091624
-1.31	0.000924836
-1.309	0.000933733
-1.308	0.000942928
-1.307	0.000952414
-1.306	0.000962185
-1.305	0.000972231
-1.304	0.000982544
-1.303	0.000993114
-1.302	0.00100393
-1.301	0.00101498
-1.3	0.00102625
-1.299	0.00103772
-1.298	0.00104939
-1.297	0.00106123
-1.296	0.00107323
-1.295	0.00108538
-1.294	0.00109765
-1.293	0.00111004
-1.292	0.00112252
-1.291	0.00113508
-1.29	0.0011477
-1.289	0.00116036
-1.288	0.00117305
-1.287	0.00118575
-1.286	0.00119845
-1.285	0.00121113
-1.284	0.00122377
-1.283	0.00123636
-1.282	0.00124888
-1.281	0.00126132
-1.28	0.00127367
-1.279	0.00128591
-1.278	0.00129804
-1.277	0.00131004
-1.276	0.0013219
-1.275	0.00133361
-1.274	0.00134516
-1.273	0.00135655
-1.272	0.00136777
-1.271	0.00137881
-1.27	0.00138967
-1.269	0.00140034
-1.268	0.00141083
-1.267	0.00142112
-1.266	0.00143123
-1.265	0.00144114
-1.264	0.00145087
-1.263	0.00146041
-1.262	0.00146977
-1.261	0.00147896
-1.26	0.00148797
-1.259	0.00149682
-1.258	0.00150552
-1.257	0.00151407
-1.256	0.00152249
-1.255	0.00153079
-1.254	0.00153897
-1.253	0.00154706
-1.252	0.00155506
-1.251	0.001563
-1.25	0.00157088
-1.249	0.00157873
-1.248	0.00158657
-1.247	0.0015944
-1.246	0.00160225
-1.245	0.00161014
-1.244	0.0016181
-1.243	0.00162612
-1.242	0.00163425
-1.241	0.0016425
-1.24	0.00165088
-1.239	0.00165942
-1.238	0.00166814
-1.237	0.00167706
-1.236	0.0016862
-1.235	0.00169557
-1.234	0.00170519
-1.233	0.00171508
-1.232	0.00172526
-1.231	0.00173574
-1.23	0.00174654
-1.229	0.00175766
-1.228	0.00176912
-1.227	0.00178094
-1.226	0.00179312
-1.225	0.00180566
-1.224	0.00181858
-1.223	0.00183187
-1.222	0.00184555
-1.221	0.00185961
-1.22	0.00187406
-1.219	0.00188889
-1.218	0.0019041
-1.217	0.00191968
-1.216	0.00193564
-1.215	0.00195195
-1.214	0.00196862
-1.213	0.00198564
-1.212	0.00200299
-1.211	0.00202065
-1.21	0.00203863
-1.209	0.0020569
-1.208	0.00207544
-1.207	0.00209425
-1.206	0.0021133
-1.205	0.00213257
-1.204	0.00215206
-1.203	0.00217174
-1.202	0.00219159
-1.201	0.00221159
-1.2	0.00223172
-1.199	0.00225197
-1.198	0.00227232
-1.197	0.00229274
-1.196	0.00231322
-1.195	0.00233373
-1.194	0.00235426
-1.193	0.0023748
-1.192	0.00239532
-1.191	0.00241581
-1.19	0.00243625
-1.189	0.00245663
-1.188	0.00247693
-1.187	0.00249714
-1.186	0.00251725
-1.185	0.00253724
-1.184	0.0025571
-1.183	0.00257683
-1.182	0.00259641
-1.181	0.00261584
-1.18	0.00263511
-1.179	0.00265422
-1.178	0.00267316
-1.177	0.00269193
-1.176	0.00271053
-1.175	0.00272895
-1.174	0.00274721
-1.173	0.00276529
-1.172	0.00278321
-1.171	0.00280097
-1.17	0.00281858
-1.169	0.00283604
-1.168	0.00285336
-1.167	0.00287056
-1.166	0.00288763
-1.165	0.0029046
-1.164	0.00292148
-1.163	0.00293828
-1.162	0.00295501
-1.161	0.0029717
-1.16	0.00298835
-1.159	0.00300499
-1.158	0.00302163
-1.157	0.0030383
-1.156	0.00305501
-1.155	0.00307178
-1.154	0.00308863
-1.153	0.00310558
-1.152	0.00312265
-1.151	0.00313987
-1.15	0.00315726
-1.149	0.00317482
-1.148	0.00319259
-1.147	0.00321059
-1.146	0.00322883
-1.145	0.00324733
-1.144	0.00326612
-1.143	0.0032852
-1.142	0.0033046
-1.141	0.00332433
-1.14	0.00334441
-1.139	0.00336485
-1.138	0.00338567
-1.137	0.00340687
-1.136	0.00342847
-1.135	0.00345048
-1.134	0.0034729
-1.133	0.00349575
-1.132	0.00351902
-1.131	0.00354272
-1.13	0.00356686
-1.129	0.00359143
-1.128	0.00361644
-1.127	0.00364188
-1.126	0.00366775
-1.125	0.00369404
-1.124	0.00372076
-1.123	0.00374789
-1.122	0.00377542
-1.121	0.00380335
-1.12	0.00383166
-1.119	0.00386035
-1.118	0.0038894
-1.117	0.0039188
-1.116	0.00394853
-1.115	0.00397858
-1.114	0.00400893
-1.113	0.00403957
-1.112	0.00407048
-1.111	0.00410165
-1.11	0.00413305
-1.109	0.00416467
-1.108	0.0041965
-1.107	0.00422851
-1.106	0.00426068
-1.105	0.004293
-1.104	0.00432546
-1.103	0.00435802
-1.102	0.00439069
-1.101	0.00442344
-1.1	0.00445626
-1.099	0.00448913
-1.098	0.00452204
-1.097	0.00455497
-1.096	0.00458791
-1.095	0.00462085
-1.094	0.00465378
-1.093	0.00468669
-1.092	0.00471957
-1.091	0.00475241
-1.09	0.00478521
-1.089	0.00481795
-1.088	0.00485063
-1.087	0.00488326
-1.086	0.00491582
-1.085	0.00494832
-1.084	0.00498076
-1.083	0.00501313
-1.082	0.00504544
-1.081	0.00507769
-1.08	0.00510988
-1.079	0.00514203
-1.078	0.00517414
-1.077	0.00520621
-1.076	0.00523825
-1.075	0.00527028
-1.074	0.0053023
-1.073	0.00533433
-1.072	0.00536638
-1.071	0.00539846
-1.07	0.00543058
-1.069	0.00546276
-1.068	0.00549501
-1.067	0.00552736
-1.066	0.00555981
-1.065	0.00559239
-1.064	0.0056251
-1.063	0.00565798
-1.062	0.00569103
-1.061	0.00572427
-1.06	0.00575772
-1.059	0.00579141
-1.058	0.00582533
-1.057	0.00585952
-1.056	0.005894
-1.055	0.00592876
-1.054	0.00596385
-1.053	0.00599927
-1.052	0.00603503
-1.051	0.00607114
-1.05	0.00610764
-1.049	0.00614452
-1.048	0.0061818
-1.047	0.0062195
-1.046	0.00625762
-1.045	0.00629617
-1.044	0.00633517
-1.043	0.00637463
-1.042	0.00641454
-1.041	0.00645491
-1.04	0.00649576
-1.039	0.00653708
-1.038	0.00657888
-1.037	0.00662116
-1.036	0.00666392
-1.035	0.00670716
-1.034	0.00675087
-1.033	0.00679507
-1.032	0.00683974
-1.031	0.00688489
-1.03	0.0069305
-1.029	0.00697656
-1.028	0.00702309
-1.027	0.00707006
-1.026	0.00711747
-1.025	0.00716531
-1.024	0.00721356
-1.023	0.00726223
-1.022	0.0073113
-1.021	0.00736077
-1.02	0.00741061
-1.019	0.00746082
-1.018	0.00751138
-1.017	0.00756229
-1.016	0.00761353
-1.015	0.00766509
-1.014	0.00771695
-1.013	0.00776912
-1.012	0.00782157
-1.011	0.00787429
-1.01	0.00792727
-1.009	0.00798051
-1.008	0.00803398
-1.007	0.00808768
-1.006	0.0081416
-1.005	0.00819573
-1.004	0.00825007
-1.003	0.0083046
-1.002	0.00835932
-1.001	0.00841421
-1	0.00846928
-0.999	0.00852452
-0.998	0.00857991
-0.997	0.00863547
-0.996	0.00869118
-0.995	0.00874705
-0.994	0.00880306
-0.993	0.00885923
-0.992	0.00891556
-0.991	0.00897203
-0.99	0.00902866
-0.989	0.00908544
-0.988	0.00914239
-0.987	0.00919949
-0.986	0.00925677
-0.985	0.00931422
-0.984	0.00937185
-0.983	0.00942967
-0.982	0.00948769
-0.981	0.0095459
-0.98	0.00960433
-0.979	0.00966298
-0.978	0.00972186
-0.977	0.00978099
-0.976	0.00984037
-0.975	0.00990002
-0.974	0.00995994
-0.973	0.0100201
-0.972	0.0100807
-0.971	0.0101415
-0.97	0.0102026
-0.969	0.0102641
-0.968	0.010326
-0.967	0.0103882
-0.966	0.0104507
-0.965	0.0105137
-0.964	0.0105771
-0.963	0.0106409
-0.962	0.0107051
-0.961	0.0107698
-0.96	0.0108349
-0.959	0.0109005
-0.958	0.0109665
-0.957	0.0110331
-0.956	0.0111001
-0.955	0.0111677
-0.954	0.0112358
-0.953	0.0113044
-0.952	0.0113735
-0.951	0.0114432
-0.95	0.0115134
-0.949	0.0115842
-0.948	0.0116556
-0.947	0.0117275
-0.946	0.0118
-0.945	0.0118731
-0.944	0.0119468
-0.943	0.0120211
-0.942	0.0120959
-0.941	0.0121714
-0.94	0.0122474
-0.939	0.0123241
-0.938	0.0124013
-0.937	0.0124792
-0.936	0.0125576
-0.935	0.0126366
-0.934	0.0127163
-0.933	0.0127965
-0.932	0.0128774
-0.931	0.0129588
-0.93	0.0130408
-0.929	0.0131234
-0.928	0.0132066
-0.927	0.0132903
-0.926	0.0133747
-0.925	0.0134596
-0.924	0.013545
-0.923	0.0136311
-0.922	0.0137177
-0.921	0.0138048
-0.92	0.0138925
-0.919	0.0139807
-0.918	0.0140695
-0.917	0.0141588
-0.916	0.0142486
-0.915	0.014339
-0.914	0.0144298
-0.913	0.0145213
-0.912	0.0146132
-0.911	0.0147056
-0.91	0.0147985
-0.909	0.0148919
-0.908	0.0149859
-0.907	0.0150803
-0.906	0.0151752
-0.905	0.0152707
-0.904	0.0153666
-0.903	0.015463
-0.902	0.0155599
-0.901	0.0156573
-0.9	0.0157551
-0.899	0.0158535
-0.898	0.0159524
-0.897	0.0160517
-0.896	0.0161516
-0.895	0.0162519
-0.894	0.0163528
-0.893	0.0164541
-0.892	0.016556
-0.891	0.0166584
-0.89	0.0167612
-0.889	0.0168646
-0.888	0.0169686
-0.887	0.017073
-0.886	0.017178
-0.885	0.0172836
-0.884	0.0173897
-0.883	0.0174964
-0.882	0.0176036
-0.881	0.0177114
-0.88	0.0178198
-0.879	0.0179287
-0.878	0.0180383
-0.877	0.0181485
-0.876	0.0182592
-0.875	0.0183706
-0.874	0.0184827
-0.873	0.0185954
-0.872	0.0187087
-0.871	0.0188227
-0.87	0.0189374
-0.869	0.0190528
-0.868	0.0191688
-0.867	0.0192856
-0.866	0.0194031
-0.865	0.0195213
-0.864	0.0196402
-0.863	0.0197598
-0.862	0.0198803
-0.861	0.0200015
-0.86	0.0201234
-0.859	0.0202462
-0.858	0.0203697
-0.857	0.0204941
-0.856	0.0206192
-0.855	0.0207452
-0.854	0.020872
-0.853	0.0209997
-0.852	0.0211282
-0.851	0.0212575
-0.85	0.0213877
-0.849	0.0215188
-0.848	0.0216508
-0.847	0.0217836
-0.846	0.0219174
-0.845	0.022052
-0.844	0.0221875
-0.843	0.022324
-0.842	0.0224614
-0.841	0.0225997
-0.84	0.0227389
-0.839	0.0228791
-0.838	0.0230202
-0.837	0.0231622
-0.836	0.0233052
-0.835	0.0234491
-0.834	0.023594
-0.833	0.0237399
-0.832	0.0238867
-0.831	0.0240345
-0.83	0.0241833
-0.829	0.024333
-0.828	0.0244837
-0.827	0.0246354
-0.826	0.0247881
-0.825	0.0249417
-0.824	0.0250963
-0.823	0.0252519
-0.822	0.0254085
-0.821	0.0255661
-0.82	0.0257247
-0.819	0.0258842
-0.818	0.0260447
-0.817	0.0262063
-0.816	0.0263688
-0.815	0.0265323
-0.814	0.0266969
-0.813	0.0268624
-0.812	0.0270289
-0.811	0.0271964
-0.81	0.0273649
-0.809	0.0275345
-0.808	0.027705
-0.807	0.0278766
-0.806	0.0280491
-0.805	0.0282227
-0.804	0.0283972
-0.803	0.0285728
-0.802	0.0287494
-0.801	0.0289271
-0.8	0.0291057
-0.799	0.0292854
-0.798	0.0294662
-0.797	0.0296479
-0.796	0.0298307
-0.795	0.0300146
-0.794	0.0301995
-0.793	0.0303854
-0.792	0.0305724
-0.791	0.0307605
-0.79	0.0309497
-0.789	0.03114
-0.788	0.0313313
-0.787	0.0315237
-0.786	0.0317172
-0.785	0.0319119
-0.784	0.0321076
-0.783	0.0323045
-0.782	0.0325025
-0.781	0.0327017
-0.78	0.032902
-0.779	0.0331035
-0.778	0.0333061
-0.777	0.03351
-0.776	0.033715
-0.775	0.0339213
-0.774	0.0341288
-0.773	0.0343374
-0.772	0.0345474
-0.771	0.0347585
-0.77	0.034971
-0.769	0.0351847
-0.768	0.0353997
-0.767	0.0356161
-0.766	0.0358337
-0.765	0.0360526
-0.764	0.0362729
-0.763	0.0364946
-0.762	0.0367176
-0.761	0.036942
-0.76	0.0371677
-0.759	0.0373949
-0.758	0.0376235
-0.757	0.0378536
-0.756	0.038085
-0.755	0.0383179
-0.754	0.0385524
-0.753	0.0387883
-0.752	0.0390256
-0.751	0.0392645
-0.75	0.0395049
-0.749	0.0397469
-0.748	0.0399903
-0.747	0.0402354
-0.746	0.040482
-0.745	0.0407302
-0.744	0.0409799
-0.743	0.0412313
-0.742	0.0414843
-0.741	0.0417389
-0.74	0.0419951
-0.739	0.042253
-0.738	0.0425126
-0.737	0.0427738
-0.736	0.0430366
-0.735	0.0433012
-0.734	0.0435674
-0.733	0.0438354
-0.732	0.044105
-0.731	0.0443764
-0.73	0.0446495
-0.729	0.0449243
-0.728	0.0452009
-0.727	0.0454792
-0.726	0.0457593
-0.725	0.0460411
-0.724	0.0463248
-0.723	0.0466102
-0.722	0.0468973
-0.721	0.0471863
-0.72	0.0474771
-0.719	0.0477696
-0.718	0.048064
-0.717	0.0483602
-0.716	0.0486583
-0.715	0.0489582
-0.714	0.0492599
-0.713	0.0495635
-0.712	0.0498689
-0.711	0.0501762
-0.71	0.0504853
-0.709	0.0507964
-0.708	0.0511093
-0.707	0.0514241
-0.706	0.0517408
-0.705	0.0520594
-0.704	0.05238
-0.703	0.0527024
-0.702	0.0530268
-0.701	0.0533532
-0.7	0.0536815
-0.699	0.0540118
-0.698	0.054344
-0.697	0.0546782
-0.696	0.0550144
-0.695	0.0553527
-0.694	0.0556929
-0.693	0.0560352
-0.692	0.0563795
-0.691	0.0567259
-0.69	0.0570743
-0.689	0.0574248
-0.688	0.0577773
-0.687	0.058132
-0.686	0.0584888
-0.685	0.0588478
-0.684	0.0592089
-0.683	0.0595721
-0.682	0.0599375
-0.681	0.0603051
-0.68	0.0606749
-0.679	0.0610469
-0.678	0.0614212
-0.677	0.0617977
-0.676	0.0621765
-0.675	0.0625575
-0.674	0.0629409
-0.673	0.0633266
-0.672	0.0637147
-0.671	0.064105
-0.67	0.0644978
-0.669	0.064893
-0.668	0.0652905
-0.667	0.0656906
-0.666	0.066093
-0.665	0.066498
-0.664	0.0669054
-0.663	0.0673153
-0.662	0.0677277
-0.661	0.0681427
-0.66	0.0685603
-0.659	0.0689804
-0.658	0.0694032
-0.657	0.0698285
-0.656	0.0702565
-0.655	0.0706872
-0.654	0.0711205
-0.653	0.0715566
-0.652	0.0719953
-0.651	0.0724368
-0.65	0.0728811
-0.649	0.0733281
-0.648	0.073778
-0.647	0.0742306
-0.646	0.0746861
-0.645	0.0751444
-0.644	0.0756056
-0.643	0.0760697
-0.642	0.0765367
-0.641	0.0770066
-0.64	0.0774794
-0.639	0.0779553
-0.638	0.078434
-0.637	0.0789158
-0.636	0.0794006
-0.635	0.0798885
-0.634	0.0803793
-0.633	0.0808733
-0.632	0.0813703
-0.631	0.0818705
-0.63	0.0823737
-0.629	0.0828801
-0.628	0.0833896
-0.627	0.0839024
-0.626	0.0844182
-0.625	0.0849373
-0.624	0.0854596
-0.623	0.0859852
-0.622	0.0865139
-0.621	0.087046
-0.62	0.0875814
-0.619	0.0881201
-0.618	0.0886621
-0.617	0.0892074
-0.616	0.089756
-0.615	0.0903081
-0.614	0.0908635
-0.613	0.0914224
-0.612	0.0919847
-0.611	0.0925504
-0.61	0.0931196
-0.609	0.0936923
-0.608	0.0942685
-0.607	0.0948483
-0.606	0.0954315
-0.605	0.0960183
-0.604	0.0966087
-0.603	0.0972027
-0.602	0.0978003
-0.601	0.0984015
-0.6	0.0990065
-0.599	0.099615
-0.598	0.100227
-0.597	0.100843
-0.596	0.101463
-0.595	0.102087
-0.594	0.102714
-0.593	0.103345
-0.592	0.10398
-0.591	0.104619
-0.59	0.105262
-0.589	0.105908
-0.588	0.106559
-0.587	0.107214
-0.586	0.107872
-0.585	0.108535
-0.584	0.109201
-0.583	0.109872
-0.582	0.110546
-0.581	0.111225
-0.58	0.111908
-0.579	0.112595
-0.578	0.113287
-0.577	0.113982
-0.576	0.114682
-0.575	0.115386
-0.574	0.116094
-0.573	0.116807
-0.572	0.117524
-0.571	0.118245
-0.57	0.118971
-0.569	0.119701
-0.568	0.120436
-0.567	0.121175
-0.566	0.121919
-0.565	0.122667
-0.564	0.12342
-0.563	0.124178
-0.562	0.12494
-0.561	0.125707
-0.56	0.126479
-0.559	0.127255
-0.558	0.128036
-0.557	0.128822
-0.556	0.129613
-0.555	0.130409
-0.554	0.131209
-0.553	0.132015
-0.552	0.132825
-0.551	0.133641
-0.55	0.134461
-0.549	0.135287
-0.548	0.136118
-0.547	0.136954
-0.546	0.137795
-0.545	0.138641
-0.544	0.139493
-0.543	0.140349
-0.542	0.141211
-0.541	0.142079
-0.54	0.142951
-0.539	0.14383
-0.538	0.144713
-0.537	0.145602
-0.536	0.146497
-0.535	0.147397
-0.534	0.148303
-0.533	0.149214
-0.532	0.150131
-0.531	0.151054
-0.53	0.151982
-0.529	0.152916
-0.528	0.153856
-0.527	0.154801
-0.526	0.155753
-0.525	0.15671
-0.524	0.157674
-0.523	0.158643
-0.522	0.159618
-0.521	0.160599
-0.52	0.161587
-0.519	0.16258
-0.518	0.163579
-0.517	0.164585
-0.516	0.165597
-0.515	0.166615
-0.514	0.167639
-0.513	0.16867
-0.512	0.169707
-0.511	0.17075
-0.51	0.1718
-0.509	0.172856
-0.508	0.173919
-0.507	0.174988
-0.506	0.176064
-0.505	0.177146
-0.504	0.178235
-0.503	0.179331
-0.502	0.180434
-0.501	0.181543
-0.5	0.182659
-0.499	0.183782
-0.498	0.184911
-0.497	0.186048
-0.496	0.187192
-0.495	0.188342
-0.494	0.1895
-0.493	0.190665
-0.492	0.191836
-0.491	0.193016
-0.49	0.194202
-0.489	0.195395
-0.488	0.196596
-0.487	0.197804
-0.486	0.19902
-0.485	0.200243
-0.484	0.201473
-0.483	0.202711
-0.482	0.203957
-0.481	0.20521
-0.48	0.206471
-0.479	0.20774
-0.478	0.209016
-0.477	0.2103
-0.476	0.211592
-0.475	0.212892
-0.474	0.2142
-0.473	0.215516
-0.472	0.21684
-0.471	0.218173
-0.47	0.219513
-0.469	0.220861
-0.468	0.222218
-0.467	0.223583
-0.466	0.224957
-0.465	0.226339
-0.464	0.227729
-0.463	0.229128
-0.462	0.230536
-0.461	0.231952
-0.46	0.233377
-0.459	0.23481
-0.458	0.236253
-0.457	0.237704
-0.456	0.239164
-0.455	0.240634
-0.454	0.242112
-0.453	0.243599
-0.452	0.245096
-0.451	0.246601
-0.45	0.248117
-0.449	0.249641
-0.448	0.251175
-0.447	0.252718
-0.446	0.25427
-0.445	0.255833
-0.444	0.257405
-0.443	0.258986
-0.442	0.260578
-0.441	0.262179
-0.44	0.26379
-0.439	0.265411
-0.438	0.267042
-0.437	0.268683
-0.436	0.270334
-0.435	0.271995
-0.434	0.273667
-0.433	0.275349
-0.432	0.277041
-0.431	0.278744
-0.43	0.280457
-0.429	0.282181
-0.428	0.283915
-0.427	0.28566
-0.426	0.287416
-0.425	0.289183
-0.424	0.290961
-0.423	0.292749
-0.422	0.294549
-0.421	0.296359
-0.42	0.298181
-0.419	0.300014
-0.418	0.301859
-0.417	0.303714
-0.416	0.305582
-0.415	0.30746
-0.414	0.30935
-0.413	0.311252
-0.412	0.313166
-0.411	0.315091
-0.41	0.317028
-0.409	0.318977
-0.408	0.320938
-0.407	0.322911
-0.406	0.324896
-0.405	0.326894
-0.404	0.328903
-0.403	0.330925
-0.402	0.332959
-0.401	0.335006
-0.4	0.337066
-0.399	0.339138
-0.398	0.341222
-0.397	0.34332
-0.396	0.34543
-0.395	0.347554
-0.394	0.34969
-0.393	0.35184
-0.392	0.354002
-0.391	0.356178
-0.39	0.358367
-0.389	0.36057
-0.388	0.362786
-0.387	0.365016
-0.386	0.367259
-0.385	0.369517
-0.384	0.371788
-0.383	0.374073
-0.382	0.376372
-0.381	0.378685
-0.38	0.381012
-0.379	0.383354
-0.378	0.38571
-0.377	0.38808
-0.376	0.390465
-0.375	0.392865
-0.374	0.395279
-0.373	0.397708
-0.372	0.400152
-0.371	0.402612
-0.37	0.405086
-0.369	0.407575
-0.368	0.41008
-0.367	0.4126
-0.366	0.415136
-0.365	0.417687
-0.364	0.420254
-0.363	0.422836
-0.362	0.425435
-0.361	0.428049
-0.36	0.43068
-0.359	0.433326
-0.358	0.435989
-0.357	0.438668
-0.356	0.441364
-0.355	0.444077
-0.354	0.446806
-0.353	0.449552
-0.352	0.452315
-0.351	0.455094
-0.35	0.457891
-0.349	0.460864
-0.348	0.464176
-0.347	0.467813
-0.346	0.471767
-0.345	0.476022
-0.344	0.480568
-0.343	0.485391
-0.342	0.490477
-0.341	0.49581
-0.34	0.501377
-0.339	0.507143
-0.338	0.513071
-0.337	0.519144
-0.336	0.525345
-0.335	0.531658
-0.334	0.538065
-0.333	0.544552
-0.332	0.551103
-0.331	0.557703
-0.33	0.564337
-0.329	0.57099
-0.328	0.577651
-0.327	0.584303
-0.326	0.590937
-0.325	0.597538
-0.324	0.604095
-0.323	0.610596
-0.322	0.617032
-0.321	0.62339
-0.32	0.629662
-0.319	0.635837
-0.318	0.641905
-0.317	0.647858
-0.316	0.653688
-0.315	0.659386
-0.314	0.664944
-0.313	0.670356
-0.312	0.675612
-0.311	0.680709
-0.31	0.685638
-0.309	0.690393
-0.308	0.694968
-0.307	0.69936
-0.306	0.703561
-0.305	0.707568
-0.304	0.711373
-0.303	0.714977
-0.302	0.718371
-0.301	0.721555
-0.3	0.724522
-0.299	0.727271
-0.298	0.729799
-0.297	0.732104
-0.296	0.734181
-0.295	0.736029
-0.294	0.737647
-0.293	0.739032
-0.292	0.740184
-0.291	0.7411
-0.29	0.741781
-0.289	0.742224
-0.288	0.742431
-0.287	0.742399
-0.286	0.742132
-0.285	0.741626
-0.284	0.740885
-0.283	0.739906
-0.282	0.738694
-0.281	0.737249
-0.28	0.735571
-0.279	0.733663
-0.278	0.731527
-0.277	0.729165
-0.276	0.726579
-0.275	0.723774
-0.274	0.72075
-0.273	0.717513
-0.272	0.714064
-0.271	0.71041
-0.27	0.706552
-0.269	0.702497
-0.268	0.698247
-0.267	0.69381
-0.266	0.689188
-0.265	0.684391
-0.264	0.67942
-0.263	0.674285
-0.262	0.668989
-0.261	0.663543
-0.26	0.657951
-0.259	0.652218
-0.258	0.646347
-0.257	0.640346
-0.256	0.634226
-0.255	0.627997
-0.254	0.621669
-0.253	0.615252
-0.252	0.608759
-0.251	0.6022
-0.25	0.595589
-0.249	0.588938
-0.248	0.58226
-0.247	0.57557
-0.246	0.568882
-0.245	0.56221
-0.244	0.555569
-0.243	0.548976
-0.242	0.542448
-0.241	0.536001
-0.24	0.529652
-0.239	0.523419
-0.238	0.51732
-0.237	0.511373
-0.236	0.505599
-0.235	0.500014
-0.234	0.494639
-0.233	0.489493
-0.232	0.484593
-0.231	0.47996
-0.23	0.475612
-0.229	0.471566
-0.228	0.467841
-0.227	0.464451
-0.226	0.461414
-0.225	0.458742
-0.224	0.45645
-0.223	0.454549
-0.222	0.453048
-0.221	0.451956
-0.22	0.451279
-0.219	0.451022
-0.218	0.451186
-0.217	0.451772
-0.216	0.452779
-0.215	0.454203
-0.214	0.456036
-0.213	0.458274
-0.212	0.460904
-0.211	0.463919
-0.21	0.467304
-0.209	0.471044
-0.208	0.475127
-0.207	0.479535
-0.206	0.484253
-0.205	0.489261
-0.204	0.494544
-0.203	0.500081
-0.202	0.505855
-0.201	0.511847
-0.2	0.518038
-0.199	0.52441
-0.198	0.530944
-0.197	0.537623
-0.196	0.544427
-0.195	0.551341
-0.194	0.558347
-0.193	0.565427
-0.192	0.572567
-0.191	0.57975
-0.19	0.586961
-0.189	0.594186
-0.188	0.60141
-0.187	0.60862
-0.186	0.615801
-0.185	0.622943
-0.184	0.630032
-0.183	0.637057
-0.182	0.644006
-0.181	0.65087
-0.18	0.657636
-0.179	0.664309
-0.178	0.670895
-0.177	0.677382
-0.176	0.683766
-0.175	0.690035
-0.174	0.696182
-0.173	0.7022
-0.172	0.708081
-0.171	0.71382
-0.17	0.719408
-0.169	0.72484
-0.168	0.73011
-0.167	0.735213
-0.166	0.740141
-0.165	0.744892
-0.164	0.74946
-0.163	0.75384
-0.162	0.758028
-0.161	0.76202
-0.16	0.765813
-0.159	0.769401
-0.158	0.772784
-0.157	0.775958
-0.156	0.778919
-0.155	0.781666
-0.154	0.784196
-0.153	0.786506
-0.152	0.788596
-0.151	0.790464
-0.15	0.792108
-0.149	0.793528
-0.148	0.794722
-0.147	0.79569
-0.146	0.796432
-0.145	0.796947
-0.144	0.797236
-0.143	0.797298
-0.142	0.797135
-0.141	0.796747
-0.14	0.796136
-0.139	0.795302
-0.138	0.794247
-0.137	0.792973
-0.136	0.791481
-0.135	0.789775
-0.134	0.787856
-0.133	0.785728
-0.132	0.783392
-0.131	0.780854
-0.13	0.778114
-0.129	0.775178
-0.128	0.772051
-0.127	0.768734
-0.126	0.765235
-0.125	0.761556
-0.124	0.757703
-0.123	0.753682
-0.122	0.749498
-0.121	0.745157
-0.12	0.740665
-0.119	0.736029
-0.118	0.731256
-0.117	0.726351
-0.116	0.721324
-0.115	0.716182
-0.114	0.710932
-0.113	0.705583
-0.112	0.700143
-0.111	0.694623
-0.11	0.68903
-0.109	0.683375
-0.108	0.677668
-0.107	0.671918
-0.106	0.666138
-0.105	0.660336
-0.104	0.654526
-0.103	0.648719
-0.102	0.642926
-0.101	0.63716
-0.1	0.631433