-3.037	6.07921e-027
-3.036	7.05485e-027
-3.035	8.30823e-027
-3.034	9.88552e-027
-3.033	1.18444e-026
-3.032	1.4256e-026
-3.031	1.72071e-026
-3.03	2.08031e-026
-3.029	2.51713e-026
-3.028	3.04649e-026
-3.027	3.68679e-026
-3.026	4.46008e-026
-3.025	5.39274e-026
-3.024	6.51628e-026
-3.023	7.86829e-026
-3.022	9.49353e-026
-3.021	1.14453e-025
-3.02	1.3787e-025
-3.019	1.65938e-025
-3.018	1.99549e-025
-3.017	2.39763e-025
-3.016	2.8783e-025
-3.015	3.45232e-025
-3.014	4.13719e-025
-3.013	4.95357e-025
-3.012	5.9258e-025
-3.011	7.08258e-025
-3.01	8.45767e-025
-3.009	1.00908e-024
-3.008	1.20284e-024
-3.007	1.43254e-024
-3.006	1.70457e-024
-3.005	2.02643e-024
-3.004	2.4069e-024
-3.003	2.85623e-024
-3.002	3.38638e-024
-3.001	4.01128e-024
-3	4.74718e-024
-2.999	5.61297e-024
-2.998	6.6306e-024
-2.997	7.82555e-024
-2.996	9.22738e-024
-2.995	1.08703e-023
-2.994	1.27939e-023
-2.993	1.5044e-023
-2.992	1.76734e-023
-2.991	2.0743e-023
-2.99	2.43231e-023
-2.989	2.84943e-023
-2.988	3.33494e-023
-2.987	3.8995e-023
-2.986	4.55532e-023
-2.985	5.31637e-023
-2.984	6.19867e-023
-2.983	7.22047e-023
-2.982	8.40264e-023
-2.981	9.76892e-023
-2.98	1.13464e-022
-2.979	1.31657e-022
-2.978	1.52618e-022
-2.977	1.76743e-022
-2.976	2.0448e-022
-2.975	2.36335e-022
-2.974	2.72879e-022
-2.973	3.14758e-022
-2.972	3.62698e-022
-2.971	4.17516e-022
-2.97	4.80126e-022
-2.969	5.51558e-022
-2.968	6.32959e-022
-2.967	7.25615e-022
-2.966	8.30957e-022
-2.965	9.50581e-022
-2.964	1.08626e-021
-2.963	1.23996e-021
-2.962	1.41386e-021
-2.961	1.61037e-021
-2.96	1.83214e-021
-2.959	2.08209e-021
-2.958	2.36343e-021
-2.957	2.67966e-021
-2.956	3.03464e-021
-2.955	3.43252e-021
-2.954	3.87786e-021
-2.953	4.37557e-021
-2.952	4.93094e-021
-2.951	5.54967e-021
-2.95	6.23788e-021
-2.949	7.00206e-021
-2.948	7.84911e-021
-2.947	8.78631e-021
-2.946	9.82127e-021
-2.945	1.09619e-020
-2.944	1.22165e-020
-2.943	1.35932e-020
-2.942	1.51006e-020
-2.941	1.6747e-020
-2.94	1.85404e-020
-2.939	2.04888e-020
-2.938	2.25989e-020
-2.937	2.48771e-020
-2.936	2.73278e-020
-2.935	2.99543e-020
-2.934	3.27571e-020
-2.933	3.57341e-020
-2.932	3.88795e-020
-2.931	4.21831e-020
-2.93	4.56291e-020
-2.929	4.91954e-020
-2.928	5.28517e-020
-2.927	5.65584e-020
-2.926	6.02644e-020
-2.925	6.39052e-020
-2.924	6.7401e-020
-2.923	7.06527e-020
-2.922	7.35401e-020
-2.921	7.59175e-020
-2.92	7.76096e-020
-2.919	7.84072e-020
-2.918	7.80617e-020
-2.917	7.62785e-020
-2.916	7.27111e-020
-2.915	6.69516e-020
-2.914	5.85244e-020
-2.913	4.68741e-020
-2.912	3.13541e-020
-2.911	1.12157e-020
-2.91	1.44073e-020
-2.909	4.65155e-020
-2.908	8.62605e-020
-2.907	1.34966e-019
-2.906	1.94149e-019
-2.905	2.65548e-019
-2.904	3.51149e-019
-2.903	4.53217e-019
-2.902	5.74336e-019
-2.901	7.17438e-019
-2.9	8.8586e-019
-2.899	1.08338e-018
-2.898	1.31428e-018
-2.897	1.58341e-018
-2.896	1.89624e-018
-2.895	2.25894e-018
-2.894	2.67846e-018
-2.893	3.16264e-018
-2.892	3.72029e-018
-2.891	4.36129e-018
-2.89	5.09673e-018
-2.889	5.93906e-018
-2.888	6.90221e-018
-2.887	8.00173e-018
-2.886	9.25506e-018
-2.885	1.06816e-017
-2.884	1.23031e-017
-2.883	1.41436e-017
-2.882	1.62301e-017
-2.881	1.85925e-017
-2.88	2.12641e-017
-2.879	2.42819e-017
-2.878	2.76868e-017
-2.877	3.15243e-017
-2.876	3.58449e-017
-2.875	4.07042e-017
-2.874	4.61641e-017
-2.873	5.22929e-017
-2.872	5.91656e-017
-2.871	6.68658e-017
-2.87	7.54852e-017
-2.869	8.51248e-017
-2.868	9.58961e-017
-2.867	1.07922e-016
-2.866	1.21337e-016
-2.865	1.3629e-016
-2.864	1.52943e-016
-2.863	1.71476e-016
-2.862	1.92084e-016
-2.861	2.14983e-016
-2.86	2.40408e-016
-2.859	2.68618e-016
-2.858	2.99895e-016
-2.857	3.34548e-016
-2.856	3.72913e-016
-2.855	4.15361e-016
-2.854	4.62293e-016
-2.853	5.14148e-016
-2.852	5.71405e-016
-2.851	6.34585e-016
-2.85	7.04256e-016
-2.849	7.81036e-016
-2.848	8.65597e-016
-2.847	9.5867e-016
-2.846	1.06105e-015
-2.845	1.17359e-015
-2.844	1.29724e-015
-2.843	1.43301e-015
-2.842	1.582e-015
-2.841	1.74539e-015
-2.84	1.92448e-015
-2.839	2.12066e-015
-2.838	2.33545e-015
-2.837	2.57047e-015
-2.836	2.82749e-015
-2.835	3.10842e-015
-2.834	3.4153e-015
-2.833	3.75035e-015
-2.832	4.11596e-015
-2.831	4.51471e-015
-2.83	4.94935e-015
-2.829	5.4229e-015
-2.828	5.93853e-015
-2.827	6.49971e-015
-2.826	7.11014e-015
-2.825	7.77381e-015
-2.824	8.49497e-015
-2.823	9.27821e-015
-2.822	1.01285e-014
-2.821	1.1051e-014
-2.82	1.20514e-014
-2.819	1.31358e-014
-2.818	1.43106e-014
-2.817	1.55826e-014
-2.816	1.69594e-014
-2.815	1.84488e-014
-2.814	2.00591e-014
-2.813	2.17995e-014
-2.812	2.36794e-014
-2.811	2.57091e-014
-2.81	2.78995e-014
-2.809	3.0262e-014
-2.808	3.28092e-014
-2.807	3.5554e-014
-2.806	3.85104e-014
-2.805	4.16931e-014
-2.804	4.51181e-014
-2.803	4.88018e-014
-2.802	5.2762e-014
-2.801	5.70174e-014
-2.8	6.15877e-014
-2.799	6.64943e-014
-2.798	7.17591e-014
-2.797	7.74057e-014
-2.796	8.34591e-014
-2.795	8.99454e-014
-2.794	9.68924e-014
-2.793	1.04329e-013
-2.792	1.12286e-013
-2.791	1.20797e-013
-2.79	1.29895e-013
-2.789	1.39616e-013
-2.788	1.49998e-013
-2.787	1.61081e-013
-2.786	1.72906e-013
-2.785	1.85517e-013
-2.784	1.98961e-013
-2.783	2.13285e-013
-2.782	2.2854e-013
-2.781	2.44777e-013
-2.78	2.62054e-013
-2.779	2.80426e-013
-2.778	2.99954e-013
-2.777	3.20702e-013
-2.776	3.42733e-013
-2.775	3.66116e-013
-2.774	3.90922e-013
-2.773	4.17227e-013
-2.772	4.45103e-013
-2.771	4.74632e-013
-2.77	5.05896e-013
-2.769	5.3898e-013
-2.768	5.73973e-013
-2.767	6.10964e-013
-2.766	6.5005e-013
-2.765	6.91326e-013
-2.764	7.34893e-013
-2.763	7.80852e-013
-2.762	8.29312e-013
-2.761	8.80377e-013
-2.76	9.34167e-013
-2.759	9.90785e-013
-2.758	1.05035e-012
-2.757	1.11299e-012
-2.756	1.17881e-012
-2.755	1.24795e-012
-2.754	1.32051e-012
-2.753	1.39665e-012
-2.752	1.47647e-012
-2.751	1.56011e-012
-2.75	1.6477e-012
-2.749	1.73935e-012
-2.748	1.83522e-012
-2.747	1.93542e-012
-2.746	2.04007e-012
-2.745	2.14932e-012
-2.744	2.26328e-012
-2.743	2.38207e-012
-2.742	2.5058e-012
-2.741	2.63461e-012
-2.74	2.76859e-012
-2.739	2.90784e-012
-2.738	3.05246e-012
-2.737	3.20255e-012
-2.736	3.35818e-012
-2.735	3.51942e-012
-2.734	3.68633e-012
-2.733	3.85897e-012
-2.732	4.03737e-012
-2.731	4.22154e-012
-2.73	4.4115e-012
-2.729	4.60724e-012
-2.728	4.80869e-012
-2.727	5.01583e-012
-2.726	5.22862e-012
-2.725	5.44689e-012
-2.724	5.67057e-012
-2.723	5.8995e-012
-2.722	6.13344e-012
-2.721	6.37225e-012
-2.72	6.61567e-012
-2.719	6.8634e-012
-2.718	7.11514e-012
-2.717	7.37052e-012
-2.716	7.62916e-012
-2.715	7.89061e-012
-2.714	8.15435e-012
-2.713	8.41992e-012
-2.712	8.68671e-012
-2.711	8.95408e-012
-2.71	9.22142e-012
-2.709	9.48793e-012
-2.708	9.75296e-012
-2.707	1.00156e-011
-2.706	1.02751e-011
-2.705	1.05305e-011
-2.704	1.0781e-011
-2.703	1.10256e-011
-2.702	1.12634e-011
-2.701	1.14933e-011
-2.7	1.17147e-011
-2.699	1.19267e-011
-2.698	1.21284e-011
-2.697	1.23191e-011
-2.696	1.24984e-011
-2.695	1.26661e-011
-2.694	1.2822e-011
-2.693	1.29668e-011
-2.692	1.31009e-011
-2.691	1.32263e-011
-2.69	1.33448e-011
-2.689	1.34597e-011
-2.688	1.35753e-011
-2.687	1.36969e-011
-2.686	1.38319e-011
-2.685	1.3989e-011
-2.684	1.41791e-011
-2.683	1.4415e-011
-2.682	1.47115e-011
-2.681	1.50854e-011
-2.68	1.55549e-011
-2.679	1.61391e-011
-2.678	1.68574e-011
-2.677	1.77291e-011
-2.676	1.8772e-011
-2.675	2.00028e-011
-2.674	2.14362e-011
-2.673	2.30857e-011
-2.672	2.4963e-011
-2.671	2.70788e-011
-2.67	2.94436e-011
-2.669	3.2067e-011
-2.668	3.49583e-011
-2.667	3.81287e-011
-2.666	4.15879e-011
-2.665	4.53473e-011
-2.664	4.94185e-011
-2.663	5.38137e-011
-2.662	5.85459e-011
-2.661	6.36292e-011
-2.66	6.90775e-011
-2.659	7.49061e-011
-2.658	8.11303e-011
-2.657	8.77667e-011
-2.656	9.48319e-011
-2.655	1.02344e-010
-2.654	1.1032e-010
-2.653	1.18778e-010
-2.652	1.27737e-010
-2.651	1.37217e-010
-2.65	1.47238e-010
-2.649	1.57817e-010
-2.648	1.68976e-010
-2.647	1.80736e-010
-2.646	1.93116e-010
-2.645	2.06138e-010
-2.644	2.19821e-010
-2.643	2.34185e-010
-2.642	2.49252e-010
-2.641	2.65042e-010
-2.64	2.81573e-010
-2.639	2.98865e-010
-2.638	3.16938e-010
-2.637	3.35808e-010
-2.636	3.55103e-010
-2.635	3.74398e-010
-2.634	3.93674e-010
-2.633	4.12912e-010
-2.632	4.32092e-010
-2.631	4.51194e-010
-2.63	4.70199e-010
-2.629	4.89084e-010
-2.628	5.07831e-010
-2.627	5.26415e-010
-2.626	5.44814e-010
-2.625	5.63006e-010
-2.624	5.80967e-010
-2.623	5.98672e-010
-2.622	6.16097e-010
-2.621	6.33215e-010
-2.62	6.49999e-010
-2.619	6.66422e-010
-2.618	6.82456e-010
-2.617	6.98072e-010
-2.616	7.13239e-010
-2.615	7.27929e-010
-2.614	7.42111e-010
-2.613	7.55755e-010
-2.612	7.6883e-010
-2.611	7.81307e-010
-2.61	7.93153e-010
-2.609	8.04338e-010
-2.608	8.14831e-010
-2.607	8.24601e-010
-2.606	8.33619e-010
-2.605	8.41854e-010
-2.604	8.49277e-010
-2.603	8.5586e-010
-2.602	8.61575e-010
-2.601	8.66395e-010
-2.6	8.70296e-010
-2.599	8.73254e-010
-2.598	8.75247e-010
-2.597	8.76255e-010
-2.596	8.76262e-010
-2.595	8.75253e-010
-2.594	8.7322e-010
-2.593	8.70158e-010
-2.592	8.66065e-010
-2.591	8.6095e-010
-2.59	8.54824e-010
-2.589	8.4771e-010
-2.588	8.39639e-010
-2.587	8.30654e-010
-2.586	8.2081e-010
-2.585	8.10179e-010
-2.584	7.98847e-010
-2.583	7.86924e-010
-2.582	7.74543e-010
-2.581	7.61863e-010
-2.58	7.49077e-010
-2.579	7.36408e-010
-2.578	7.24121e-010
-2.577	7.12523e-010
-2.576	7.01961e-010
-2.575	6.9283e-010
-2.574	6.8556e-010
-2.573	6.80615e-010
-2.572	6.7848e-010
-2.571	6.79637e-010
-2.57	6.84553e-010
-2.569	6.9365e-010
-2.568	7.07283e-010
-2.567	7.25729e-010
-2.566	7.49166e-010
-2.565	7.77681e-010
-2.564	8.11274e-010
-2.563	8.49871e-010
-2.562	8.93345e-010
-2.561	9.41524e-010
-2.56	9.94216e-010
-2.559	1.05122e-009
-2.558	1.11232e-009
-2.557	1.17733e-009
-2.556	1.24605e-009
-2.555	1.31829e-009
-2.554	1.39389e-009
-2.553	1.47268e-009
-2.552	1.55452e-009
-2.551	1.63926e-009
-2.55	1.72676e-009
-2.549	1.81691e-009
-2.548	1.90957e-009
-2.547	2.00463e-009
-2.546	2.10196e-009
-2.545	2.20145e-009
-2.544	2.30299e-009
-2.543	2.40646e-009
-2.542	2.51175e-009
-2.541	2.61873e-009
-2.54	2.72729e-009
-2.539	2.83731e-009
-2.538	2.94867e-009
-2.537	3.06123e-009
-2.536	3.17487e-009
-2.535	3.28946e-009
-2.534	3.40486e-009
-2.533	3.52094e-009
-2.532	3.63754e-009
-2.531	3.75452e-009
-2.53	3.87172e-009
-2.529	3.98901e-009
-2.528	4.1062e-009
-2.527	4.22313e-009
-2.526	4.33964e-009
-2.525	4.45555e-009
-2.524	4.57069e-009
-2.523	4.68487e-009
-2.522	4.7979e-009
-2.521	4.9096e-009
-2.52	5.01978e-009
-2.519	5.12823e-009
-2.518	5.23474e-009
-2.517	5.33914e-009
-2.516	5.4412e-009
-2.515	5.54073e-009
-2.514	5.63749e-009
-2.513	5.73128e-009
-2.512	5.82189e-009
-2.511	5.9091e-009
-2.51	5.99269e-009
-2.509	6.07245e-009
-2.508	6.14817e-009
-2.507	6.21963e-009
-2.506	6.28662e-009
-2.505	6.34893e-009
-2.504	6.40637e-009
-2.503	6.45874e-009
-2.502	6.50584e-009
-2.501	6.54749e-009
-2.5	6.58352e-009
-2.499	6.6138e-009
-2.498	6.63814e-009
-2.497	6.65643e-009
-2.496	6.66856e-009
-2.495	6.67445e-009
-2.494	6.67404e-009
-2.493	6.66728e-009
-2.492	6.65417e-009
-2.491	6.63477e-009
-2.49	6.60913e-009
-2.489	6.5774e-009
-2.488	6.53977e-009
-2.487	6.49649e-009
-2.486	6.44788e-009
-2.485	6.39434e-009
-2.484	6.3364e-009
-2.483	6.27464e-009
-2.482	6.20982e-009
-2.481	6.14279e-009
-2.48	6.07458e-009
-2.479	6.00636e-009
-2.478	5.93951e-009
-2.477	5.87557e-009
-2.476	5.81631e-009
-2.475	5.76366e-009
-2.474	5.7198e-009
-2.473	5.68705e-009
-2.472	5.66789e-009
-2.471	5.66488e-009
-2.47	5.6806e-009
-2.469	5.71759e-009
-2.468	5.77825e-009
-2.467	5.86472e-009
-2.466	5.97885e-009
-2.465	6.12211e-009
-2.464	6.29554e-009
-2.463	6.49977e-009
-2.462	6.73503e-009
-2.461	7.00117e-009
-2.46	7.29776e-009
-2.459	7.62411e-009
-2.458	7.97937e-009
-2.457	8.36251e-009
-2.456	8.77247e-009
-2.455	9.20815e-009
-2.454	9.66841e-009
-2.453	1.01521e-008
-2.452	1.06582e-008
-2.451	1.11856e-008
-2.45	1.17333e-008
-2.449	1.23002e-008
-2.448	1.28854e-008
-2.447	1.34879e-008
-2.446	1.41068e-008
-2.445	1.47412e-008
-2.444	1.53901e-008
-2.443	1.60528e-008
-2.442	1.67282e-008
-2.441	1.74156e-008
-2.44	1.8114e-008
-2.439	1.88225e-008
-2.438	1.95402e-008
-2.437	2.02663e-008
-2.436	2.09998e-008
-2.435	2.17397e-008
-2.434	2.24852e-008
-2.433	2.32352e-008
-2.432	2.39888e-008
-2.431	2.47449e-008
-2.43	2.55026e-008
-2.429	2.62608e-008
-2.428	2.70183e-008
-2.427	2.77743e-008
-2.426	2.85274e-008
-2.425	2.92767e-008
-2.424	3.00209e-008
-2.423	3.0759e-008
-2.422	3.14897e-008
-2.421	3.22118e-008
-2.42	3.29242e-008
-2.419	3.36256e-008
-2.418	3.43147e-008
-2.417	3.49904e-008
-2.416	3.56513e-008
-2.415	3.62963e-008
-2.414	3.6924e-008
-2.413	3.75331e-008
-2.412	3.81225e-008
-2.411	3.86908e-008
-2.41	3.92368e-008
-2.409	3.97593e-008
-2.408	4.02569e-008
-2.407	4.07286e-008
-2.406	4.11731e-008
-2.405	4.15893e-008
-2.404	4.1976e-008
-2.403	4.23323e-008
-2.402	4.2657e-008
-2.401	4.29492e-008
-2.4	4.32081e-008
-2.399	4.34327e-008
-2.398	4.36224e-008
-2.397	4.37765e-008
-2.396	4.38945e-008
-2.395	4.3976e-008
-2.394	4.40207e-008
-2.393	4.40287e-008
-2.392	4.4e-008
-2.391	4.39348e-008
-2.39	4.38338e-008
-2.389	4.36977e-008
-2.388	4.35275e-008
-2.387	4.33248e-008
-2.386	4.30913e-008
-2.385	4.28292e-008
-2.384	4.2541e-008
-2.383	4.22302e-008
-2.382	4.19003e-008
-2.381	4.15557e-008
-2.38	4.12015e-008
-2.379	4.08434e-008
-2.378	4.0488e-008
-2.377	4.01428e-008
-2.376	3.98159e-008
-2.375	3.95167e-008
-2.374	3.92552e-008
-2.373	3.90423e-008
-2.372	3.88898e-008
-2.371	3.88097e-008
-2.37	3.88148e-008
-2.369	3.89178e-008
-2.368	3.91311e-008
-2.367	3.94668e-008
-2.366	3.9936e-008
-2.365	4.05485e-008
-2.364	4.13126e-008
-2.363	4.22349e-008
-2.362	4.332e-008
-2.361	4.45708e-008
-2.36	4.59883e-008
-2.359	4.75719e-008
-2.358	4.93194e-008
-2.357	5.12277e-008
-2.356	5.32925e-008
-2.355	5.55087e-008
-2.354	5.7871e-008
-2.353	6.03734e-008
-2.352	6.30101e-008
-2.351	6.57747e-008
-2.35	6.86612e-008
-2.349	7.16634e-008
-2.348	7.47754e-008
-2.347	7.7991e-008
-2.346	8.13046e-008
-2.345	8.47101e-008
-2.344	8.82022e-008
-2.343	9.1775e-008
-2.342	9.54231e-008
-2.341	9.9141e-008
-2.34	1.02923e-007
-2.339	1.06764e-007
-2.338	1.10659e-007
-2.337	1.14601e-007
-2.336	1.18586e-007
-2.335	1.22608e-007
-2.334	1.26661e-007
-2.333	1.30741e-007
-2.332	1.3484e-007
-2.331	1.38955e-007
-2.33	1.43078e-007
-2.329	1.47204e-007
-2.328	1.51327e-007
-2.327	1.55442e-007
-2.326	1.59541e-007
-2.325	1.6362e-007
-2.324	1.67672e-007
-2.323	1.7169e-007
-2.322	1.7567e-007
-2.321	1.79603e-007
-2.32	1.83485e-007
-2.319	1.87308e-007
-2.318	1.91066e-007
-2.317	1.94753e-007
-2.316	1.98362e-007
-2.315	2.01887e-007
-2.314	2.05321e-007
-2.313	2.08659e-007
-2.312	2.11894e-007
-2.311	2.15019e-007
-2.31	2.18028e-007
-2.309	2.20915e-007
-2.308	2.23675e-007
-2.307	2.26301e-007
-2.306	2.28788e-007
-2.305	2.3113e-007
-2.304	2.33323e-007
-2.303	2.3536e-007
-2.302	2.37238e-007
-2.301	2.38951e-007
-2.3	2.40496e-007
-2.299	2.4187e-007
-2.298	2.43069e-007
-2.297	2.4409e-007
-2.296	2.44932e-007
-2.295	2.45593e-007
-2.294	2.46072e-007
-2.293	2.4637e-007
-2.292	2.46487e-007
-2.291	2.46425e-007
-2.29	2.46188e-007
-2.289	2.45779e-007
-2.288	2.45205e-007
-2.287	2.44471e-007
-2.286	2.43586e-007
-2.285	2.42561e-007
-2.284	2.41409e-007
-2.283	2.40142e-007
-2.282	2.38778e-007
-2.281	2.37337e-007
-2.28	2.35839e-007
-2.279	2.34309e-007
-2.278	2.32775e-007
-2.277	2.31268e-007
-2.276	2.29823e-007
-2.275	2.28476e-007
-2.274	2.27269e-007
-2.273	2.26245e-007
-2.272	2.25452e-007
-2.271	2.24939e-007
-2.27	2.24758e-007
-2.269	2.24961e-007
-2.268	2.25602e-007
-2.267	2.26731e-007
-2.266	2.284e-007
-2.265	2.30655e-007
-2.264	2.33539e-007
-2.263	2.37089e-007
-2.262	2.41335e-007
-2.261	2.46304e-007
-2.26	2.5201e-007
-2.259	2.58464e-007
-2.258	2.6567e-007
-2.257	2.73624e-007
-2.256	2.82316e-007
-2.255	2.91732e-007
-2.254	3.01856e-007
-2.253	3.12665e-007
-2.252	3.24135e-007
-2.251	3.3624e-007
-2.25	3.48953e-007
-2.249	3.62245e-007
-2.248	3.76088e-007
-2.247	3.90452e-007
-2.246	4.05308e-007
-2.245	4.20627e-007
-2.244	4.3638e-007
-2.243	4.52538e-007
-2.242	4.69072e-007
-2.241	4.85955e-007
-2.24	5.03158e-007
-2.239	5.20653e-007
-2.238	5.38412e-007
-2.237	5.56407e-007
-2.236	5.74612e-007
-2.235	5.92999e-007
-2.234	6.1154e-007
-2.233	6.30209e-007
-2.232	6.48976e-007
-2.231	6.67816e-007
-2.23	6.867e-007
-2.229	7.05601e-007
-2.228	7.2449e-007
-2.227	7.43341e-007
-2.226	7.62126e-007
-2.225	7.80815e-007
-2.224	7.99382e-007
-2.223	8.17797e-007
-2.222	8.36033e-007
-2.221	8.54063e-007
-2.22	8.71856e-007
-2.219	8.89386e-007
-2.218	9.06623e-007
-2.217	9.2354e-007
-2.216	9.4011e-007
-2.215	9.56305e-007
-2.214	9.72097e-007
-2.213	9.8746e-007
-2.212	1.00237e-006
-2.211	1.01679e-006
-2.21	1.0307e-006
-2.209	1.04408e-006
-2.208	1.05691e-006
-2.207	1.06915e-006
-2.206	1.08079e-006
-2.205	1.0918e-006
-2.204	1.10216e-006
-2.203	1.11186e-006
-2.202	1.12088e-006
-2.201	1.1292e-006
-2.2	1.1368e-006
-2.199	1.14367e-006
-2.198	1.1498e-006
-2.197	1.15519e-006
-2.196	1.15982e-006
-2.195	1.1637e-006
-2.194	1.16682e-006
-2.193	1.16919e-006
-2.192	1.17081e-006
-2.191	1.17169e-006
-2.19	1.17185e-006
-2.189	1.17131e-006
-2.188	1.17009e-006
-2.187	1.16822e-006
-2.186	1.16573e-006
-2.185	1.16268e-006
-2.184	1.1591e-006
-2.183	1.15506e-006
-2.182	1.15061e-006
-2.181	1.14584e-006
-2.18	1.14082e-006
-2.179	1.13564e-006
-2.178	1.13042e-006
-2.177	1.12525e-006
-2.176	1.12026e-006
-2.175	1.11559e-006
-2.174	1.11138e-006
-2.173	1.10778e-006
-2.172	1.10496e-006
-2.171	1.10308e-006
-2.17	1.10233e-006
-2.169	1.10289e-006
-2.168	1.10493e-006
-2.167	1.10866e-006
-2.166	1.11424e-006
-2.165	1.12185e-006
-2.164	1.13166e-006
-2.163	1.14381e-006
-2.162	1.15844e-006
-2.161	1.17566e-006
-2.16	1.19557e-006
-2.159	1.21823e-006
-2.158	1.24369e-006
-2.157	1.27198e-006
-2.156	1.3031e-006
-2.155	1.33703e-006
-2.154	1.37373e-006
-2.153	1.41316e-006
-2.152	1.45523e-006
-2.151	1.49988e-006
-2.15	1.54701e-006
-2.149	1.59652e-006
-2.148	1.64831e-006
-2.147	1.70227e-006
-2.146	1.75828e-006
-2.145	1.81623e-006
-2.144	1.87601e-006
-2.143	1.93749e-006
-2.142	2.00055e-006
-2.141	2.06509e-006
-2.14	2.13098e-006
-2.139	2.1981e-006
-2.138	2.26633e-006
-2.137	2.33557e-006
-2.136	2.40569e-006
-2.135	2.47658e-006
-2.134	2.54812e-006
-2.133	2.6202e-006
-2.132	2.69271e-006
-2.131	2.76554e-006
-2.13	2.83856e-006
-2.129	2.91167e-006
-2.128	2.98476e-006
-2.127	3.05772e-006
-2.126	3.13043e-006
-2.125	3.20279e-006
-2.124	3.27467e-006
-2.123	3.34599e-006
-2.122	3.41662e-006
-2.121	3.48645e-006
-2.12	3.55539e-006
-2.119	3.62332e-006
-2.118	3.69014e-006
-2.117	3.75574e-006
-2.116	3.82003e-006
-2.115	3.88289e-006
-2.114	3.94424e-006
-2.113	4.00397e-006
-2.112	4.06199e-006
-2.111	4.1182e-006
-2.11	4.17251e-006
-2.109	4.22484e-006
-2.108	4.27511e-006
-2.107	4.32323e-006
-2.106	4.36913e-006
-2.105	4.41273e-006
-2.104	4.45396e-006
-2.103	4.49277e-006
-2.102	4.52909e-006
-2.101	4.56289e-006
-2.1	4.59411e-006
-2.099	4.62271e-006
-2.098	4.64868e-006
-2.097	4.67198e-006
-2.096	4.69262e-006
-2.095	4.71058e-006
-2.094	4.72588e-006
-2.093	4.73853e-006
-2.092	4.74857e-006
-2.091	4.75606e-006
-2.09	4.76105e-006
-2.089	4.76361e-006
-2.088	4.76384e-006
-2.087	4.76185e-006
-2.086	4.75777e-006
-2.085	4.75175e-006
-2.084	4.74397e-006
-2.083	4.73461e-006
-2.082	4.7239e-006
-2.081	4.71207e-006
-2.08	4.69939e-006
-2.079	4.68617e-006
-2.078	4.67273e-006
-2.077	4.65941e-006
-2.076	4.6466e-006
-2.075	4.63471e-006
-2.074	4.62417e-006
-2.073	4.61545e-006
-2.072	4.60904e-006
-2.071	4.60543e-006
-2.07	4.60517e-006
-2.069	4.60878e-006
-2.068	4.6168e-006
-2.067	4.62979e-006
-2.066	4.64828e-006
-2.065	4.67279e-006
-2.064	4.70383e-006
-2.063	4.74187e-006
-2.062	4.78734e-006
-2.061	4.84062e-006
-2.06	4.90207e-006
-2.059	4.97194e-006
-2.058	5.05046e-006
-2.057	5.1378e-006
-2.056	5.23403e-006
-2.055	5.33919e-006
-2.054	5.45326e-006
-2.053	5.57614e-006
-2.052	5.70771e-006
-2.051	5.84778e-006
-2.05	5.99613e-006
-2.049	6.15249e-006
-2.048	6.31657e-006
-2.047	6.48806e-006
-2.046	6.66661e-006
-2.045	6.85187e-006
-2.044	7.04346e-006
-2.043	7.241e-006
-2.042	7.44412e-006
-2.041	7.65241e-006
-2.04	7.86548e-006
-2.039	8.08291e-006
-2.038	8.30432e-006
-2.037	8.52929e-006
-2.036	8.75744e-006
-2.035	8.98836e-006
-2.034	9.22164e-006
-2.033	9.45691e-006
-2.032	9.69376e-006
-2.031	9.9318e-006
-2.03	1.01706e-005
-2.029	1.04099e-005
-2.028	1.06492e-005
-2.027	1.08882e-005
-2.026	1.11264e-005
-2.025	1.13636e-005
-2.024	1.15993e-005
-2.023	1.18332e-005
-2.022	1.2065e-005
-2.021	1.22942e-005
-2.02	1.25205e-005
-2.019	1.27436e-005
-2.018	1.29632e-005
-2.017	1.31789e-005
-2.016	1.33904e-005
-2.015	1.35973e-005
-2.014	1.37994e-005
-2.013	1.39964e-005
-2.012	1.41879e-005
-2.011	1.43737e-005
-2.01	1.45536e-005
-2.009	1.47272e-005
-2.008	1.48944e-005
-2.007	1.50548e-005
-2.006	1.52083e-005
-2.005	1.53547e-005
-2.004	1.54937e-005
-2.003	1.56253e-005
-2.002	1.57493e-005
-2.001	1.58655e-005
-2	1.59738e-005
-1.999	1.60742e-005
-1.998	1.61667e-005
-1.997	1.62511e-005
-1.996	1.63275e-005
-1.995	1.63959e-005
-1.994	1.64564e-005
-1.993	1.65091e-005
-1.992	1.65541e-005
-1.991	1.65916e-005
-1.99	1.66218e-005
-1.989	1.6645e-005
-1.988	1.66614e-005
-1.987	1.66715e-005
-1.986	1.66756e-005
-1.985	1.66742e-005
-1.984	1.66679e-005
-1.983	1.66571e-005
-1.982	1.66425e-005
-1.981	1.66249e-005
-1.98	1.6605e-005
-1.979	1.65836e-005
-1.978	1.65616e-005
-1.977	1.65399e-005
-1.976	1.65196e-005
-1.975	1.65017e-005
-1.974	1.64875e-005
-1.973	1.64781e-005
-1.972	1.64747e-005
-1.971	1.64786e-005
-1.97	1.64913e-005
-1.969	1.65139e-005
-1.968	1.65479e-005
-1.967	1.65947e-005
-1.966	1.66556e-005
-1.965	1.67319e-005
-1.964	1.68248e-005
-1.963	1.69356e-005
-1.962	1.70655e-005
-1.961	1.72153e-005
-1.96	1.73862e-005
-1.959	1.75787e-005
-1.958	1.77937e-005
-1.957	1.80317e-005
-1.956	1.8293e-005
-1.955	1.85778e-005
-1.954	1.88864e-005
-1.953	1.92185e-005
-1.952	1.95741e-005
-1.951	1.99529e-005
-1.95	2.03543e-005
-1.949	2.07779e-005
-1.948	2.1223e-005
-1.947	2.16888e-005
-1.946	2.21746e-005
-1.945	2.26795e-005
-1.944	2.32026e-005
-1.943	2.37428e-005
-1.942	2.42991e-005
-1.941	2.48706e-005
-1.94	2.5456e-005
-1.939	2.60543e-005
-1.938	2.66644e-005
-1.937	2.72851e-005
-1.936	2.79154e-005
-1.935	2.85541e-005
-1.934	2.91999e-005
-1.933	2.98519e-005
-1.932	3.05089e-005
-1.931	3.11697e-005
-1.93	3.18332e-005
-1.929	3.24984e-005
-1.928	3.31642e-005
-1.927	3.38294e-005
-1.926	3.44931e-005
-1.925	3.5154e-005
-1.924	3.58114e-005
-1.923	3.6464e-005
-1.922	3.71109e-005
-1.921	3.77512e-005
-1.92	3.83838e-005
-1.919	3.90078e-005
-1.918	3.96222e-005
-1.917	4.02264e-005
-1.916	4.08191e-005
-1.915	4.13998e-005
-1.914	4.19676e-005
-1.913	4.25216e-005
-1.912	4.30611e-005
-1.911	4.35855e-005
-1.91	4.40939e-005
-1.909	4.45859e-005
-1.908	4.50607e-005
-1.907	4.55178e-005
-1.906	4.59567e-005
-1.905	4.63769e-005
-1.904	4.6778e-005
-1.903	4.71596e-005
-1.902	4.75215e-005
-1.901	4.78633e-005
-1.9	4.81849e-005
-1.899	4.84861e-005
-1.898	4.87669e-005
-1.897	4.90273e-005
-1.896	4.92675e-005
-1.895	4.94875e-005
-1.894	4.96877e-005
-1.893	4.98684e-005
-1.892	5.003e-005
-1.891	5.0173e-005
-1.89	5.02982e-005
-1.889	5.04062e-005
-1.888	5.0498e-005
-1.887	5.05744e-005
-1.886	5.06366e-005
-1.885	5.06858e-005
-1.884	5.07232e-005
-1.883	5.07504e-005
-1.882	5.07689e-005
-1.881	5.07805e-005
-1.88	5.07869e-005
-1.879	5.07902e-005
-1.878	5.07925e-005
-1.877	5.07959e-005
-1.876	5.08029e-005
-1.875	5.08159e-005
-1.874	5.08374e-005
-1.873	5.08701e-005
-1.872	5.09169e-005
-1.871	5.09804e-005
-1.87	5.10635e-005
-1.869	5.11693e-005
-1.868	5.13005e-005
-1.867	5.146e-005
-1.866	5.16509e-005
-1.865	5.18756e-005
-1.864	5.21371e-005
-1.863	5.24379e-005
-1.862	5.27803e-005
-1.861	5.31666e-005
-1.86	5.35988e-005
-1.859	5.40788e-005
-1.858	5.4608e-005
-1.857	5.51878e-005
-1.856	5.58191e-005
-1.855	5.65028e-005
-1.854	5.72393e-005
-1.853	5.80286e-005
-1.852	5.88708e-005
-1.851	5.97653e-005
-1.85	6.07115e-005
-1.849	6.17085e-005
-1.848	6.27551e-005
-1.847	6.38499e-005
-1.846	6.49914e-005
-1.845	6.61778e-005
-1.844	6.74071e-005
-1.843	6.86773e-005
-1.842	6.99862e-005
-1.841	7.13315e-005
-1.84	7.27108e-005
-1.839	7.41216e-005
-1.838	7.55614e-005
-1.837	7.70275e-005
-1.836	7.85175e-005
-1.835	8.00287e-005
-1.834	8.15582e-005
-1.833	8.31036e-005
-1.832	8.46621e-005
-1.831	8.6231e-005
-1.83	8.78078e-005
-1.829	8.93899e-005
-1.828	9.09744e-005
-1.827	9.25589e-005
-1.826	9.4141e-005
-1.825	9.5718e-005
-1.824	9.72876e-005
-1.823	9.88471e-005
-1.822	0.000100394
-1.821	0.000101927
-1.82	0.000103443
-1.819	0.00010494
-1.818	0.000106416
-1.817	0.000107868
-1.816	0.000109295
-1.815	0.000110696
-1.814	0.000112067
-1.813	0.000113407
-1.812	0.000114715
-1.811	0.000115989
-1.81	0.000117228
-1.809	0.000118429
-1.808	0.000119593
-1.807	0.000120717
-1.806	0.000121802
-1.805	0.000122845
-1.804	0.000123845
-1.803	0.000124804
-1.802	0.000125718
-1.801	0.00012659
-1.8	0.000127417
-1.799	0.0001282
-1.798	0.00012894
-1.797	0.000129636
-1.796	0.000130288
-1.795	0.000130898
-1.794	0.000131466
-1.793	0.000131993
-1.792	0.00013248
-1.791	0.000132928
-1.79	0.00013334
-1.789	0.000133717
-1.788	0.00013406
-1.787	0.000134373
-1.786	0.000134657
-1.785	0.000134915
-1.784	0.00013515
-1.783	0.000135366
-1.782	0.000135565
-1.781	0.000135751
-1.78	0.000135928
-1.779	0.0001361
-1.778	0.000136272
-1.777	0.000136447
-1.776	0.00013663
-1.775	0.000136826
-1.774	0.000137041
-1.773	0.000137278
-1.772	0.000137543
-1.771	0.000137842
-1.77	0.00013818
-1.769	0.000138562
-1.768	0.000138993
-1.767	0.000139479
-1.766	0.000140025
-1.765	0.000140635
-1.764	0.000141315
-1.763	0.000142069
-1.762	0.000142902
-1.761	0.000143817
-1.76	0.000144819
-1.759	0.00014591
-1.758	0.000147093
-1.757	0.000148371
-1.756	0.000149747
-1.755	0.00015122
-1.754	0.000152794
-1.753	0.000154467
-1.752	0.00015624
-1.751	0.000158114
-1.75	0.000160086
-1.749	0.000162156
-1.748	0.000164321
-1.747	0.000166581
-1.746	0.000168931
-1.745	0.000171369
-1.744	0.000173892
-1.743	0.000176496
-1.742	0.000179177
-1.741	0.000181932
-1.74	0.000184755
-1.739	0.000187642
-1.738	0.000190589
-1.737	0.000193591
-1.736	0.000196642
-1.735	0.000199737
-1.734	0.000202873
-1.733	0.000206042
-1.732	0.00020924
-1.731	0.000212462
-1.73	0.000215703
-1.729	0.000218957
-1.728	0.000222219
-1.727	0.000225484
-1.726	0.000228747
-1.725	0.000232003
-1.724	0.000235248
-1.723	0.000238475
-1.722	0.000241682
-1.721	0.000244862
-1.72	0.000248012
-1.719	0.000251128
-1.718	0.000254204
-1.717	0.000257238
-1.716	0.000260225
-1.715	0.000263161
-1.714	0.000266044
-1.713	0.000268869
-1.712	0.000271634
-1.711	0.000274335
-1.71	0.00027697
-1.709	0.000279537
-1.708	0.000282033
-1.707	0.000284456
-1.706	0.000286804
-1.705	0.000289076
-1.704	0.00029127
-1.703	0.000293386
-1.702	0.000295422
-1.701	0.000297379
-1.7	0.000299256
-1.699	0.000301052
-1.698	0.00030277
-1.697	0.000304408
-1.696	0.000305969
-1.695	0.000307454
-1.694	0.000308865
-1.693	0.000310203
-1.692	0.000311471
-1.691	0.000312673
-1.69	0.00031381
-1.689	0.000314887
-1.688	0.000315908
-1.687	0.000316876
-1.686	0.000317797
-1.685	0.000318675
-1.684	0.000319516
-1.683	0.000320325
-1.682	0.000321109
-1.681	0.000321873
-1.68	0.000322625
-1.679	0.000323371
-1.678	0.000324119
-1.677	0.000324876
-1.676	0.000325649
-1.675	0.000326448
-1.674	0.000327279
-1.673	0.000328152
-1.672	0.000329074
-1.671	0.000330054
-1.67	0.0003311
-1.669	0.000332221
-1.668	0.000333424
-1.667	0.000334719
-1.666	0.000336112
-1.665	0.000337612
-1.664	0.000339226
-1.663	0.000340961
-1.662	0.000342824
-1.661	0.00034482
-1.66	0.000346956
-1.659	0.000349236
-1.658	0.000351665
-1.657	0.000354246
-1.656	0.000356984
-1.655	0.000359881
-1.654	0.000362937
-1.653	0.000366155
-1.652	0.000369535
-1.651	0.000373077
-1.65	0.00037678
-1.649	0.000380641
-1.648	0.000384659
-1.647	0.000388831
-1.646	0.000393153
-1.645	0.000397621
-1.644	0.000402229
-1.643	0.000406974
-1.642	0.000411848
-1.641	0.000416846
-1.64	0.000421962
-1.639	0.000427187
-1.638	0.000432515
-1.637	0.000437938
-1.636	0.000443448
-1.635	0.000449038
-1.634	0.000454699
-1.633	0.000460423
-1.632	0.0004662
-1.631	0.000472023
-1.63	0.000477884
-1.629	0.000483774
-1.628	0.000489683
-1.627	0.000495604
-1.626	0.000501529
-1.625	0.000507448
-1.624	0.000513355
-1.623	0.000519241
-1.622	0.000525098
-1.621	0.000530918
-1.62	0.000536694
-1.619	0.00054242
-1.618	0.000548087
-1.617	0.000553691
-1.616	0.000559224
-1.615	0.000564679
-1.614	0.000570052
-1.613	0.000575338
-1.612	0.00058053
-1.611	0.000585624
-1.61	0.000590617
-1.609	0.000595504
-1.608	0.000600281
-1.607	0.000604946
-1.606	0.000609496
-1.605	0.000613928
-1.604	0.000618241
-1.603	0.000622434
-1.602	0.000626505
-1.601	0.000630454
-1.6	0.000634282
-1.599	0.000637989
-1.598	0.000641576
-1.597	0.000645044
-1.596	0.000648396
-1.595	0.000651635
-1.594	0.000654764
-1.593	0.000657785
-1.592	0.000660704
-1.591	0.000663526
-1.59	0.000666255
-1.589	0.000668898
-1.588	0.00067146
-1.587	0.000673949
-1.586	0.000676371
-1.585	0.000678735
-1.584	0.000681049
-1.583	0.000683321
-1.582	0.000685561
-1.581	0.000687778
-1.58	0.000689983
-1.579	0.000692184
-1.578	0.000694393
-1.577	0.000696621
-1.576	0.000698878
-1.575	0.000701177
-1.574	0.000703527
-1.573	0.000705942
-1.572	0.000708432
-1.571	0.000711009
-1.57	0.000713683
-1.569	0.000716468
-1.568	0.000719373
-1.567	0.000722409
-1.566	0.000725587
-1.565	0.000728918
-1.564	0.00073241
-1.563	0.000736073
-1.562	0.000739915
-1.561	0.000743946
-1.56	0.000748171
-1.559	0.000752598
-1.558	0.000757233
-1.557	0.000762081
-1.556	0.000767146
-1.555	0.000772432
-1.554	0.000777941
-1.553	0.000783674
-1.552	0.000789634
-1.551	0.000795819
-1.55	0.00080223
-1.549	0.000808863
-1.548	0.000815717
-1.547	0.000822787
-1.546	0.00083007
-1.545	0.00083756
-1.544	0.000845251
-1.543	0.000853138
-1.542	0.000861211
-1.541	0.000869464
-1.54	0.000877889
-1.539	0.000886476
-1.538	0.000895214
-1.537	0.000904096
-1.536	0.000913109
-1.535	0.000922245
-1.534	0.000931491
-1.533	0.000940836
-1.532	0.000950269
-1.531	0.000959779
-1.53	0.000969354
-1.529	0.000978981
-1.528	0.000988651
-1.527	0.000998351
-1.526	0.00100807
-1.525	0.00101779
-1.524	0.00102751
-1.523	0.00103722
-1.522	0.0010469
-1.521	0.00105654
-1.52	0.00106613
-1.519	0.00107567
-1.518	0.00108514
-1.517	0.00109453
-1.516	0.00110384
-1.515	0.00111306
-1.514	0.00112217
-1.513	0.00113118
-1.512	0.00114007
-1.511	0.00114884
-1.51	0.00115749
-1.509	0.001166
-1.508	0.00117437
-1.507	0.0011826
-1.506	0.00119069
-1.505	0.00119862
-1.504	0.00120641
-1.503	0.00121405
-1.502	0.00122153
-1.501	0.00122886
-1.5	0.00123604
-1.499	0.00124307
-1.498	0.00124995
-1.497	0.00125668
-1.496	0.00126327
-1.495	0.00126971
-1.494	0.00127603
-1.493	0.00128221
-1.492	0.00128827
-1.491	0.00129421
-1.49	0.00130004
-1.489	0.00130577
-1.488	0.00131141
-1.487	0.00131696
-1.486	0.00132244
-1.485	0.00132785
-1.484	0.00133321
-1.483	0.00133852
-1.482	0.0013438
-1.481	0.00134906
-1.48	0.00135432
-1.479	0.00135958
-1.478	0.00136487
-1.477	0.00137018
-1.476	0.00137554
-1.475	0.00138096
-1.474	0.00138645
-1.473	0.00139203
-1.472	0.00139771
-1.471	0.00140351
-1.47	0.00140943
-1.469	0.00141549
-1.468	0.00142171
-1.467	0.0014281
-1.466	0.00143466
-1.465	0.00144141
-1.464	0.00144837
-1.463	0.00145553
-1.462	0.00146292
-1.461	0.00147054
-1.46	0.0014784
-1.459	0.00148651
-1.458	0.00149487
-1.457	0.0015035
-1.456	0.00151238
-1.455	0.00152154
-1.454	0.00153097
-1.453	0.00154068
-1.452	0.00155066
-1.451	0.00156092
-1.45	0.00157146
-1.449	0.00158227
-1.448	0.00159336
-1.447	0.00160471
-1.446	0.00161633
-1.445	0.0016282
-1.444	0.00164033
-1.443	0.00165271
-1.442	0.00166532
-1.441	0.00167817
-1.44	0.00169123
-1.439	0.00170451
-1.438	0.00171798
-1.437	0.00173165
-1.436	0.0017455
-1.435	0.00175951
-1.434	0.00177367
-1.433	0.00178798
-1.432	0.00180241
-1.431	0.00181696
-1.43	0.00183161
-1.429	0.00184636
-1.428	0.00186117
-1.427	0.00187605
-1.426	0.00189098
-1.425	0.00190594
-1.424	0.00192093
-1.423	0.00193592
-1.422	0.00195092
-1.421	0.00196589
-1.42	0.00198084
-1.419	0.00199575
-1.418	0.00201061
-1.417	0.0020254
-1.416	0.00204013
-1.415	0.00205477
-1.414	0.00206932
-1.413	0.00208378
-1.412	0.00209812
-1.411	0.00211235
-1.41	0.00212646
-1.409	0.00214043
-1.408	0.00215428
-1.407	0.00216798
-1.406	0.00218155
-1.405	0.00219496
-1.404	0.00220823
-1.403	0.00222135
-1.402	0.00223432
-1.401	0.00224713
-1.4	0.00225979
-1.399	0.00227231
-1.398	0.00228468
-1.397	0.0022969
-1.396	0.00230898
-1.395	0.00232093
-1.394	0.00233274
-1.393	0.00234443
-1.392	0.002356
-1.391	0.00236747
-1.39	0.00237882
-1.389	0.00239009
-1.388	0.00240127
-1.387	0.00241237
-1.386	0.00242342
-1.385	0.00243441
-1.384	0.00244535
-1.383	0.00245627
-1.382	0.00246718
-1.381	0.00247808
-1.38	0.00248899
-1.379	0.00249993
-1.378	0.0025109
-1.377	0.00252192
-1.376	0.00253302
-1.375	0.00254419
-1.374	0.00255545
-1.373	0.00256683
-1.372	0.00257833
-1.371	0.00258996
-1.37	0.00260175
-1.369	0.00261371
-1.368	0.00262584
-1.367	0.00263816
-1.366	0.00265069
-1.365	0.00266343
-1.364	0.00267639
-1.363	0.0026896
-1.362	0.00270305
-1.361	0.00271677
-1.36	0.00273075
-1.359	0.002745
-1.358	0.00275954
-1.357	0.00277436
-1.356	0.00278948
-1.355	0.0028049
-1.354	0.00282062
-1.353	0.00283665
-1.352	0.00285298
-1.351	0.00286962
-1.35	0.00288658
-1.349	0.00290384
-1.348	0.0029214
-1.347	0.00293927
-1.346	0.00295745
-1.345	0.00297591
-1.344	0.00299467
-1.343	0.00301372
-1.342	0.00303304
-1.341	0.00305263
-1.34	0.00307249
-1.339	0.0030926
-1.338	0.00311295
-1.337	0.00313354
-1.336	0.00315436
-1.335	0.00317538
-1.334	0.00319661
-1.333	0.00321803
-1.332	0.00323962
-1.331	0.00326138
-1.33	0.00328329
-1.329	0.00330535
-1.328	0.00332752
-1.327	0.00334982
-1.326	0.00337221
-1.325	0.00339469
-1.324	0.00341724
-1.323	0.00343986
-1.322	0.00346253
-1.321	0.00348523
-1.32	0.00350796
-1.319	0.0035307
-1.318	0.00355345
-1.317	0.00357618
-1.316	0.0035989
-1.315	0.00362159
-1.314	0.00364424
-1.313	0.00366684
-1.312	0.00368939
-1.311	0.00371187
-1.31	0.00373429
-1.309	0.00375662
-1.308	0.00377888
-1.307	0.00380104
-1.306	0.00382312
-1.305	0.00384509
-1.304	0.00386698
-1.303	0.00388876
-1.302	0.00391043
-1.301	0.00393201
-1.3	0.00395348
-1.299	0.00397486
-1.298	0.00399614
-1.297	0.00401732
-1.296	0.0040384
-1.295	0.0040594
-1.294	0.00408031
-1.293	0.00410114
-1.292	0.0041219
-1.291	0.0041426
-1.29	0.00416324
-1.289	0.00418382
-1.288	0.00420437
-1.287	0.00422488
-1.286	0.00424537
-1.285	0.00426585
-1.284	0.00428633
-1.283	0.00430681
-1.282	0.00432732
-1.281	0.00434787
-1.28	0.00436846
-1.279	0.00438911
-1.278	0.00440983
-1.277	0.00443063
-1.276	0.00445154
-1.275	0.00447255
-1.274	0.00449369
-1.273	0.00451496
-1.272	0.00453639
-1.271	0.00455798
-1.27	0.00457974
-1.269	0.00460169
-1.268	0.00462385
-1.267	0.00464621
-1.266	0.0046688
-1.265	0.00469163
-1.264	0.0047147
-1.263	0.00473803
-1.262	0.00476163
-1.261	0.0047855
-1.26	0.00480966
-1.259	0.00483411
-1.258	0.00485886
-1.257	0.00488391
-1.256	0.00490928
-1.255	0.00493497
-1.254	0.00496098
-1.253	0.00498732
-1.252	0.00501398
-1.251	0.00504098
-1.25	0.0050683
-1.249	0.00509596
-1.248	0.00512396
-1.247	0.00515228
-1.246	0.00518094
-1.245	0.00520993
-1.244	0.00523924
-1.243	0.00526887
-1.242	0.00529882
-1.241	0.00532908
-1.24	0.00535965
-1.239	0.00539052
-1.238	0.00542168
-1.237	0.00545313
-1.236	0.00548485
-1.235	0.00551685
-1.234	0.00554911
-1.233	0.00558161
-1.232	0.00561436
-1.231	0.00564734
-1.23	0.00568055
-1.229	0.00571397
-1.228	0.00574758
-1.227	0.00578139
-1.226	0.00581538
-1.225	0.00584954
-1.224	0.00588386
-1.223	0.00591832
-1.222	0.00595293
-1.221	0.00598766
-1.22	0.00602251
-1.219	0.00605747
-1.218	0.00609253
-1.217	0.00612767
-1.216	0.0061629
-1.215	0.00619819
-1.214	0.00623355
-1.213	0.00626896
-1.212	0.00630442
-1.211	0.00633992
-1.21	0.00637546
-1.209	0.00641102
-1.208	0.0064466
-1.207	0.0064822
-1.206	0.00651782
-1.205	0.00655345
-1.204	0.00658908
-1.203	0.00662472
-1.202	0.00666036
-1.201	0.006696
-1.2	0.00673165
-1.199	0.00676729
-1.198	0.00680294
-1.197	0.0068386
-1.196	0.00687426
-1.195	0.00690993
-1.194	0.00694561
-1.193	0.00698132
-1.192	0.00701704
-1.191	0.00705278
-1.19	0.00708856
-1.189	0.00712438
-1.188	0.00716024
-1.187	0.00719615
-1.186	0.00723213
-1.185	0.00726817
-1.184	0.00730429
-1.183	0.0073405
-1.182	0.00737681
-1.181	0.00741321
-1.18	0.00744974
-1.179	0.00748639
-1.178	0.00752317
-1.177	0.00756011
-1.176	0.0075972
-1.175	0.00763445
-1.174	0.00767189
-1.173	0.00770952
-1.172	0.00774735
-1.171	0.0077854
-1.17	0.00782366
-1.169	0.00786216
-1.168	0.0079009
-1.167	0.0079399
-1.166	0.00797916
-1.165	0.0080187
-1.164	0.00805852
-1.163	0.00809864
-1.162	0.00813906
-1.161	0.00817979
-1.16	0.00822084
-1.159	0.00826222
-1.158	0.00830393
-1.157	0.00834598
-1.156	0.00838838
-1.155	0.00843114
-1.154	0.00847426
-1.153	0.00851773
-1.152	0.00856158
-1.151	0.00860579
-1.15	0.00865039
-1.149	0.00869535
-1.148	0.0087407
-1.147	0.00878642
-1.146	0.00883253
-1.145	0.00887902
-1.144	0.00892588
-1.143	0.00897313
-1.142	0.00902076
-1.141	0.00906876
-1.14	0.00911713
-1.139	0.00916588
-1.138	0.00921499
-1.137	0.00926446
-1.136	0.0093143
-1.135	0.00936449
-1.134	0.00941503
-1.133	0.00946591
-1.132	0.00951713
-1.131	0.00956867
-1.13	0.00962055
-1.129	0.00967275
-1.128	0.00972525
-1.127	0.00977806
-1.126	0.00983118
-1.125	0.00988458
-1.124	0.00993826
-1.123	0.00999222
-1.122	0.0100465
-1.121	0.010101
-1.12	0.0101557
-1.119	0.0102107
-1.118	0.0102659
-1.117	0.0103214
-1.116	0.0103771
-1.115	0.010433
-1.114	0.0104892
-1.113	0.0105455
-1.112	0.010602
-1.111	0.0106588
-1.11	0.0107157
-1.109	0.0107728
-1.108	0.0108302
-1.107	0.0108876
-1.106	0.0109453
-1.105	0.0110031
-1.104	0.0110611
-1.103	0.0111193
-1.102	0.0111777
-1.101	0.0112362
-1.1	0.0112948
-1.099	0.0113537
-1.098	0.0114127
-1.097	0.0114718
-1.096	0.0115312
-1.095	0.0115907
-1.094	0.0116503
-1.093	0.0117101
-1.092	0.0117701
-1.091	0.0118303
-1.09	0.0118907
-1.089	0.0119513
-1.088	0.012012
-1.087	0.0120729
-1.086	0.0121341
-1.085	0.0121954
-1.084	0.012257
-1.083	0.0123188
-1.082	0.0123808
-1.081	0.012443
-1.08	0.0125055
-1.079	0.0125682
-1.078	0.0126312
-1.077	0.0126945
-1.076	0.012758
-1.075	0.0128218
-1.074	0.0128859
-1.073	0.0129503
-1.072	0.013015
-1.071	0.01308
-1.07	0.0131454
-1.069	0.013211
-1.068	0.0132771
-1.067	0.0133435
-1.066	0.0134102
-1.065	0.0134773
-1.064	0.0135448
-1.063	0.0136127
-1.062	0.0136809
-1.061	0.0137496
-1.06	0.0138187
-1.059	0.0138882
-1.058	0.0139581
-1.057	0.0140285
-1.056	0.0140993
-1.055	0.0141705
-1.054	0.0142422
-1.053	0.0143144
-1.052	0.014387
-1.051	0.0144601
-1.05	0.0145336
-1.049	0.0146077
-1.048	0.0146822
-1.047	0.0147572
-1.046	0.0148327
-1.045	0.0149086
-1.044	0.0149851
-1.043	0.015062
-1.042	0.0151395
-1.041	0.0152174
-1.04	0.0152959
-1.039	0.0153748
-1.038	0.0154543
-1.037	0.0155342
-1.036	0.0156146
-1.035	0.0156956
-1.034	0.015777
-1.033	0.0158589
-1.032	0.0159413
-1.031	0.0160242
-1.03	0.0161076
-1.029	0.0161915
-1.028	0.0162758
-1.027	0.0163607
-1.026	0.016446
-1.025	0.0165317
-1.024	0.016618
-1.023	0.0167047
-1.022	0.0167918
-1.021	0.0168795
-1.02	0.0169675
-1.019	0.0170561
-1.018	0.017145
-1.017	0.0172345
-1.016	0.0173243
-1.015	0.0174146
-1.014	0.0175053
-1.013	0.0175965
-1.012	0.017688
-1.011	0.01778
-1.01	0.0178724
-1.009	0.0179653
-1.008	0.0180585
-1.007	0.0181522
-1.006	0.0182462
-1.005	0.0183407
-1.004	0.0184356
-1.003	0.0185308
-1.002	0.0186265
-1.001	0.0187226
-1	0.0188191
-0.999	0.018916
-0.998	0.0190132
-0.997	0.0191109
-0.996	0.019209
-0.995	0.0193075
-0.994	0.0194064
-0.993	0.0195057
-0.992	0.0196054
-0.991	0.0197055
-0.99	0.0198061
-0.989	0.019907
-0.988	0.0200084
-0.987	0.0201102
-0.986	0.0202124
-0.985	0.0203151
-0.984	0.0204182
-0.983	0.0205217
-0.982	0.0206257
-0.981	0.0207302
-0.98	0.0208351
-0.979	0.0209405
-0.978	0.0210463
-0.977	0.0211526
-0.976	0.0212594
-0.975	0.0213667
-0.974	0.0214745
-0.973	0.0215828
-0.972	0.0216916
-0.971	0.021801
-0.97	0.0219108
-0.969	0.0220212
-0.968	0.0221322
-0.967	0.0222437
-0.966	0.0223557
-0.965	0.0224684
-0.964	0.0225816
-0.963	0.0226953
-0.962	0.0228097
-0.961	0.0229247
-0.96	0.0230402
-0.959	0.0231564
-0.958	0.0232732
-0.957	0.0233907
-0.956	0.0235087
-0.955	0.0236274
-0.954	0.0237468
-0.953	0.0238668
-0.952	0.0239875
-0.951	0.0241088
-0.95	0.0242309
-0.949	0.0243536
-0.948	0.024477
-0.947	0.024601
-0.946	0.0247258
-0.945	0.0248513
-0.944	0.0249775
-0.943	0.0251044
-0.942	0.025232
-0.941	0.0253603
-0.94	0.0254894
-0.939	0.0256192
-0.938	0.0257497
-0.937	0.0258809
-0.936	0.0260129
-0.935	0.0261456
-0.934	0.0262791
-0.933	0.0264133
-0.932	0.0265483
-0.931	0.026684
-0.93	0.0268204
-0.929	0.0269576
-0.928	0.0270956
-0.927	0.0272343
-0.926	0.0273737
-0.925	0.027514
-0.924	0.0276549
-0.923	0.0277966
-0.922	0.0279391
-0.921	0.0280823
-0.92	0.0282263
-0.919	0.028371
-0.918	0.0285165
-0.917	0.0286627
-0.916	0.0288097
-0.915	0.0289575
-0.914	0.0291059
-0.913	0.0292552
-0.912	0.0294052
-0.911	0.0295559
-0.91	0.0297074
-0.909	0.0298597
-0.908	0.0300127
-0.907	0.0301664
-0.906	0.0303209
-0.905	0.0304762
-0.904	0.0306322
-0.903	0.0307889
-0.902	0.0309465
-0.901	0.0311047
-0.9	0.0312637
-0.899	0.0314235
-0.898	0.031584
-0.897	0.0317453
-0.896	0.0319074
-0.895	0.0320702
-0.894	0.0322338
-0.893	0.0323981
-0.892	0.0325633
-0.891	0.0327292
-0.89	0.0328958
-0.889	0.0330633
-0.888	0.0332315
-0.887	0.0334006
-0.886	0.0335704
-0.885	0.033741
-0.884	0.0339124
-0.883	0.0340847
-0.882	0.0342577
-0.881	0.0344316
-0.88	0.0346063
-0.879	0.0347818
-0.878	0.0349581
-0.877	0.0351353
-0.876	0.0353134
-0.875	0.0354923
-0.874	0.035672
-0.873	0.0358526
-0.872	0.0360341
-0.871	0.0362165
-0.87	0.0363998
-0.869	0.0365839
-0.868	0.036769
-0.867	0.036955
-0.866	0.0371419
-0.865	0.0373297
-0.864	0.0375185
-0.863	0.0377082
-0.862	0.0378989
-0.861	0.0380905
-0.86	0.0382831
-0.859	0.0384767
-0.858	0.0386713
-0.857	0.0388668
-0.856	0.0390634
-0.855	0.0392609
-0.854	0.0394595
-0.853	0.0396592
-0.852	0.0398598
-0.851	0.0400615
-0.85	0.0402642
-0.849	0.040468
-0.848	0.0406729
-0.847	0.0408789
-0.846	0.0410859
-0.845	0.041294
-0.844	0.0415032
-0.843	0.0417136
-0.842	0.041925
-0.841	0.0421375
-0.84	0.0423512
-0.839	0.042566
-0.838	0.0427819
-0.837	0.042999
-0.836	0.0432173
-0.835	0.0434366
-0.834	0.0436572
-0.833	0.0438789
-0.832	0.0441018
-0.831	0.0443259
-0.83	0.0445511
-0.829	0.0447776
-0.828	0.0450052
-0.827	0.0452341
-0.826	0.0454641
-0.825	0.0456954
-0.824	0.0459278
-0.823	0.0461615
-0.822	0.0463964
-0.821	0.0466326
-0.82	0.0468699
-0.819	0.0471085
-0.818	0.0473484
-0.817	0.0475895
-0.816	0.0478318
-0.815	0.0480754
-0.814	0.0483202
-0.813	0.0485663
-0.812	0.0488136
-0.811	0.0490622
-0.81	0.0493121
-0.809	0.0495633
-0.808	0.0498157
-0.807	0.0500694
-0.806	0.0503244
-0.805	0.0505807
-0.804	0.0508383
-0.803	0.0510971
-0.802	0.0513573
-0.801	0.0516188
-0.8	0.0518816
-0.799	0.0521457
-0.798	0.0524111
-0.797	0.0526778
-0.796	0.0529459
-0.795	0.0532152
-0.794	0.0534859
-0.793	0.053758
-0.792	0.0540314
-0.791	0.0543062
-0.79	0.0545822
-0.789	0.0548597
-0.788	0.0551386
-0.787	0.0554188
-0.786	0.0557003
-0.785	0.0559833
-0.784	0.0562677
-0.783	0.0565534
-0.782	0.0568406
-0.781	0.0571292
-0.78	0.0574192
-0.779	0.0577106
-0.778	0.0580035
-0.777	0.0582978
-0.776	0.0585935
-0.775	0.0588907
-0.774	0.0591895
-0.773	0.0594896
-0.772	0.0597912
-0.771	0.0600944
-0.77	0.060399
-0.769	0.0607052
-0.768	0.0610129
-0.767	0.0613221
-0.766	0.0616328
-0.765	0.0619451
-0.764	0.062259
-0.763	0.0625744
-0.762	0.0628914
-0.761	0.06321
-0.76	0.0635303
-0.759	0.0638521
-0.758	0.0641755
-0.757	0.0645006
-0.756	0.0648273
-0.755	0.0651557
-0.754	0.0654857
-0.753	0.0658174
-0.752	0.0661508
-0.751	0.0664859
-0.75	0.0668227
-0.749	0.0671612
-0.748	0.0675015
-0.747	0.0678435
-0.746	0.0681872
-0.745	0.0685327
-0.744	0.06888
-0.743	0.0692291
-0.742	0.0695799
-0.741	0.0699326
-0.74	0.0702871
-0.739	0.0706434
-0.738	0.0710015
-0.737	0.0713614
-0.736	0.0717233
-0.735	0.072087
-0.734	0.0724525
-0.733	0.07282
-0.732	0.0731894
-0.731	0.0735606
-0.73	0.0739338
-0.729	0.0743089
-0.728	0.074686
-0.727	0.075065
-0.726	0.075446
-0.725	0.0758289
-0.724	0.0762138
-0.723	0.0766007
-0.722	0.0769895
-0.721	0.0773804
-0.72	0.0777733
-0.719	0.0781682
-0.718	0.0785651
-0.717	0.0789641
-0.716	0.0793651
-0.715	0.0797682
-0.714	0.0801734
-0.713	0.0805806
-0.712	0.0809899
-0.711	0.0814013
-0.71	0.0818149
-0.709	0.0822305
-0.708	0.0826482
-0.707	0.0830681
-0.706	0.0834901
-0.705	0.0839143
-0.704	0.0843406
-0.703	0.0847691
-0.702	0.0851998
-0.701	0.0856327
-0.7	0.0860678
-0.699	0.086505
-0.698	0.0869445
-0.697	0.0873862
-0.696	0.08783
-0.695	0.0882762
-0.694	0.0887247
-0.693	0.0891753
-0.692	0.0896283
-0.691	0.0900835
-0.69	0.090541
-0.689	0.0910008
-0.688	0.091463
-0.687	0.0919275
-0.686	0.0923943
-0.685	0.0928634
-0.684	0.0933349
-0.683	0.0938088
-0.682	0.094285
-0.681	0.0947636
-0.68	0.0952447
-0.679	0.0957281
-0.678	0.0962139
-0.677	0.0967022
-0.676	0.097193
-0.675	0.0976861
-0.674	0.0981818
-0.673	0.09868
-0.672	0.0991807
-0.671	0.0996838
-0.67	0.10019
-0.669	0.100698
-0.668	0.101209
-0.667	0.101722
-0.666	0.102238
-0.665	0.102756
-0.664	0.103277
-0.663	0.103801
-0.662	0.104328
-0.661	0.104857
-0.66	0.105388
-0.659	0.105923
-0.658	0.10646
-0.657	0.106999
-0.656	0.107542
-0.655	0.108087
-0.654	0.108635
-0.653	0.109186
-0.652	0.10974
-0.651	0.110296
-0.65	0.110855
-0.649	0.111417
-0.648	0.111982
-0.647	0.11255
-0.646	0.11312
-0.645	0.113694
-0.644	0.11427
-0.643	0.11485
-0.642	0.115432
-0.641	0.116017
-0.64	0.116605
-0.639	0.117197
-0.638	0.117791
-0.637	0.118388
-0.636	0.118989
-0.635	0.119592
-0.634	0.120199
-0.633	0.120808
-0.632	0.121421
-0.631	0.122037
-0.63	0.122656
-0.629	0.123278
-0.628	0.123903
-0.627	0.124532
-0.626	0.125163
-0.625	0.125798
-0.624	0.126436
-0.623	0.127078
-0.622	0.127723
-0.621	0.128371
-0.62	0.129022
-0.619	0.129677
-0.618	0.130335
-0.617	0.130996
-0.616	0.131661
-0.615	0.132329
-0.614	0.133
-0.613	0.133675
-0.612	0.134354
-0.611	0.135036
-0.61	0.135721
-0.609	0.13641
-0.608	0.137102
-0.607	0.137798
-0.606	0.138498
-0.605	0.139201
-0.604	0.139907
-0.603	0.140617
-0.602	0.141331
-0.601	0.142049
-0.6	0.14277
-0.599	0.143494
-0.598	0.144223
-0.597	0.144955
-0.596	0.145691
-0.595	0.14643
-0.594	0.147173
-0.593	0.14792
-0.592	0.148671
-0.591	0.149426
-0.59	0.150184
-0.589	0.150947
-0.588	0.151713
-0.587	0.152483
-0.586	0.153257
-0.585	0.154035
-0.584	0.154817
-0.583	0.155603
-0.582	0.156392
-0.581	0.157186
-0.58	0.157984
-0.579	0.158786
-0.578	0.159591
-0.577	0.160401
-0.576	0.161215
-0.575	0.162033
-0.574	0.162856
-0.573	0.163682
-0.572	0.164513
-0.571	0.165347
-0.57	0.166186
-0.569	0.16703
-0.568	0.167877
-0.567	0.168729
-0.566	0.169585
-0.565	0.170445
-0.564	0.17131
-0.563	0.172179
-0.562	0.173053
-0.561	0.173931
-0.56	0.174813
-0.559	0.1757
-0.558	0.176591
-0.557	0.177487
-0.556	0.178387
-0.555	0.179292
-0.554	0.180202
-0.553	0.181116
-0.552	0.182034
-0.551	0.182958
-0.55	0.183886
-0.549	0.184819
-0.548	0.185756
-0.547	0.186698
-0.546	0.187645
-0.545	0.188597
-0.544	0.189553
-0.543	0.190515
-0.542	0.191481
-0.541	0.192452
-0.54	0.193428
-0.539	0.194409
-0.538	0.195396
-0.537	0.196387
-0.536	0.197383
-0.535	0.198384
-0.534	0.19939
-0.533	0.200402
-0.532	0.201418
-0.531	0.20244
-0.53	0.203467
-0.529	0.204499
-0.528	0.205536
-0.527	0.206579
-0.526	0.207627
-0.525	0.20868
-0.524	0.209738
-0.523	0.210802
-0.522	0.211872
-0.521	0.212947
-0.52	0.214027
-0.519	0.215113
-0.518	0.216204
-0.517	0.217301
-0.516	0.218404
-0.515	0.219512
-0.514	0.220626
-0.513	0.221745
-0.512	0.22287
-0.511	0.224001
-0.51	0.225138
-0.509	0.22628
-0.508	0.227428
-0.507	0.228582
-0.506	0.229742
-0.505	0.230908
-0.504	0.23208
-0.503	0.233257
-0.502	0.234441
-0.501	0.235631
-0.5	0.236827
-0.499	0.238028
-0.498	0.239236
-0.497	0.240451
-0.496	0.241671
-0.495	0.242897
-0.494	0.24413
-0.493	0.245369
-0.492	0.246614
-0.491	0.247866
-0.49	0.249123
-0.489	0.250388
-0.488	0.251658
-0.487	0.252936
-0.486	0.254219
-0.485	0.255509
-0.484	0.256806
-0.483	0.258109
-0.482	0.259419
-0.481	0.260735
-0.48	0.262058
-0.479	0.263388
-0.478	0.264725
-0.477	0.266068
-0.476	0.267418
-0.475	0.268775
-0.474	0.270139
-0.473	0.27151
-0.472	0.272888
-0.471	0.274272
-0.47	0.275664
-0.469	0.277063
-0.468	0.278469
-0.467	0.279882
-0.466	0.281302
-0.465	0.282729
-0.464	0.284164
-0.463	0.285605
-0.462	0.287055
-0.461	0.288511
-0.46	0.289975
-0.459	0.291446
-0.458	0.292925
-0.457	0.294411
-0.456	0.295905
-0.455	0.297406
-0.454	0.298915
-0.453	0.300432
-0.452	0.301956
-0.451	0.303488
-0.45	0.305028
-0.449	0.306575
-0.448	0.308131
-0.447	0.309694
-0.446	0.311265
-0.445	0.312844
-0.444	0.314432
-0.443	0.316027
-0.442	0.31763
-0.441	0.319241
-0.44	0.320861
-0.439	0.322489
-0.438	0.324125
-0.437	0.325769
-0.436	0.327422
-0.435	0.329083
-0.434	0.330753
-0.433	0.332431
-0.432	0.334117
-0.431	0.335813
-0.43	0.337516
-0.429	0.339229
-0.428	0.34095
-0.427	0.342679
-0.426	0.344418
-0.425	0.346165
-0.424	0.347921
-0.423	0.349687
-0.422	0.351461
-0.421	0.353244
-0.42	0.355036
-0.419	0.356837
-0.418	0.358648
-0.417	0.360467
-0.416	0.362296
-0.415	0.364134
-0.414	0.365982
-0.413	0.367839
-0.412	0.369705
-0.411	0.371581
-0.41	0.373466
-0.409	0.375361
-0.408	0.377266
-0.407	0.37918
-0.406	0.381104
-0.405	0.383037
-0.404	0.384981
-0.403	0.386934
-0.402	0.388898
-0.401	0.390871
-0.4	0.392854
-0.399	0.394848
-0.398	0.396851
-0.397	0.398865
-0.396	0.400889
-0.395	0.402923
-0.394	0.404968
-0.393	0.407023
-0.392	0.409088
-0.391	0.411164
-0.39	0.413251
-0.389	0.415348
-0.388	0.417455
-0.387	0.419574
-0.386	0.421703
-0.385	0.423842
-0.384	0.425993
-0.383	0.428155
-0.382	0.430328
-0.381	0.432512
-0.38	0.434706
-0.379	0.436912
-0.378	0.439129
-0.377	0.441358
-0.376	0.443597
-0.375	0.445848
-0.374	0.448111
-0.373	0.450384
-0.372	0.45267
-0.371	0.454967
-0.37	0.457276
-0.369	0.459596
-0.368	0.461928
-0.367	0.464272
-0.366	0.466628
-0.365	0.468995
-0.364	0.471375
-0.363	0.473767
-0.362	0.476171
-0.361	0.478587
-0.36	0.481015
-0.359	0.483456
-0.358	0.485909
-0.357	0.488374
-0.356	0.490852
-0.355	0.493343
-0.354	0.495846
-0.353	0.498362
-0.352	0.50089
-0.351	0.503432
-0.35	0.505986
-0.349	0.508703
-0.348	0.511734
-0.347	0.515071
-0.346	0.518704
-0.345	0.522624
-0.344	0.526821
-0.343	0.531283
-0.342	0.536
-0.341	0.54096
-0.34	0.546151
-0.339	0.551541
-0.338	0.557097
-0.337	0.562804
-0.336	0.56865
-0.335	0.57462
-0.334	0.580701
-0.333	0.58688
-0.332	0.593143
-0.331	0.599479
-0.33	0.605874
-0.329	0.612316
-0.328	0.618794
-0.327	0.625296
-0.326	0.63181
-0.325	0.638327
-0.324	0.644835
-0.323	0.651324
-0.322	0.657783
-0.321	0.664205
-0.32	0.670579
-0.319	0.676896
-0.318	0.683147
-0.317	0.689326
-0.316	0.695423
-0.315	0.70143
-0.314	0.707341
-0.313	0.713147
-0.312	0.718844
-0.311	0.724423
-0.31	0.729878
-0.309	0.735203
-0.308	0.740393
-0.307	0.745441
-0.306	0.750343
-0.305	0.755094
-0.304	0.759687
-0.303	0.76412
-0.302	0.768387
-0.301	0.772485
-0.3	0.776409
-0.299	0.780155
-0.298	0.783721
-0.297	0.787102
-0.296	0.790296
-0.295	0.7933
-0.294	0.79611
-0.293	0.798725
-0.292	0.801142
-0.291	0.803359
-0.29	0.805373
-0.289	0.807184
-0.288	0.808789
-0.287	0.810188
-0.286	0.811379
-0.285	0.812359
-0.284	0.813131
-0.283	0.813692
-0.282	0.814042
-0.281	0.814181
-0.28	0.814108
-0.279	0.813823
-0.278	0.813328
-0.277	0.812622
-0.276	0.811705
-0.275	0.810579
-0.274	0.809245
-0.273	0.807704
-0.272	0.805957
-0.271	0.804005
-0.27	0.801851
-0.269	0.799497
-0.268	0.796943
-0.267	0.794193
-0.266	0.79125
-0.265	0.788115
-0.264	0.784792
-0.263	0.781284
-0.262	0.777594
-0.261	0.773725
-0.26	0.769682
-0.259	0.765464
-0.258	0.761074
-0.257	0.756514
-0.256	0.75179
-0.255	0.746909
-0.254	0.741875
-0.253	0.736694
-0.252	0.731373
-0.251	0.725917
-0.25	0.720335
-0.249	0.714632
-0.248	0.708815
-0.247	0.702892
-0.246	0.696873
-0.245	0.690765
-0.244	0.684574
-0.243	0.678311
-0.242	0.671986
-0.241	0.665608
-0.24	0.659185
-0.239	0.652729
-0.238	0.64625
-0.237	0.63976
-0.236	0.633267
-0.235	0.626787
-0.234	0.620329
-0.233	0.613906
-0.232	0.60753
-0.231	0.601216
-0.23	0.594976
-0.229	0.588824
-0.228	0.582772
-0.227	0.576836
-0.226	0.571031
-0.225	0.56537
-0.224	0.559868
-0.223	0.554541
-0.222	0.549402
-0.221	0.544467
-0.22	0.53975
-0.219	0.535265
-0.218	0.531028
-0.217	0.527051
-0.216	0.523348
-0.215	0.519932
-0.214	0.516816
-0.213	0.514009
-0.212	0.511525
-0.211	0.509371
-0.21	0.507556
-0.209	0.506089
-0.208	0.504974
-0.207	0.504217
-0.206	0.503822
-0.205	0.503791
-0.204	0.504125
-0.203	0.504823
-0.202	0.505883
-0.201	0.507303
-0.2	0.509077
-0.199	0.511198
-0.198	0.513662
-0.197	0.516459
-0.196	0.51958
-0.195	0.523014
-0.194	0.526751
-0.193	0.530778
-0.192	0.535084
-0.191	0.539655
-0.19	0.544477
-0.189	0.549537
-0.188	0.55482
-0.187	0.560312
-0.186	0.566
-0.185	0.571866
-0.184	0.577899
-0.183	0.584083
-0.182	0.590404
-0.181	0.596847
-0.18	0.6034
-0.179	0.610057
-0.178	0.616818
-0.177	0.623669
-0.176	0.630596
-0.175	0.637589
-0.174	0.644634
-0.173	0.651719
-0.172	0.658835
-0.171	0.665967
-0.17	0.673108
-0.169	0.680245
-0.168	0.687369
-0.167	0.694469
-0.166	0.701537
-0.165	0.708563
-0.164	0.715538
-0.163	0.722454
-0.162	0.729302
-0.161	0.736073
-0.16	0.742762
-0.159	0.749359
-0.158	0.755858
-0.157	0.762253
-0.156	0.768536
-0.155	0.774701
-0.154	0.780742
-0.153	0.786653
-0.152	0.792429
-0.151	0.798064
-0.15	0.803553
-0.149	0.808891
-0.148	0.814073
-0.147	0.819095
-0.146	0.823953
-0.145	0.828642
-0.144	0.833159
-0.143	0.8375
-0.142	0.841662
-0.141	0.84564
-0.14	0.849433
-0.139	0.853037
-0.138	0.85645
-0.137	0.859669
-0.136	0.862692
-0.135	0.865517
-0.134	0.868141
-0.133	0.870563
-0.132	0.872782
-0.131	0.874795
-0.13	0.876603
-0.129	0.878203
-0.128	0.879595
-0.127	0.880777
-0.126	0.88175
-0.125	0.882514
-0.124	0.883067
-0.123	0.88341
-0.122	0.883543
-0.121	0.883467
-0.12	0.883181
-0.119	0.882687
-0.118	0.881985
-0.117	0.881077
-0.116	0.879964
-0.115	0.878646
-0.114	0.877126
-0.113	0.875405
-0.112	0.873485
-0.111	0.871368
-0.11	0.869057
-0.109	0.866554
-0.108	0.863862
-0.107	0.860982
-0.106	0.85792
-0.105	0.854678
-0.104	0.851257
-0.103	0.847665
-0.102	0.843902
-0.101	0.839974
-0.1	0.835886