-3.037	1.02873e-014
-3.036	1.03968e-014
-3.035	1.05246e-014
-3.034	1.06705e-014
-3.033	1.08349e-014
-3.032	1.10177e-014
-3.031	1.12192e-014
-3.03	1.14395e-014
-3.029	1.16787e-014
-3.028	1.19369e-014
-3.027	1.22144e-014
-3.026	1.25113e-014
-3.025	1.28279e-014
-3.024	1.31642e-014
-3.023	1.35205e-014
-3.022	1.38969e-014
-3.021	1.42939e-014
-3.02	1.47113e-014
-3.019	1.51497e-014
-3.018	1.56089e-014
-3.017	1.60896e-014
-3.016	1.65916e-014
-3.015	1.71152e-014
-3.014	1.76609e-014
-3.013	1.82285e-014
-3.012	1.88184e-014
-3.011	1.94306e-014
-3.01	2.00657e-014
-3.009	2.07234e-014
-3.008	2.1404e-014
-3.007	2.21079e-014
-3.006	2.28349e-014
-3.005	2.35852e-014
-3.004	2.43586e-014
-3.003	2.51558e-014
-3.002	2.59763e-014
-3.001	2.68203e-014
-3	2.76879e-014
-2.999	2.85786e-014
-2.998	2.94928e-014
-2.997	3.043e-014
-2.996	3.13903e-014
-2.995	3.23733e-014
-2.994	3.33788e-014
-2.993	3.44065e-014
-2.992	3.5456e-014
-2.991	3.6527e-014
-2.99	3.76189e-014
-2.989	3.87312e-014
-2.988	3.98631e-014
-2.987	4.10147e-014
-2.986	4.21843e-014
-2.985	4.33714e-014
-2.984	4.45755e-014
-2.983	4.57955e-014
-2.982	4.70302e-014
-2.981	4.82787e-014
-2.98	4.95395e-014
-2.979	5.08118e-014
-2.978	5.20944e-014
-2.977	5.33851e-014
-2.976	5.46831e-014
-2.975	5.59866e-014
-2.974	5.72946e-014
-2.973	5.86049e-014
-2.972	5.99159e-014
-2.971	6.12256e-014
-2.97	6.25321e-014
-2.969	6.38348e-014
-2.968	6.51304e-014
-2.967	6.64185e-014
-2.966	6.76963e-014
-2.965	6.89628e-014
-2.964	7.02171e-014
-2.963	7.14555e-014
-2.962	7.26792e-014
-2.961	7.38857e-014
-2.96	7.50758e-014
-2.959	7.62471e-014
-2.958	7.74014e-014
-2.957	7.8539e-014
-2.956	7.9661e-014
-2.955	8.07694e-014
-2.954	8.18665e-014
-2.953	8.29569e-014
-2.952	8.40458e-014
-2.951	8.51373e-014
-2.95	8.6242e-014
-2.949	8.73687e-014
-2.948	8.85262e-014
-2.947	8.97309e-014
-2.946	9.09961e-014
-2.945	9.23412e-014
-2.944	9.37849e-014
-2.943	9.5351e-014
-2.942	9.70653e-014
-2.941	9.89564e-014
-2.94	1.01054e-013
-2.939	1.03392e-013
-2.938	1.06005e-013
-2.937	1.08928e-013
-2.936	1.12201e-013
-2.935	1.15865e-013
-2.934	1.19952e-013
-2.933	1.24505e-013
-2.932	1.29559e-013
-2.931	1.35151e-013
-2.93	1.41316e-013
-2.929	1.48087e-013
-2.928	1.55491e-013
-2.927	1.6356e-013
-2.926	1.7232e-013
-2.925	1.81798e-013
-2.924	1.92016e-013
-2.923	2.02995e-013
-2.922	2.14758e-013
-2.921	2.27329e-013
-2.92	2.40721e-013
-2.919	2.54954e-013
-2.918	2.70056e-013
-2.917	2.8603e-013
-2.916	3.02905e-013
-2.915	3.20691e-013
-2.914	3.39409e-013
-2.913	3.59068e-013
-2.912	3.79687e-013
-2.911	4.01282e-013
-2.91	4.23865e-013
-2.909	4.47446e-013
-2.908	4.72038e-013
-2.907	4.97652e-013
-2.906	5.24295e-013
-2.905	5.51971e-013
-2.904	5.8069e-013
-2.903	6.10453e-013
-2.902	6.4126e-013
-2.901	6.73111e-013
-2.9	7.05999e-013
-2.899	7.39923e-013
-2.898	7.74867e-013
-2.897	8.10818e-013
-2.896	8.47769e-013
-2.895	8.85687e-013
-2.894	9.24556e-013
-2.893	9.64345e-013
-2.892	1.00502e-012
-2.891	1.04654e-012
-2.89	1.08887e-012
-2.889	1.13196e-012
-2.888	1.17576e-012
-2.887	1.2202e-012
-2.886	1.26523e-012
-2.885	1.31077e-012
-2.884	1.35676e-012
-2.883	1.4031e-012
-2.882	1.44971e-012
-2.881	1.4965e-012
-2.88	1.54338e-012
-2.879	1.59022e-012
-2.878	1.63695e-012
-2.877	1.68342e-012
-2.876	1.72955e-012
-2.875	1.7752e-012
-2.874	1.82026e-012
-2.873	1.86462e-012
-2.872	1.90815e-012
-2.871	1.95077e-012
-2.87	1.99237e-012
-2.869	2.03287e-012
-2.868	2.0722e-012
-2.867	2.11033e-012
-2.866	2.14725e-012
-2.865	2.18299e-012
-2.864	2.21763e-012
-2.863	2.25132e-012
-2.862	2.2843e-012
-2.861	2.31685e-012
-2.86	2.34941e-012
-2.859	2.38254e-012
-2.858	2.41694e-012
-2.857	2.45347e-012
-2.856	2.49321e-012
-2.855	2.53743e-012
-2.854	2.58762e-012
-2.853	2.64555e-012
-2.852	2.71311e-012
-2.851	2.79246e-012
-2.85	2.88595e-012
-2.849	2.99599e-012
-2.848	3.12504e-012
-2.847	3.27565e-012
-2.846	3.45021e-012
-2.845	3.6511e-012
-2.844	3.8805e-012
-2.843	4.14047e-012
-2.842	4.43295e-012
-2.841	4.75977e-012
-2.84	5.1226e-012
-2.839	5.5231e-012
-2.838	5.96289e-012
-2.837	6.4436e-012
-2.836	6.96684e-012
-2.835	7.53427e-012
-2.834	8.14762e-012
-2.833	8.80868e-012
-2.832	9.51927e-012
-2.831	1.02814e-011
-2.83	1.10969e-011
-2.829	1.19681e-011
-2.828	1.28969e-011
-2.827	1.38858e-011
-2.826	1.49369e-011
-2.825	1.60527e-011
-2.824	1.72357e-011
-2.823	1.84882e-011
-2.822	1.98131e-011
-2.821	2.12128e-011
-2.82	2.26902e-011
-2.819	2.4248e-011
-2.818	2.58889e-011
-2.817	2.76159e-011
-2.816	2.94317e-011
-2.815	3.13394e-011
-2.814	3.33419e-011
-2.813	3.54421e-011
-2.812	3.76431e-011
-2.811	3.99476e-011
-2.81	4.23589e-011
-2.809	4.48797e-011
-2.808	4.7513e-011
-2.807	5.02616e-011
-2.806	5.31286e-011
-2.805	5.61165e-011
-2.804	5.92281e-011
-2.803	6.2466e-011
-2.802	6.58328e-011
-2.801	6.93308e-011
-2.8	7.29624e-011
-2.799	7.67296e-011
-2.798	8.06343e-011
-2.797	8.46786e-011
-2.796	8.88637e-011
-2.795	9.3191e-011
-2.794	9.76621e-011
-2.793	1.02277e-010
-2.792	1.07037e-010
-2.791	1.11942e-010
-2.79	1.16991e-010
-2.789	1.22186e-010
-2.788	1.27524e-010
-2.787	1.33003e-010
-2.786	1.38624e-010
-2.785	1.44382e-010
-2.784	1.50277e-010
-2.783	1.56304e-010
-2.782	1.62459e-010
-2.781	1.68739e-010
-2.78	1.75138e-010
-2.779	1.8165e-010
-2.778	1.88271e-010
-2.777	1.94992e-010
-2.776	2.01805e-010
-2.775	2.08704e-010
-2.774	2.15678e-010
-2.773	2.22719e-010
-2.772	2.29815e-010
-2.771	2.36956e-010
-2.77	2.4413e-010
-2.769	2.51324e-010
-2.768	2.58529e-010
-2.767	2.65727e-010
-2.766	2.72905e-010
-2.765	2.80053e-010
-2.764	2.87152e-010
-2.763	2.94193e-010
-2.762	3.01156e-010
-2.761	3.08035e-010
-2.76	3.14814e-010
-2.759	3.21483e-010
-2.758	3.28035e-010
-2.757	3.34463e-010
-2.756	3.40763e-010
-2.755	3.46935e-010
-2.754	3.52985e-010
-2.753	3.58927e-010
-2.752	3.64778e-010
-2.751	3.70567e-010
-2.75	3.76329e-010
-2.749	3.82117e-010
-2.748	3.87993e-010
-2.747	3.94039e-010
-2.746	4.00352e-010
-2.745	4.07055e-010
-2.744	4.14284e-010
-2.743	4.22211e-010
-2.742	4.31024e-010
-2.741	4.40939e-010
-2.74	4.52195e-010
-2.739	4.65062e-010
-2.738	4.79819e-010
-2.737	4.96766e-010
-2.736	5.1621e-010
-2.735	5.38465e-010
-2.734	5.63839e-010
-2.733	5.92638e-010
-2.732	6.25153e-010
-2.731	6.61664e-010
-2.73	7.02437e-010
-2.729	7.47721e-010
-2.728	7.9775e-010
-2.727	8.52761e-010
-2.726	9.12961e-010
-2.725	9.78576e-010
-2.724	1.04981e-009
-2.723	1.12687e-009
-2.722	1.20998e-009
-2.721	1.29933e-009
-2.72	1.39518e-009
-2.719	1.49773e-009
-2.718	1.6072e-009
-2.717	1.72386e-009
-2.716	1.84792e-009
-2.715	1.97965e-009
-2.714	2.1193e-009
-2.713	2.26712e-009
-2.712	2.42339e-009
-2.711	2.58838e-009
-2.71	2.76235e-009
-2.709	2.94559e-009
-2.708	3.13838e-009
-2.707	3.341e-009
-2.706	3.55372e-009
-2.705	3.77683e-009
-2.704	4.01063e-009
-2.703	4.25538e-009
-2.702	4.51138e-009
-2.701	4.77888e-009
-2.7	5.05815e-009
-2.699	5.34947e-009
-2.698	5.65309e-009
-2.697	5.96925e-009
-2.696	6.29819e-009
-2.695	6.64012e-009
-2.694	6.99527e-009
-2.693	7.36382e-009
-2.692	7.74595e-009
-2.691	8.14182e-009
-2.69	8.55157e-009
-2.689	8.97531e-009
-2.688	9.41312e-009
-2.687	9.86508e-009
-2.686	1.03312e-008
-2.685	1.08115e-008
-2.684	1.1306e-008
-2.683	1.18145e-008
-2.682	1.2337e-008
-2.681	1.28732e-008
-2.68	1.34232e-008
-2.679	1.39864e-008
-2.678	1.45628e-008
-2.677	1.51519e-008
-2.676	1.57534e-008
-2.675	1.63668e-008
-2.674	1.69916e-008
-2.673	1.76272e-008
-2.672	1.82731e-008
-2.671	1.89285e-008
-2.67	1.95927e-008
-2.669	2.02649e-008
-2.668	2.09441e-008
-2.667	2.16296e-008
-2.666	2.23202e-008
-2.665	2.3015e-008
-2.664	2.37129e-008
-2.663	2.44126e-008
-2.662	2.51132e-008
-2.661	2.58131e-008
-2.66	2.65115e-008
-2.659	2.7207e-008
-2.658	2.78983e-008
-2.657	2.85844e-008
-2.656	2.92642e-008
-2.655	2.99366e-008
-2.654	3.06009e-008
-2.653	3.12561e-008
-2.652	3.19022e-008
-2.651	3.2539e-008
-2.65	3.31664e-008
-2.649	3.37852e-008
-2.648	3.43969e-008
-2.647	3.50031e-008
-2.646	3.56067e-008
-2.645	3.62113e-008
-2.644	3.68213e-008
-2.643	3.74426e-008
-2.642	3.8083e-008
-2.641	3.87509e-008
-2.64	3.94575e-008
-2.639	4.02149e-008
-2.638	4.10382e-008
-2.637	4.19436e-008
-2.636	4.29394e-008
-2.635	4.40206e-008
-2.634	4.51876e-008
-2.633	4.64408e-008
-2.632	4.77809e-008
-2.631	4.92087e-008
-2.63	5.07249e-008
-2.629	5.23306e-008
-2.628	5.4027e-008
-2.627	5.58151e-008
-2.626	5.76964e-008
-2.625	5.96721e-008
-2.624	6.17435e-008
-2.623	6.39119e-008
-2.622	6.61787e-008
-2.621	6.8545e-008
-2.62	7.1012e-008
-2.619	7.35809e-008
-2.618	7.62525e-008
-2.617	7.90278e-008
-2.616	8.19075e-008
-2.615	8.48923e-008
-2.614	8.79823e-008
-2.613	9.11779e-008
-2.612	9.4479e-008
-2.611	9.78857e-008
-2.61	1.01398e-007
-2.609	1.05014e-007
-2.608	1.08735e-007
-2.607	1.12558e-007
-2.606	1.16484e-007
-2.605	1.2051e-007
-2.604	1.24635e-007
-2.603	1.28857e-007
-2.602	1.33174e-007
-2.601	1.37584e-007
-2.6	1.42085e-007
-2.599	1.46674e-007
-2.598	1.51347e-007
-2.597	1.56103e-007
-2.596	1.60937e-007
-2.595	1.65847e-007
-2.594	1.70828e-007
-2.593	1.75876e-007
-2.592	1.80987e-007
-2.591	1.86158e-007
-2.59	1.91383e-007
-2.589	1.96658e-007
-2.588	2.01977e-007
-2.587	2.07336e-007
-2.586	2.12729e-007
-2.585	2.18152e-007
-2.584	2.23597e-007
-2.583	2.29059e-007
-2.582	2.34532e-007
-2.581	2.40011e-007
-2.58	2.45488e-007
-2.579	2.50957e-007
-2.578	2.56411e-007
-2.577	2.61844e-007
-2.576	2.67249e-007
-2.575	2.72618e-007
-2.574	2.77945e-007
-2.573	2.83221e-007
-2.572	2.88441e-007
-2.571	2.93595e-007
-2.57	2.98677e-007
-2.569	3.03679e-007
-2.568	3.08594e-007
-2.567	3.13413e-007
-2.566	3.18129e-007
-2.565	3.22735e-007
-2.564	3.27221e-007
-2.563	3.31582e-007
-2.562	3.35809e-007
-2.561	3.39895e-007
-2.56	3.43832e-007
-2.559	3.47613e-007
-2.558	3.5123e-007
-2.557	3.54677e-007
-2.556	3.57946e-007
-2.555	3.61031e-007
-2.554	3.63927e-007
-2.553	3.66625e-007
-2.552	3.69121e-007
-2.551	3.71409e-007
-2.55	3.73485e-007
-2.549	3.75343e-007
-2.548	3.76979e-007
-2.547	3.7839e-007
-2.546	3.79573e-007
-2.545	3.80526e-007
-2.544	3.81247e-007
-2.543	3.81735e-007
-2.542	3.81992e-007
-2.541	3.82018e-007
-2.54	3.81816e-007
-2.539	3.81388e-007
-2.538	3.80741e-007
-2.537	3.79879e-007
-2.536	3.78812e-007
-2.535	3.77549e-007
-2.534	3.76101e-007
-2.533	3.74483e-007
-2.532	3.72709e-007
-2.531	3.70798e-007
-2.53	3.68772e-007
-2.529	3.66654e-007
-2.528	3.6447e-007
-2.527	3.62252e-007
-2.526	3.60032e-007
-2.525	3.57847e-007
-2.524	3.55737e-007
-2.523	3.53747e-007
-2.522	3.51925e-007
-2.521	3.50323e-007
-2.52	3.48995e-007
-2.519	3.47999e-007
-2.518	3.47395e-007
-2.517	3.47246e-007
-2.516	3.47614e-007
-2.515	3.48562e-007
-2.514	3.50153e-007
-2.513	3.52447e-007
-2.512	3.55499e-007
-2.511	3.59361e-007
-2.51	3.64079e-007
-2.509	3.69692e-007
-2.508	3.7623e-007
-2.507	3.8372e-007
-2.506	3.92175e-007
-2.505	4.01606e-007
-2.504	4.12011e-007
-2.503	4.23386e-007
-2.502	4.35718e-007
-2.501	4.48989e-007
-2.5	4.63178e-007
-2.499	4.78259e-007
-2.498	4.94203e-007
-2.497	5.10979e-007
-2.496	5.28553e-007
-2.495	5.46893e-007
-2.494	5.65963e-007
-2.493	5.85728e-007
-2.492	6.06154e-007
-2.491	6.27204e-007
-2.49	6.48843e-007
-2.489	6.71035e-007
-2.488	6.93746e-007
-2.487	7.16942e-007
-2.486	7.40588e-007
-2.485	7.64649e-007
-2.484	7.89093e-007
-2.483	8.13884e-007
-2.482	8.3899e-007
-2.481	8.64378e-007
-2.48	8.90015e-007
-2.479	9.15866e-007
-2.478	9.419e-007
-2.477	9.68082e-007
-2.476	9.94381e-007
-2.475	1.02076e-006
-2.474	1.04719e-006
-2.473	1.07364e-006
-2.472	1.10007e-006
-2.471	1.12644e-006
-2.47	1.15274e-006
-2.469	1.17891e-006
-2.468	1.20494e-006
-2.467	1.23078e-006
-2.466	1.2564e-006
-2.465	1.28177e-006
-2.464	1.30685e-006
-2.463	1.33161e-006
-2.462	1.35602e-006
-2.461	1.38004e-006
-2.46	1.40364e-006
-2.459	1.42679e-006
-2.458	1.44945e-006
-2.457	1.47158e-006
-2.456	1.49317e-006
-2.455	1.51418e-006
-2.454	1.53456e-006
-2.453	1.55431e-006
-2.452	1.57337e-006
-2.451	1.59173e-006
-2.45	1.60936e-006
-2.449	1.62622e-006
-2.448	1.64229e-006
-2.447	1.65754e-006
-2.446	1.67196e-006
-2.445	1.68551e-006
-2.444	1.69817e-006
-2.443	1.70993e-006
-2.442	1.72077e-006
-2.441	1.73067e-006
-2.44	1.73961e-006
-2.439	1.74758e-006
-2.438	1.75458e-006
-2.437	1.7606e-006
-2.436	1.76562e-006
-2.435	1.76966e-006
-2.434	1.77272e-006
-2.433	1.77479e-006
-2.432	1.7759e-006
-2.431	1.77605e-006
-2.43	1.77527e-006
-2.429	1.77359e-006
-2.428	1.77102e-006
-2.427	1.76762e-006
-2.426	1.76342e-006
-2.425	1.75847e-006
-2.424	1.75284e-006
-2.423	1.74658e-006
-2.422	1.73978e-006
-2.421	1.73251e-006
-2.42	1.72487e-006
-2.419	1.71696e-006
-2.418	1.7089e-006
-2.417	1.70081e-006
-2.416	1.69283e-006
-2.415	1.68511e-006
-2.414	1.67781e-006
-2.413	1.67109e-006
-2.412	1.66515e-006
-2.411	1.66018e-006
-2.41	1.65636e-006
-2.409	1.65392e-006
-2.408	1.65308e-006
-2.407	1.65404e-006
-2.406	1.65702e-006
-2.405	1.66226e-006
-2.404	1.66995e-006
-2.403	1.6803e-006
-2.402	1.6935e-006
-2.401	1.70972e-006
-2.4	1.72912e-006
-2.399	1.75184e-006
-2.398	1.77798e-006
-2.397	1.80763e-006
-2.396	1.84085e-006
-2.395	1.87767e-006
-2.394	1.9181e-006
-2.393	1.96213e-006
-2.392	2.00973e-006
-2.391	2.06084e-006
-2.39	2.11538e-006
-2.389	2.17327e-006
-2.388	2.23441e-006
-2.387	2.29868e-006
-2.386	2.36596e-006
-2.385	2.43613e-006
-2.384	2.50906e-006
-2.383	2.58461e-006
-2.382	2.66264e-006
-2.381	2.74302e-006
-2.38	2.82559e-006
-2.379	2.91022e-006
-2.378	2.99678e-006
-2.377	3.08511e-006
-2.376	3.17507e-006
-2.375	3.26653e-006
-2.374	3.35935e-006
-2.373	3.45339e-006
-2.372	3.54851e-006
-2.371	3.64458e-006
-2.37	3.74145e-006
-2.369	3.83901e-006
-2.368	3.9371e-006
-2.367	4.0356e-006
-2.366	4.13438e-006
-2.365	4.23331e-006
-2.364	4.33224e-006
-2.363	4.43106e-006
-2.362	4.52963e-006
-2.361	4.62783e-006
-2.36	4.72552e-006
-2.359	4.82258e-006
-2.358	4.91887e-006
-2.357	5.01428e-006
-2.356	5.10867e-006
-2.355	5.20193e-006
-2.354	5.29392e-006
-2.353	5.38453e-006
-2.352	5.47364e-006
-2.351	5.56112e-006
-2.35	5.64686e-006
-2.349	5.73074e-006
-2.348	5.81265e-006
-2.347	5.89247e-006
-2.346	5.9701e-006
-2.345	6.04542e-006
-2.344	6.11834e-006
-2.343	6.18876e-006
-2.342	6.25658e-006
-2.341	6.32169e-006
-2.34	6.38402e-006
-2.339	6.44348e-006
-2.338	6.49999e-006
-2.337	6.55347e-006
-2.336	6.60385e-006
-2.335	6.65108e-006
-2.334	6.69509e-006
-2.333	6.73583e-006
-2.332	6.77327e-006
-2.331	6.80737e-006
-2.33	6.83811e-006
-2.329	6.86547e-006
-2.328	6.88945e-006
-2.327	6.91004e-006
-2.326	6.92728e-006
-2.325	6.94118e-006
-2.324	6.95179e-006
-2.323	6.95917e-006
-2.322	6.96339e-006
-2.321	6.96453e-006
-2.32	6.96272e-006
-2.319	6.95806e-006
-2.318	6.95071e-006
-2.317	6.94083e-006
-2.316	6.9286e-006
-2.315	6.91424e-006
-2.314	6.89798e-006
-2.313	6.88007e-006
-2.312	6.86082e-006
-2.311	6.84052e-006
-2.31	6.81952e-006
-2.309	6.7982e-006
-2.308	6.77695e-006
-2.307	6.75621e-006
-2.306	6.73644e-006
-2.305	6.71813e-006
-2.304	6.7018e-006
-2.303	6.68799e-006
-2.302	6.67728e-006
-2.301	6.67026e-006
-2.3	6.66754e-006
-2.299	6.66971e-006
-2.298	6.67743e-006
-2.297	6.69131e-006
-2.296	6.71197e-006
-2.295	6.73999e-006
-2.294	6.77598e-006
-2.293	6.82046e-006
-2.292	6.87396e-006
-2.291	6.93692e-006
-2.29	7.00977e-006
-2.289	7.09285e-006
-2.288	7.18644e-006
-2.287	7.29078e-006
-2.286	7.40602e-006
-2.285	7.53223e-006
-2.284	7.66944e-006
-2.283	7.81762e-006
-2.282	7.97665e-006
-2.281	8.14639e-006
-2.28	8.32662e-006
-2.279	8.51709e-006
-2.278	8.71751e-006
-2.277	8.92754e-006
-2.276	9.14682e-006
-2.275	9.37498e-006
-2.274	9.6116e-006
-2.273	9.85627e-006
-2.272	1.01086e-005
-2.271	1.0368e-005
-2.27	1.06342e-005
-2.269	1.09066e-005
-2.268	1.11848e-005
-2.267	1.14684e-005
-2.266	1.17569e-005
-2.265	1.20497e-005
-2.264	1.23466e-005
-2.263	1.26469e-005
-2.262	1.29503e-005
-2.261	1.32562e-005
-2.26	1.35644e-005
-2.259	1.38742e-005
-2.258	1.41852e-005
-2.257	1.44971e-005
-2.256	1.48093e-005
-2.255	1.51215e-005
-2.254	1.54331e-005
-2.253	1.57439e-005
-2.252	1.60534e-005
-2.251	1.63611e-005
-2.25	1.66666e-005
-2.249	1.69696e-005
-2.248	1.72697e-005
-2.247	1.75663e-005
-2.246	1.78593e-005
-2.245	1.81481e-005
-2.244	1.84323e-005
-2.243	1.87118e-005
-2.242	1.8986e-005
-2.241	1.92545e-005
-2.24	1.95172e-005
-2.239	1.97736e-005
-2.238	2.00233e-005
-2.237	2.02662e-005
-2.236	2.05019e-005
-2.235	2.073e-005
-2.234	2.09503e-005
-2.233	2.11626e-005
-2.232	2.13665e-005
-2.231	2.15619e-005
-2.23	2.17485e-005
-2.229	2.19262e-005
-2.228	2.20946e-005
-2.227	2.22538e-005
-2.226	2.24035e-005
-2.225	2.25435e-005
-2.224	2.26739e-005
-2.223	2.27945e-005
-2.222	2.29053e-005
-2.221	2.30062e-005
-2.22	2.30974e-005
-2.219	2.31787e-005
-2.218	2.32504e-005
-2.217	2.33124e-005
-2.216	2.3365e-005
-2.215	2.34083e-005
-2.214	2.34427e-005
-2.213	2.34682e-005
-2.212	2.34853e-005
-2.211	2.34944e-005
-2.21	2.34958e-005
-2.209	2.34899e-005
-2.208	2.34775e-005
-2.207	2.34589e-005
-2.206	2.34349e-005
-2.205	2.34062e-005
-2.204	2.33735e-005
-2.203	2.33376e-005
-2.202	2.32996e-005
-2.201	2.32602e-005
-2.2	2.32206e-005
-2.199	2.31818e-005
-2.198	2.31451e-005
-2.197	2.31115e-005
-2.196	2.30825e-005
-2.195	2.30593e-005
-2.194	2.30433e-005
-2.193	2.3036e-005
-2.192	2.30389e-005
-2.191	2.30533e-005
-2.19	2.30809e-005
-2.189	2.31231e-005
-2.188	2.31815e-005
-2.187	2.32575e-005
-2.186	2.33526e-005
-2.185	2.3468e-005
-2.184	2.36052e-005
-2.183	2.37653e-005
-2.182	2.39495e-005
-2.181	2.41587e-005
-2.18	2.43939e-005
-2.179	2.46557e-005
-2.178	2.49448e-005
-2.177	2.52615e-005
-2.176	2.56063e-005
-2.175	2.59792e-005
-2.174	2.63802e-005
-2.173	2.68092e-005
-2.172	2.72659e-005
-2.171	2.77499e-005
-2.17	2.82606e-005
-2.169	2.87974e-005
-2.168	2.93596e-005
-2.167	2.99463e-005
-2.166	3.05565e-005
-2.165	3.11894e-005
-2.164	3.18439e-005
-2.163	3.25188e-005
-2.162	3.32131e-005
-2.161	3.39255e-005
-2.16	3.46549e-005
-2.159	3.54e-005
-2.158	3.61597e-005
-2.157	3.69326e-005
-2.156	3.77175e-005
-2.155	3.85131e-005
-2.154	3.93183e-005
-2.153	4.01317e-005
-2.152	4.09521e-005
-2.151	4.17782e-005
-2.15	4.26089e-005
-2.149	4.34428e-005
-2.148	4.42787e-005
-2.147	4.51155e-005
-2.146	4.5952e-005
-2.145	4.6787e-005
-2.144	4.76194e-005
-2.143	4.84479e-005
-2.142	4.92714e-005
-2.141	5.0089e-005
-2.14	5.08994e-005
-2.139	5.17016e-005
-2.138	5.24945e-005
-2.137	5.32773e-005
-2.136	5.40487e-005
-2.135	5.48078e-005
-2.134	5.55537e-005
-2.133	5.62856e-005
-2.132	5.70023e-005
-2.131	5.77032e-005
-2.13	5.83873e-005
-2.129	5.90539e-005
-2.128	5.97021e-005
-2.127	6.03313e-005
-2.126	6.09408e-005
-2.125	6.15299e-005
-2.124	6.20979e-005
-2.123	6.26445e-005
-2.122	6.31688e-005
-2.121	6.36707e-005
-2.12	6.41495e-005
-2.119	6.4605e-005
-2.118	6.50368e-005
-2.117	6.54446e-005
-2.116	6.58284e-005
-2.115	6.6188e-005
-2.114	6.65233e-005
-2.113	6.68343e-005
-2.112	6.71211e-005
-2.111	6.73841e-005
-2.11	6.76232e-005
-2.109	6.7839e-005
-2.108	6.80317e-005
-2.107	6.82021e-005
-2.106	6.83505e-005
-2.105	6.8478e-005
-2.104	6.85851e-005
-2.103	6.86728e-005
-2.102	6.87423e-005
-2.101	6.87947e-005
-2.1	6.88311e-005
-2.099	6.8853e-005
-2.098	6.8862e-005
-2.097	6.88597e-005
-2.096	6.88478e-005
-2.095	6.88283e-005
-2.094	6.88031e-005
-2.093	6.87745e-005
-2.092	6.87447e-005
-2.091	6.87162e-005
-2.09	6.86914e-005
-2.089	6.8673e-005
-2.088	6.86638e-005
-2.087	6.86666e-005
-2.086	6.86843e-005
-2.085	6.87198e-005
-2.084	6.87762e-005
-2.083	6.88567e-005
-2.082	6.89643e-005
-2.081	6.91023e-005
-2.08	6.92735e-005
-2.079	6.94812e-005
-2.078	6.97282e-005
-2.077	7.00174e-005
-2.076	7.03517e-005
-2.075	7.07335e-005
-2.074	7.11653e-005
-2.073	7.16492e-005
-2.072	7.21874e-005
-2.071	7.27816e-005
-2.07	7.34332e-005
-2.069	7.41435e-005
-2.068	7.49134e-005
-2.067	7.57436e-005
-2.066	7.66345e-005
-2.065	7.75861e-005
-2.064	7.85983e-005
-2.063	7.96706e-005
-2.062	8.08022e-005
-2.061	8.19923e-005
-2.06	8.32394e-005
-2.059	8.45422e-005
-2.058	8.5899e-005
-2.057	8.7308e-005
-2.056	8.87672e-005
-2.055	9.02744e-005
-2.054	9.18273e-005
-2.053	9.34234e-005
-2.052	9.50603e-005
-2.051	9.67355e-005
-2.05	9.84461e-005
-2.049	0.00010019
-2.048	0.000101963
-2.047	0.000103764
-2.046	0.000105589
-2.045	0.000107435
-2.044	0.000109301
-2.043	0.000111182
-2.042	0.000113076
-2.041	0.00011498
-2.04	0.000116891
-2.039	0.000118807
-2.038	0.000120725
-2.037	0.000122642
-2.036	0.000124555
-2.035	0.000126461
-2.034	0.000128359
-2.033	0.000130245
-2.032	0.000132118
-2.031	0.000133974
-2.03	0.00013581
-2.029	0.000137626
-2.028	0.000139418
-2.027	0.000141185
-2.026	0.000142923
-2.025	0.000144632
-2.024	0.000146309
-2.023	0.000147952
-2.022	0.000149559
-2.021	0.000151129
-2.02	0.000152659
-2.019	0.000154149
-2.018	0.000155597
-2.017	0.000157001
-2.016	0.00015836
-2.015	0.000159673
-2.014	0.00016094
-2.013	0.000162158
-2.012	0.000163328
-2.011	0.000164448
-2.01	0.000165518
-2.009	0.000166537
-2.008	0.000167506
-2.007	0.000168424
-2.006	0.000169292
-2.005	0.000170108
-2.004	0.000170874
-2.003	0.000171591
-2.002	0.000172258
-2.001	0.000172877
-2	0.000173449
-1.999	0.000173975
-1.998	0.000174456
-1.997	0.000174894
-1.996	0.000175291
-1.995	0.000175649
-1.994	0.00017597
-1.993	0.000176257
-1.992	0.000176512
-1.991	0.000176737
-1.99	0.000176937
-1.989	0.000177115
-1.988	0.000177273
-1.987	0.000177417
-1.986	0.000177549
-1.985	0.000177674
-1.984	0.000177796
-1.983	0.00017792
-1.982	0.000178051
-1.981	0.000178193
-1.98	0.000178352
-1.979	0.000178533
-1.978	0.000178741
-1.977	0.000178981
-1.976	0.000179259
-1.975	0.000179581
-1.974	0.000179951
-1.973	0.000180377
-1.972	0.000180862
-1.971	0.000181412
-1.97	0.000182033
-1.969	0.00018273
-1.968	0.000183507
-1.967	0.000184369
-1.966	0.00018532
-1.965	0.000186364
-1.964	0.000187506
-1.963	0.000188748
-1.962	0.000190094
-1.961	0.000191545
-1.96	0.000193104
-1.959	0.000194772
-1.958	0.000196551
-1.957	0.00019844
-1.956	0.000200441
-1.955	0.000202553
-1.954	0.000204775
-1.953	0.000207106
-1.952	0.000209544
-1.951	0.000212087
-1.95	0.000214733
-1.949	0.000217479
-1.948	0.000220322
-1.947	0.000223258
-1.946	0.000226283
-1.945	0.000229394
-1.944	0.000232585
-1.943	0.000235853
-1.942	0.000239193
-1.941	0.000242599
-1.94	0.000246068
-1.939	0.000249593
-1.938	0.00025317
-1.937	0.000256793
-1.936	0.000260457
-1.935	0.000264156
-1.934	0.000267885
-1.933	0.000271639
-1.932	0.000275412
-1.931	0.000279199
-1.93	0.000282994
-1.929	0.000286793
-1.928	0.00029059
-1.927	0.000294379
-1.926	0.000298156
-1.925	0.000301916
-1.924	0.000305654
-1.923	0.000309365
-1.922	0.000313044
-1.921	0.000316688
-1.92	0.000320291
-1.919	0.000323849
-1.918	0.000327357
-1.917	0.000330814
-1.916	0.000334214
-1.915	0.000337553
-1.914	0.000340829
-1.913	0.000344037
-1.912	0.000347176
-1.911	0.000350241
-1.91	0.000353231
-1.909	0.000356142
-1.908	0.000358973
-1.907	0.000361722
-1.906	0.000364385
-1.905	0.000366963
-1.904	0.000369454
-1.903	0.000371856
-1.902	0.000374169
-1.901	0.000376392
-1.9	0.000378525
-1.899	0.000380568
-1.898	0.000382521
-1.897	0.000384384
-1.896	0.000386159
-1.895	0.000387846
-1.894	0.000389448
-1.893	0.000390965
-1.892	0.0003924
-1.891	0.000393755
-1.89	0.000395034
-1.889	0.000396238
-1.888	0.000397372
-1.887	0.000398439
-1.886	0.000399443
-1.885	0.000400389
-1.884	0.000401282
-1.883	0.000402126
-1.882	0.000402927
-1.881	0.000403691
-1.88	0.000404424
-1.879	0.000405131
-1.878	0.00040582
-1.877	0.000406498
-1.876	0.000407172
-1.875	0.00040785
-1.874	0.000408538
-1.873	0.000409246
-1.872	0.000409981
-1.871	0.00041075
-1.87	0.000411563
-1.869	0.000412428
-1.868	0.000413354
-1.867	0.000414349
-1.866	0.000415421
-1.865	0.000416579
-1.864	0.00041783
-1.863	0.000419184
-1.862	0.000420648
-1.861	0.000422229
-1.86	0.000423935
-1.859	0.000425773
-1.858	0.00042775
-1.857	0.00042987
-1.856	0.000432141
-1.855	0.000434567
-1.854	0.000437153
-1.853	0.000439903
-1.852	0.000442819
-1.851	0.000445905
-1.85	0.000449163
-1.849	0.000452594
-1.848	0.000456199
-1.847	0.000459978
-1.846	0.00046393
-1.845	0.000468055
-1.844	0.000472349
-1.843	0.000476811
-1.842	0.000481438
-1.841	0.000486226
-1.84	0.00049117
-1.839	0.000496266
-1.838	0.000501508
-1.837	0.000506891
-1.836	0.000512409
-1.835	0.000518054
-1.834	0.000523821
-1.833	0.000529701
-1.832	0.000535687
-1.831	0.000541771
-1.83	0.000547946
-1.829	0.000554203
-1.828	0.000560534
-1.827	0.000566931
-1.826	0.000573384
-1.825	0.000579886
-1.824	0.000586427
-1.823	0.000593
-1.822	0.000599595
-1.821	0.000606205
-1.82	0.00061282
-1.819	0.000619432
-1.818	0.000626034
-1.817	0.000632616
-1.816	0.000639171
-1.815	0.000645691
-1.814	0.000652168
-1.813	0.000658596
-1.812	0.000664967
-1.811	0.000671274
-1.81	0.00067751
-1.809	0.000683669
-1.808	0.000689745
-1.807	0.000695732
-1.806	0.000701624
-1.805	0.000707416
-1.804	0.000713103
-1.803	0.000718681
-1.802	0.000724145
-1.801	0.000729491
-1.8	0.000734717
-1.799	0.000739818
-1.798	0.000744791
-1.797	0.000749635
-1.796	0.000754348
-1.795	0.000758929
-1.794	0.000763375
-1.793	0.000767686
-1.792	0.000771863
-1.791	0.000775905
-1.79	0.000779813
-1.789	0.000783588
-1.788	0.000787232
-1.787	0.000790746
-1.786	0.000794133
-1.785	0.000797397
-1.784	0.000800541
-1.783	0.000803568
-1.782	0.000806482
-1.781	0.00080929
-1.78	0.000811996
-1.779	0.000814606
-1.778	0.000817127
-1.777	0.000819565
-1.776	0.000821927
-1.775	0.000824222
-1.774	0.000826456
-1.773	0.00082864
-1.772	0.000830781
-1.771	0.000832889
-1.77	0.000834973
-1.769	0.000837043
-1.768	0.00083911
-1.767	0.000841184
-1.766	0.000843276
-1.765	0.000845396
-1.764	0.000847557
-1.763	0.000849768
-1.762	0.000852042
-1.761	0.000854388
-1.76	0.00085682
-1.759	0.000859349
-1.758	0.000861986
-1.757	0.00086474
-1.756	0.000867624
-1.755	0.000870648
-1.754	0.000873822
-1.753	0.000877156
-1.752	0.000880659
-1.751	0.000884341
-1.75	0.000888211
-1.749	0.000892275
-1.748	0.000896541
-1.747	0.000901016
-1.746	0.000905706
-1.745	0.000910616
-1.744	0.000915751
-1.743	0.000921114
-1.742	0.000926708
-1.741	0.000932537
-1.74	0.0009386
-1.739	0.000944899
-1.738	0.000951432
-1.737	0.0009582
-1.736	0.000965199
-1.735	0.000972428
-1.734	0.000979883
-1.733	0.000987559
-1.732	0.000995452
-1.731	0.00100355
-1.73	0.00101186
-1.729	0.00102037
-1.728	0.00102906
-1.727	0.00103794
-1.726	0.00104699
-1.725	0.00105621
-1.724	0.00106558
-1.723	0.00107509
-1.722	0.00108474
-1.721	0.00109451
-1.72	0.0011044
-1.719	0.00111438
-1.718	0.00112446
-1.717	0.00113462
-1.716	0.00114484
-1.715	0.00115512
-1.714	0.00116544
-1.713	0.0011758
-1.712	0.00118618
-1.711	0.00119657
-1.71	0.00120696
-1.709	0.00121734
-1.708	0.0012277
-1.707	0.00123802
-1.706	0.0012483
-1.705	0.00125852
-1.704	0.00126868
-1.703	0.00127877
-1.702	0.00128877
-1.701	0.00129868
-1.7	0.0013085
-1.699	0.0013182
-1.698	0.00132779
-1.697	0.00133726
-1.696	0.00134659
-1.695	0.0013558
-1.694	0.00136486
-1.693	0.00137377
-1.692	0.00138253
-1.691	0.00139114
-1.69	0.00139959
-1.689	0.00140787
-1.688	0.00141599
-1.687	0.00142395
-1.686	0.00143174
-1.685	0.00143935
-1.684	0.00144681
-1.683	0.00145409
-1.682	0.0014612
-1.681	0.00146815
-1.68	0.00147494
-1.679	0.00148157
-1.678	0.00148804
-1.677	0.00149436
-1.676	0.00150053
-1.675	0.00150656
-1.674	0.00151245
-1.673	0.00151822
-1.672	0.00152386
-1.671	0.00152938
-1.67	0.00153481
-1.669	0.00154013
-1.668	0.00154536
-1.667	0.00155052
-1.666	0.00155561
-1.665	0.00156064
-1.664	0.00156563
-1.663	0.00157058
-1.662	0.00157551
-1.661	0.00158043
-1.66	0.00158535
-1.659	0.00159029
-1.658	0.00159525
-1.657	0.00160025
-1.656	0.00160531
-1.655	0.00161044
-1.654	0.00161565
-1.653	0.00162094
-1.652	0.00162635
-1.651	0.00163188
-1.65	0.00163754
-1.649	0.00164335
-1.648	0.00164932
-1.647	0.00165545
-1.646	0.00166177
-1.645	0.00166828
-1.644	0.001675
-1.643	0.00168193
-1.642	0.00168908
-1.641	0.00169647
-1.64	0.0017041
-1.639	0.00171197
-1.638	0.00172011
-1.637	0.0017285
-1.636	0.00173716
-1.635	0.00174609
-1.634	0.00175529
-1.633	0.00176478
-1.632	0.00177454
-1.631	0.00178458
-1.63	0.0017949
-1.629	0.0018055
-1.628	0.00181638
-1.627	0.00182753
-1.626	0.00183896
-1.625	0.00185065
-1.624	0.00186261
-1.623	0.00187482
-1.622	0.00188728
-1.621	0.00189998
-1.62	0.00191292
-1.619	0.00192608
-1.618	0.00193946
-1.617	0.00195304
-1.616	0.00196683
-1.615	0.00198079
-1.614	0.00199493
-1.613	0.00200924
-1.612	0.00202369
-1.611	0.00203828
-1.61	0.002053
-1.609	0.00206783
-1.608	0.00208276
-1.607	0.00209778
-1.606	0.00211287
-1.605	0.00212802
-1.604	0.00214322
-1.603	0.00215845
-1.602	0.00217371
-1.601	0.00218897
-1.6	0.00220423
-1.599	0.00221948
-1.598	0.00223469
-1.597	0.00224987
-1.596	0.002265
-1.595	0.00228006
-1.594	0.00229505
-1.593	0.00230995
-1.592	0.00232477
-1.591	0.00233948
-1.59	0.00235407
-1.589	0.00236855
-1.588	0.0023829
-1.587	0.00239712
-1.586	0.00241119
-1.585	0.00242512
-1.584	0.00243889
-1.583	0.00245251
-1.582	0.00246596
-1.581	0.00247925
-1.58	0.00249237
-1.579	0.00250532
-1.578	0.0025181
-1.577	0.00253071
-1.576	0.00254314
-1.575	0.0025554
-1.574	0.00256749
-1.573	0.00257942
-1.572	0.00259118
-1.571	0.00260278
-1.57	0.00261422
-1.569	0.00262551
-1.568	0.00263665
-1.567	0.00264765
-1.566	0.00265851
-1.565	0.00266925
-1.564	0.00267987
-1.563	0.00269038
-1.562	0.00270079
-1.561	0.00271111
-1.56	0.00272135
-1.559	0.00273152
-1.558	0.00274163
-1.557	0.00275169
-1.556	0.00276172
-1.555	0.00277173
-1.554	0.00278173
-1.553	0.00279173
-1.552	0.00280175
-1.551	0.0028118
-1.55	0.00282189
-1.549	0.00283204
-1.548	0.00284226
-1.547	0.00285256
-1.546	0.00286297
-1.545	0.00287349
-1.544	0.00288413
-1.543	0.00289491
-1.542	0.00290584
-1.541	0.00291694
-1.54	0.00292822
-1.539	0.00293969
-1.538	0.00295136
-1.537	0.00296324
-1.536	0.00297535
-1.535	0.00298769
-1.534	0.00300028
-1.533	0.00301312
-1.532	0.00302622
-1.531	0.00303958
-1.53	0.00305323
-1.529	0.00306715
-1.528	0.00308136
-1.527	0.00309586
-1.526	0.00311066
-1.525	0.00312576
-1.524	0.00314115
-1.523	0.00315685
-1.522	0.00317285
-1.521	0.00318916
-1.52	0.00320576
-1.519	0.00322266
-1.518	0.00323985
-1.517	0.00325734
-1.516	0.00327512
-1.515	0.00329318
-1.514	0.00331151
-1.513	0.00333011
-1.512	0.00334898
-1.511	0.0033681
-1.51	0.00338746
-1.509	0.00340706
-1.508	0.00342689
-1.507	0.00344693
-1.506	0.00346718
-1.505	0.00348763
-1.504	0.00350825
-1.503	0.00352905
-1.502	0.00355001
-1.501	0.00357112
-1.5	0.00359236
-1.499	0.00361372
-1.498	0.00363519
-1.497	0.00365676
-1.496	0.00367841
-1.495	0.00370013
-1.494	0.00372191
-1.493	0.00374374
-1.492	0.0037656
-1.491	0.00378748
-1.49	0.00380937
-1.489	0.00383126
-1.488	0.00385314
-1.487	0.00387499
-1.486	0.00389681
-1.485	0.00391857
-1.484	0.00394029
-1.483	0.00396193
-1.482	0.00398351
-1.481	0.004005
-1.48	0.0040264
-1.479	0.00404771
-1.478	0.00406891
-1.477	0.00409
-1.476	0.00411098
-1.475	0.00413184
-1.474	0.00415257
-1.473	0.00417318
-1.472	0.00419365
-1.471	0.00421399
-1.47	0.00423421
-1.469	0.00425428
-1.468	0.00427423
-1.467	0.00429404
-1.466	0.00431371
-1.465	0.00433326
-1.464	0.00435268
-1.463	0.00437197
-1.462	0.00439115
-1.461	0.00441021
-1.46	0.00442916
-1.459	0.00444801
-1.458	0.00446676
-1.457	0.00448543
-1.456	0.00450401
-1.455	0.00452252
-1.454	0.00454096
-1.453	0.00455935
-1.452	0.00457769
-1.451	0.004596
-1.45	0.00461428
-1.449	0.00463256
-1.448	0.00465083
-1.447	0.0046691
-1.446	0.00468741
-1.445	0.00470574
-1.444	0.00472412
-1.443	0.00474256
-1.442	0.00476107
-1.441	0.00477967
-1.44	0.00479836
-1.439	0.00481716
-1.438	0.00483609
-1.437	0.00485515
-1.436	0.00487435
-1.435	0.00489371
-1.434	0.00491325
-1.433	0.00493297
-1.432	0.00495288
-1.431	0.004973
-1.43	0.00499333
-1.429	0.00501389
-1.428	0.00503469
-1.427	0.00505573
-1.426	0.00507703
-1.425	0.00509858
-1.424	0.00512041
-1.423	0.00514251
-1.422	0.0051649
-1.421	0.00518758
-1.42	0.00521054
-1.419	0.00523381
-1.418	0.00525738
-1.417	0.00528125
-1.416	0.00530544
-1.415	0.00532993
-1.414	0.00535473
-1.413	0.00537984
-1.412	0.00540526
-1.411	0.00543098
-1.41	0.00545702
-1.409	0.00548335
-1.408	0.00550999
-1.407	0.00553693
-1.406	0.00556415
-1.405	0.00559166
-1.404	0.00561946
-1.403	0.00564753
-1.402	0.00567586
-1.401	0.00570445
-1.4	0.0057333
-1.399	0.00576239
-1.398	0.00579172
-1.397	0.00582127
-1.396	0.00585103
-1.395	0.00588101
-1.394	0.00591118
-1.393	0.00594155
-1.392	0.00597208
-1.391	0.00600279
-1.39	0.00603365
-1.389	0.00606464
-1.388	0.00609578
-1.387	0.00612704
-1.386	0.00615841
-1.385	0.00618989
-1.384	0.00622145
-1.383	0.0062531
-1.382	0.00628481
-1.381	0.00631659
-1.38	0.00634842
-1.379	0.00638028
-1.378	0.00641218
-1.377	0.00644411
-1.376	0.00647605
-1.375	0.00650799
-1.374	0.00653993
-1.373	0.00657187
-1.372	0.00660379
-1.371	0.00663569
-1.37	0.00666757
-1.369	0.00669941
-1.368	0.00673122
-1.367	0.00676298
-1.366	0.0067947
-1.365	0.00682637
-1.364	0.006858
-1.363	0.00688957
-1.362	0.00692109
-1.361	0.00695256
-1.36	0.00698397
-1.359	0.00701534
-1.358	0.00704665
-1.357	0.00707791
-1.356	0.00710912
-1.355	0.00714029
-1.354	0.00717142
-1.353	0.00720251
-1.352	0.00723356
-1.351	0.0072646
-1.35	0.00729561
-1.349	0.0073266
-1.348	0.00735759
-1.347	0.00738857
-1.346	0.00741956
-1.345	0.00745057
-1.344	0.0074816
-1.343	0.00751266
-1.342	0.00754376
-1.341	0.0075749
-1.34	0.00760611
-1.339	0.00763739
-1.338	0.00766874
-1.337	0.00770018
-1.336	0.00773172
-1.335	0.00776337
-1.334	0.00779514
-1.333	0.00782704
-1.332	0.00785908
-1.331	0.00789128
-1.33	0.00792363
-1.329	0.00795616
-1.328	0.00798887
-1.327	0.00802178
-1.326	0.00805489
-1.325	0.0080882
-1.324	0.00812175
-1.323	0.00815553
-1.322	0.00818954
-1.321	0.00822381
-1.32	0.00825833
-1.319	0.00829312
-1.318	0.00832818
-1.317	0.00836352
-1.316	0.00839915
-1.315	0.00843506
-1.314	0.00847128
-1.313	0.0085078
-1.312	0.00854463
-1.311	0.00858177
-1.31	0.00861922
-1.309	0.008657
-1.308	0.00869509
-1.307	0.00873351
-1.306	0.00877226
-1.305	0.00881132
-1.304	0.00885072
-1.303	0.00889043
-1.302	0.00893048
-1.301	0.00897084
-1.3	0.00901153
-1.299	0.00905254
-1.298	0.00909387
-1.297	0.00913551
-1.296	0.00917745
-1.295	0.0092197
-1.294	0.00926226
-1.293	0.00930511
-1.292	0.00934824
-1.291	0.00939166
-1.29	0.00943536
-1.289	0.00947933
-1.288	0.00952357
-1.287	0.00956807
-1.286	0.00961281
-1.285	0.0096578
-1.284	0.00970302
-1.283	0.00974848
-1.282	0.00979416
-1.281	0.00984004
-1.28	0.00988614
-1.279	0.00993243
-1.278	0.00997892
-1.277	0.0100256
-1.276	0.0100724
-1.275	0.0101194
-1.274	0.0101666
-1.273	0.0102139
-1.272	0.0102614
-1.271	0.0103089
-1.27	0.0103567
-1.269	0.0104045
-1.268	0.0104525
-1.267	0.0105006
-1.266	0.0105488
-1.265	0.010597
-1.264	0.0106454
-1.263	0.0106939
-1.262	0.0107424
-1.261	0.0107911
-1.26	0.0108398
-1.259	0.0108886
-1.258	0.0109375
-1.257	0.0109864
-1.256	0.0110354
-1.255	0.0110845
-1.254	0.0111336
-1.253	0.0111829
-1.252	0.0112321
-1.251	0.0112815
-1.25	0.0113309
-1.249	0.0113804
-1.248	0.01143
-1.247	0.0114796
-1.246	0.0115293
-1.245	0.0115791
-1.244	0.011629
-1.243	0.0116789
-1.242	0.011729
-1.241	0.0117792
-1.24	0.0118294
-1.239	0.0118798
-1.238	0.0119303
-1.237	0.0119809
-1.236	0.0120316
-1.235	0.0120825
-1.234	0.0121335
-1.233	0.0121846
-1.232	0.0122359
-1.231	0.0122874
-1.23	0.012339
-1.229	0.0123908
-1.228	0.0124428
-1.227	0.012495
-1.226	0.0125474
-1.225	0.0126
-1.224	0.0126529
-1.223	0.0127059
-1.222	0.0127592
-1.221	0.0128128
-1.22	0.0128666
-1.219	0.0129206
-1.218	0.0129749
-1.217	0.0130295
-1.216	0.0130844
-1.215	0.0131396
-1.214	0.0131951
-1.213	0.0132508
-1.212	0.0133069
-1.211	0.0133633
-1.21	0.01342
-1.209	0.0134771
-1.208	0.0135345
-1.207	0.0135922
-1.206	0.0136503
-1.205	0.0137088
-1.204	0.0137676
-1.203	0.0138267
-1.202	0.0138862
-1.201	0.0139461
-1.2	0.0140064
-1.199	0.014067
-1.198	0.014128
-1.197	0.0141893
-1.196	0.0142511
-1.195	0.0143132
-1.194	0.0143757
-1.193	0.0144386
-1.192	0.0145018
-1.191	0.0145655
-1.19	0.0146295
-1.189	0.0146939
-1.188	0.0147586
-1.187	0.0148237
-1.186	0.0148892
-1.185	0.0149551
-1.184	0.0150213
-1.183	0.0150879
-1.182	0.0151548
-1.181	0.0152221
-1.18	0.0152897
-1.179	0.0153577
-1.178	0.015426
-1.177	0.0154947
-1.176	0.0155637
-1.175	0.015633
-1.174	0.0157027
-1.173	0.0157726
-1.172	0.0158429
-1.171	0.0159135
-1.17	0.0159844
-1.169	0.0160555
-1.168	0.016127
-1.167	0.0161988
-1.166	0.0162708
-1.165	0.0163432
-1.164	0.0164158
-1.163	0.0164886
-1.162	0.0165618
-1.161	0.0166352
-1.16	0.0167088
-1.159	0.0167828
-1.158	0.0168569
-1.157	0.0169313
-1.156	0.017006
-1.155	0.0170809
-1.154	0.0171561
-1.153	0.0172314
-1.152	0.0173071
-1.151	0.0173829
-1.15	0.017459
-1.149	0.0175353
-1.148	0.0176119
-1.147	0.0176886
-1.146	0.0177656
-1.145	0.0178429
-1.144	0.0179203
-1.143	0.017998
-1.142	0.018076
-1.141	0.0181541
-1.14	0.0182325
-1.139	0.0183112
-1.138	0.01839
-1.137	0.0184692
-1.136	0.0185485
-1.135	0.0186282
-1.134	0.018708
-1.133	0.0187881
-1.132	0.0188685
-1.131	0.0189492
-1.13	0.0190301
-1.129	0.0191113
-1.128	0.0191928
-1.127	0.0192745
-1.126	0.0193566
-1.125	0.0194389
-1.124	0.0195216
-1.123	0.0196045
-1.122	0.0196878
-1.121	0.0197714
-1.12	0.0198553
-1.119	0.0199395
-1.118	0.0200241
-1.117	0.0201091
-1.116	0.0201943
-1.115	0.02028
-1.114	0.020366
-1.113	0.0204524
-1.112	0.0205391
-1.111	0.0206263
-1.11	0.0207138
-1.109	0.0208017
-1.108	0.0208901
-1.107	0.0209788
-1.106	0.021068
-1.105	0.0211575
-1.104	0.0212475
-1.103	0.021338
-1.102	0.0214288
-1.101	0.0215202
-1.1	0.0216119
-1.099	0.0217041
-1.098	0.0217968
-1.097	0.02189
-1.096	0.0219836
-1.095	0.0220776
-1.094	0.0221722
-1.093	0.0222672
-1.092	0.0223627
-1.091	0.0224587
-1.09	0.0225552
-1.089	0.0226521
-1.088	0.0227496
-1.087	0.0228475
-1.086	0.022946
-1.085	0.0230449
-1.084	0.0231443
-1.083	0.0232443
-1.082	0.0233447
-1.081	0.0234456
-1.08	0.023547
-1.079	0.0236489
-1.078	0.0237514
-1.077	0.0238543
-1.076	0.0239577
-1.075	0.0240616
-1.074	0.024166
-1.073	0.0242709
-1.072	0.0243763
-1.071	0.0244822
-1.07	0.0245886
-1.069	0.0246955
-1.068	0.0248029
-1.067	0.0249107
-1.066	0.025019
-1.065	0.0251279
-1.064	0.0252372
-1.063	0.0253469
-1.062	0.0254572
-1.061	0.0255679
-1.06	0.0256791
-1.059	0.0257908
-1.058	0.025903
-1.057	0.0260156
-1.056	0.0261286
-1.055	0.0262422
-1.054	0.0263562
-1.053	0.0264706
-1.052	0.0265855
-1.051	0.0267009
-1.05	0.0268167
-1.049	0.026933
-1.048	0.0270498
-1.047	0.027167
-1.046	0.0272846
-1.045	0.0274027
-1.044	0.0275212
-1.043	0.0276402
-1.042	0.0277597
-1.041	0.0278796
-1.04	0.0279999
-1.039	0.0281207
-1.038	0.028242
-1.037	0.0283637
-1.036	0.0284859
-1.035	0.0286085
-1.034	0.0287316
-1.033	0.0288551
-1.032	0.0289791
-1.031	0.0291036
-1.03	0.0292285
-1.029	0.0293539
-1.028	0.0294798
-1.027	0.0296061
-1.026	0.029733
-1.025	0.0298603
-1.024	0.0299881
-1.023	0.0301164
-1.022	0.0302452
-1.021	0.0303745
-1.02	0.0305043
-1.019	0.0306346
-1.018	0.0307654
-1.017	0.0308968
-1.016	0.0310286
-1.015	0.031161
-1.014	0.031294
-1.013	0.0314274
-1.012	0.0315614
-1.011	0.031696
-1.01	0.0318311
-1.009	0.0319668
-1.008	0.032103
-1.007	0.0322398
-1.006	0.0323772
-1.005	0.0325152
-1.004	0.0326538
-1.003	0.032793
-1.002	0.0329327
-1.001	0.0330731
-1	0.0332141
-0.999	0.0333557
-0.998	0.033498
-0.997	0.0336408
-0.996	0.0337843
-0.995	0.0339284
-0.994	0.0340732
-0.993	0.0342187
-0.992	0.0343648
-0.991	0.0345115
-0.99	0.0346589
-0.989	0.034807
-0.988	0.0349557
-0.987	0.0351051
-0.986	0.0352553
-0.985	0.0354061
-0.984	0.0355576
-0.983	0.0357097
-0.982	0.0358626
-0.981	0.0360162
-0.98	0.0361705
-0.979	0.0363255
-0.978	0.0364812
-0.977	0.0366376
-0.976	0.0367948
-0.975	0.0369527
-0.974	0.0371113
-0.973	0.0372706
-0.972	0.0374306
-0.971	0.0375913
-0.97	0.0377528
-0.969	0.037915
-0.968	0.038078
-0.967	0.0382417
-0.966	0.0384061
-0.965	0.0385713
-0.964	0.0387372
-0.963	0.0389038
-0.962	0.0390712
-0.961	0.0392393
-0.96	0.0394082
-0.959	0.0395778
-0.958	0.0397482
-0.957	0.0399193
-0.956	0.0400911
-0.955	0.0402637
-0.954	0.0404371
-0.953	0.0406111
-0.952	0.040786
-0.951	0.0409615
-0.95	0.0411379
-0.949	0.041315
-0.948	0.0414928
-0.947	0.0416714
-0.946	0.0418507
-0.945	0.0420308
-0.944	0.0422117
-0.943	0.0423933
-0.942	0.0425756
-0.941	0.0427587
-0.94	0.0429426
-0.939	0.0431273
-0.938	0.0433127
-0.937	0.0434988
-0.936	0.0436858
-0.935	0.0438734
-0.934	0.0440619
-0.933	0.0442512
-0.932	0.0444412
-0.931	0.0446319
-0.93	0.0448235
-0.929	0.0450159
-0.928	0.0452089
-0.927	0.0454028
-0.926	0.0455975
-0.925	0.045793
-0.924	0.0459893
-0.923	0.0461864
-0.922	0.0463843
-0.921	0.046583
-0.92	0.0467824
-0.919	0.0469827
-0.918	0.0471839
-0.917	0.0473858
-0.916	0.0475886
-0.915	0.0477922
-0.914	0.0479966
-0.913	0.0482019
-0.912	0.048408
-0.911	0.048615
-0.91	0.0488228
-0.909	0.0490315
-0.908	0.0492411
-0.907	0.0494515
-0.906	0.0496628
-0.905	0.0498749
-0.904	0.050088
-0.903	0.0503019
-0.902	0.0505168
-0.901	0.0507325
-0.9	0.0509492
-0.899	0.0511668
-0.898	0.0513853
-0.897	0.0516047
-0.896	0.0518251
-0.895	0.0520465
-0.894	0.0522687
-0.893	0.0524919
-0.892	0.052716
-0.891	0.0529412
-0.89	0.0531673
-0.889	0.0533943
-0.888	0.0536224
-0.887	0.0538514
-0.886	0.0540815
-0.885	0.0543125
-0.884	0.0545446
-0.883	0.0547776
-0.882	0.0550117
-0.881	0.0552468
-0.88	0.0554829
-0.879	0.0557201
-0.878	0.0559583
-0.877	0.0561975
-0.876	0.0564378
-0.875	0.0566792
-0.874	0.0569216
-0.873	0.057165
-0.872	0.0574096
-0.871	0.0576552
-0.87	0.0579019
-0.869	0.0581497
-0.868	0.0583986
-0.867	0.0586486
-0.866	0.0588996
-0.865	0.0591518
-0.864	0.0594051
-0.863	0.0596595
-0.862	0.059915
-0.861	0.0601716
-0.86	0.0604294
-0.859	0.0606883
-0.858	0.0609483
-0.857	0.0612095
-0.856	0.0614717
-0.855	0.0617352
-0.854	0.0619997
-0.853	0.0622655
-0.852	0.0625324
-0.851	0.0628004
-0.85	0.0630696
-0.849	0.06334
-0.848	0.0636116
-0.847	0.0638842
-0.846	0.0641581
-0.845	0.0644332
-0.844	0.0647094
-0.843	0.0649868
-0.842	0.0652655
-0.841	0.0655453
-0.84	0.0658263
-0.839	0.0661085
-0.838	0.0663919
-0.837	0.0666765
-0.836	0.0669623
-0.835	0.0672493
-0.834	0.0675376
-0.833	0.0678271
-0.832	0.0681178
-0.831	0.0684097
-0.83	0.0687028
-0.829	0.0689972
-0.828	0.0692929
-0.827	0.0695897
-0.826	0.0698879
-0.825	0.0701873
-0.824	0.0704879
-0.823	0.0707898
-0.822	0.071093
-0.821	0.0713974
-0.82	0.0717031
-0.819	0.0720102
-0.818	0.0723184
-0.817	0.072628
-0.816	0.0729389
-0.815	0.0732512
-0.814	0.0735647
-0.813	0.0738794
-0.812	0.0741956
-0.811	0.074513
-0.81	0.0748318
-0.809	0.075152
-0.808	0.0754735
-0.807	0.0757963
-0.806	0.0761205
-0.805	0.0764461
-0.804	0.076773
-0.803	0.0771013
-0.802	0.077431
-0.801	0.077762
-0.8	0.0780945
-0.799	0.0784284
-0.798	0.0787637
-0.797	0.0791004
-0.796	0.0794385
-0.795	0.0797781
-0.794	0.0801191
-0.793	0.0804615
-0.792	0.0808054
-0.791	0.0811508
-0.79	0.0814976
-0.789	0.0818459
-0.788	0.0821957
-0.787	0.082547
-0.786	0.0828998
-0.785	0.0832541
-0.784	0.0836099
-0.783	0.0839673
-0.782	0.0843261
-0.781	0.0846865
-0.78	0.0850484
-0.779	0.0854119
-0.778	0.085777
-0.777	0.0861436
-0.776	0.0865118
-0.775	0.0868816
-0.774	0.0872529
-0.773	0.0876259
-0.772	0.0880005
-0.771	0.0883767
-0.77	0.0887546
-0.769	0.089134
-0.768	0.0895151
-0.767	0.0898978
-0.766	0.0902822
-0.765	0.0906682
-0.764	0.091056
-0.763	0.0914454
-0.762	0.0918364
-0.761	0.0922292
-0.76	0.0926236
-0.759	0.0930198
-0.758	0.0934177
-0.757	0.0938173
-0.756	0.0942186
-0.755	0.0946216
-0.754	0.0950265
-0.753	0.095433
-0.752	0.0958413
-0.751	0.0962514
-0.75	0.0966632
-0.749	0.0970768
-0.748	0.0974922
-0.747	0.0979094
-0.746	0.0983284
-0.745	0.0987492
-0.744	0.0991719
-0.743	0.0995963
-0.742	0.100023
-0.741	0.100451
-0.74	0.100881
-0.739	0.101312
-0.738	0.101746
-0.737	0.102181
-0.736	0.102619
-0.735	0.103058
-0.734	0.103499
-0.733	0.103942
-0.732	0.104387
-0.731	0.104834
-0.73	0.105283
-0.729	0.105733
-0.728	0.106186
-0.727	0.10664
-0.726	0.107097
-0.725	0.107555
-0.724	0.108015
-0.723	0.108478
-0.722	0.108942
-0.721	0.109408
-0.72	0.109876
-0.719	0.110347
-0.718	0.110819
-0.717	0.111293
-0.716	0.111769
-0.715	0.112247
-0.714	0.112728
-0.713	0.11321
-0.712	0.113694
-0.711	0.114181
-0.71	0.114669
-0.709	0.11516
-0.708	0.115653
-0.707	0.116147
-0.706	0.116644
-0.705	0.117143
-0.704	0.117644
-0.703	0.118147
-0.702	0.118653
-0.701	0.11916
-0.7	0.11967
-0.699	0.120182
-0.698	0.120696
-0.697	0.121212
-0.696	0.12173
-0.695	0.12225
-0.694	0.122773
-0.693	0.123298
-0.692	0.123825
-0.691	0.124355
-0.69	0.124887
-0.689	0.12542
-0.688	0.125957
-0.687	0.126495
-0.686	0.127036
-0.685	0.127579
-0.684	0.128125
-0.683	0.128672
-0.682	0.129222
-0.681	0.129775
-0.68	0.13033
-0.679	0.130887
-0.678	0.131446
-0.677	0.132008
-0.676	0.132573
-0.675	0.13314
-0.674	0.133709
-0.673	0.13428
-0.672	0.134854
-0.671	0.135431
-0.67	0.13601
-0.669	0.136591
-0.668	0.137175
-0.667	0.137762
-0.666	0.138351
-0.665	0.138942
-0.664	0.139536
-0.663	0.140133
-0.662	0.140732
-0.661	0.141334
-0.66	0.141938
-0.659	0.142545
-0.658	0.143154
-0.657	0.143767
-0.656	0.144381
-0.655	0.144999
-0.654	0.145619
-0.653	0.146241
-0.652	0.146867
-0.651	0.147495
-0.65	0.148125
-0.649	0.148759
-0.648	0.149395
-0.647	0.150034
-0.646	0.150676
-0.645	0.15132
-0.644	0.151967
-0.643	0.152617
-0.642	0.15327
-0.641	0.153925
-0.64	0.154584
-0.639	0.155245
-0.638	0.155909
-0.637	0.156576
-0.636	0.157245
-0.635	0.157918
-0.634	0.158593
-0.633	0.159271
-0.632	0.159953
-0.631	0.160637
-0.63	0.161324
-0.629	0.162014
-0.628	0.162707
-0.627	0.163403
-0.626	0.164102
-0.625	0.164804
-0.624	0.165509
-0.623	0.166217
-0.622	0.166928
-0.621	0.167642
-0.62	0.168359
-0.619	0.169079
-0.618	0.169802
-0.617	0.170528
-0.616	0.171258
-0.615	0.17199
-0.614	0.172726
-0.613	0.173465
-0.612	0.174207
-0.611	0.174952
-0.61	0.1757
-0.609	0.176452
-0.608	0.177207
-0.607	0.177965
-0.606	0.178726
-0.605	0.17949
-0.604	0.180258
-0.603	0.181029
-0.602	0.181803
-0.601	0.182581
-0.6	0.183361
-0.599	0.184146
-0.598	0.184933
-0.597	0.185724
-0.596	0.186518
-0.595	0.187316
-0.594	0.188117
-0.593	0.188922
-0.592	0.18973
-0.591	0.190541
-0.59	0.191356
-0.589	0.192174
-0.588	0.192996
-0.587	0.193821
-0.586	0.19465
-0.585	0.195482
-0.584	0.196318
-0.583	0.197157
-0.582	0.198
-0.581	0.198847
-0.58	0.199697
-0.579	0.200551
-0.578	0.201409
-0.577	0.20227
-0.576	0.203135
-0.575	0.204003
-0.574	0.204875
-0.573	0.205751
-0.572	0.206631
-0.571	0.207514
-0.57	0.208402
-0.569	0.209293
-0.568	0.210188
-0.567	0.211086
-0.566	0.211989
-0.565	0.212895
-0.564	0.213805
-0.563	0.214719
-0.562	0.215637
-0.561	0.216559
-0.56	0.217485
-0.559	0.218415
-0.558	0.219349
-0.557	0.220287
-0.556	0.221229
-0.555	0.222174
-0.554	0.223124
-0.553	0.224078
-0.552	0.225037
-0.551	0.225999
-0.55	0.226965
-0.549	0.227935
-0.548	0.22891
-0.547	0.229889
-0.546	0.230872
-0.545	0.231859
-0.544	0.23285
-0.543	0.233846
-0.542	0.234846
-0.541	0.23585
-0.54	0.236859
-0.539	0.237872
-0.538	0.238889
-0.537	0.23991
-0.536	0.240936
-0.535	0.241967
-0.534	0.243001
-0.533	0.24404
-0.532	0.245084
-0.531	0.246132
-0.53	0.247185
-0.529	0.248242
-0.528	0.249303
-0.527	0.25037
-0.526	0.25144
-0.525	0.252515
-0.524	0.253595
-0.523	0.25468
-0.522	0.255769
-0.521	0.256863
-0.52	0.257961
-0.519	0.259064
-0.518	0.260172
-0.517	0.261285
-0.516	0.262402
-0.515	0.263524
-0.514	0.264651
-0.513	0.265783
-0.512	0.26692
-0.511	0.268061
-0.51	0.269208
-0.509	0.270359
-0.508	0.271515
-0.507	0.272676
-0.506	0.273842
-0.505	0.275013
-0.504	0.276189
-0.503	0.27737
-0.502	0.278556
-0.501	0.279747
-0.5	0.280944
-0.499	0.282145
-0.498	0.283352
-0.497	0.284563
-0.496	0.28578
-0.495	0.287002
-0.494	0.28823
-0.493	0.289462
-0.492	0.2907
-0.491	0.291943
-0.49	0.293191
-0.489	0.294445
-0.488	0.295704
-0.487	0.296969
-0.486	0.298239
-0.485	0.299514
-0.484	0.300795
-0.483	0.302081
-0.482	0.303373
-0.481	0.30467
-0.48	0.305973
-0.479	0.307281
-0.478	0.308595
-0.477	0.309915
-0.476	0.31124
-0.475	0.312571
-0.474	0.313907
-0.473	0.315249
-0.472	0.316597
-0.471	0.317951
-0.47	0.319311
-0.469	0.320676
-0.468	0.322047
-0.467	0.323424
-0.466	0.324807
-0.465	0.326196
-0.464	0.327591
-0.463	0.328992
-0.462	0.330398
-0.461	0.331811
-0.46	0.33323
-0.459	0.334655
-0.458	0.336085
-0.457	0.337523
-0.456	0.338966
-0.455	0.340415
-0.454	0.34187
-0.453	0.343332
-0.452	0.3448
-0.451	0.346274
-0.45	0.347755
-0.449	0.349242
-0.448	0.350735
-0.447	0.352235
-0.446	0.353741
-0.445	0.355253
-0.444	0.356772
-0.443	0.358298
-0.442	0.35983
-0.441	0.361368
-0.44	0.362913
-0.439	0.364465
-0.438	0.366023
-0.437	0.367588
-0.436	0.36916
-0.435	0.370738
-0.434	0.372324
-0.433	0.373916
-0.432	0.375514
-0.431	0.37712
-0.43	0.378733
-0.429	0.380352
-0.428	0.381978
-0.427	0.383612
-0.426	0.385252
-0.425	0.386899
-0.424	0.388554
-0.423	0.390215
-0.422	0.391884
-0.421	0.39356
-0.42	0.395242
-0.419	0.396933
-0.418	0.39863
-0.417	0.400334
-0.416	0.402046
-0.415	0.403765
-0.414	0.405492
-0.413	0.407226
-0.412	0.408967
-0.411	0.410716
-0.41	0.412472
-0.409	0.414236
-0.408	0.416008
-0.407	0.417787
-0.406	0.419573
-0.405	0.421367
-0.404	0.423169
-0.403	0.424979
-0.402	0.426796
-0.401	0.428621
-0.4	0.430454
-0.399	0.432295
-0.398	0.434143
-0.397	0.436
-0.396	0.437864
-0.395	0.439736
-0.394	0.441617
-0.393	0.443505
-0.392	0.445402
-0.391	0.447306
-0.39	0.449219
-0.389	0.45114
-0.388	0.453069
-0.387	0.455006
-0.386	0.456952
-0.385	0.458906
-0.384	0.460868
-0.383	0.462839
-0.382	0.464818
-0.381	0.466806
-0.38	0.468801
-0.379	0.470806
-0.378	0.472819
-0.377	0.474841
-0.376	0.476871
-0.375	0.47891
-0.374	0.480957
-0.373	0.483014
-0.372	0.48508
-0.371	0.487154
-0.37	0.489236
-0.369	0.491328
-0.368	0.493429
-0.367	0.495539
-0.366	0.497658
-0.365	0.499786
-0.364	0.501923
-0.363	0.504069
-0.362	0.506224
-0.361	0.508389
-0.36	0.510563
-0.359	0.512746
-0.358	0.514938
-0.357	0.51714
-0.356	0.519351
-0.355	0.521572
-0.354	0.523802
-0.353	0.526042
-0.352	0.528291
-0.351	0.53055
-0.35	0.532818
-0.349	0.535233
-0.348	0.537933
-0.347	0.540911
-0.346	0.54416
-0.345	0.547673
-0.344	0.551441
-0.343	0.555457
-0.342	0.55971
-0.341	0.564192
-0.34	0.568894
-0.339	0.573786
-0.338	0.578842
-0.337	0.584049
-0.336	0.589395
-0.335	0.594873
-0.334	0.600467
-0.333	0.60617
-0.332	0.611969
-0.331	0.617855
-0.33	0.623816
-0.329	0.629844
-0.328	0.635926
-0.327	0.642056
-0.326	0.648221
-0.325	0.654413
-0.324	0.660624
-0.323	0.666842
-0.322	0.673062
-0.321	0.679272
-0.32	0.685468
-0.319	0.691638
-0.318	0.697778
-0.317	0.703876
-0.316	0.70993
-0.315	0.715928
-0.314	0.721867
-0.313	0.72774
-0.312	0.733537
-0.311	0.739257
-0.31	0.74489
-0.309	0.750433
-0.308	0.755879
-0.307	0.761224
-0.306	0.76646
-0.305	0.771587
-0.304	0.776595
-0.303	0.781482
-0.302	0.786244
-0.301	0.790876
-0.3	0.795374
-0.299	0.799734
-0.298	0.803954
-0.297	0.808028
-0.296	0.811954
-0.295	0.815729
-0.294	0.819349
-0.293	0.822811
-0.292	0.826114
-0.291	0.829254
-0.29	0.83223
-0.289	0.835036
-0.288	0.837675
-0.287	0.84014
-0.286	0.842433
-0.285	0.844551
-0.284	0.846491
-0.283	0.848255
-0.282	0.849838
-0.281	0.851242
-0.28	0.852462
-0.279	0.853501
-0.278	0.854356
-0.277	0.855028
-0.276	0.855514
-0.275	0.855818
-0.274	0.855934
-0.273	0.855866
-0.272	0.855615
-0.271	0.855176
-0.27	0.854555
-0.269	0.853749
-0.268	0.852759
-0.267	0.851587
-0.266	0.850233
-0.265	0.848699
-0.264	0.846984
-0.263	0.84509
-0.262	0.84302
-0.261	0.840774
-0.26	0.838355
-0.259	0.83576
-0.258	0.832993
-0.257	0.830053
-0.256	0.826944
-0.255	0.823668
-0.254	0.82023
-0.253	0.81663
-0.252	0.812873
-0.251	0.808963
-0.25	0.804902
-0.249	0.800695
-0.248	0.796346
-0.247	0.791858
-0.246	0.787237
-0.245	0.782485
-0.244	0.777608
-0.243	0.772612
-0.242	0.7675
-0.241	0.762279
-0.24	0.756954
-0.239	0.751529
-0.238	0.746012
-0.237	0.740407
-0.236	0.734723
-0.235	0.728965
-0.234	0.723139
-0.233	0.717252
-0.232	0.711313
-0.231	0.705328
-0.23	0.699305
-0.229	0.693252
-0.228	0.687177
-0.227	0.681089
-0.226	0.674995
-0.225	0.668906
-0.224	0.66283
-0.223	0.656776
-0.222	0.650754
-0.221	0.644775
-0.22	0.638847
-0.219	0.632982
-0.218	0.627189
-0.217	0.62148
-0.216	0.615865
-0.215	0.610356
-0.214	0.604963
-0.213	0.599697
-0.212	0.594571
-0.211	0.589595
-0.21	0.584779
-0.209	0.580139
-0.208	0.575681
-0.207	0.571418
-0.206	0.567363
-0.205	0.563522
-0.204	0.559911
-0.203	0.556535
-0.202	0.553408
-0.201	0.550536
-0.2	0.547927
-0.199	0.545593
-0.198	0.543537
-0.197	0.541767
-0.196	0.540291
-0.195	0.539111
-0.194	0.538233
-0.193	0.537659
-0.192	0.537392
-0.191	0.537435
-0.19	0.537784
-0.189	0.538443
-0.188	0.539408
-0.187	0.540677
-0.186	0.542247
-0.185	0.544113
-0.184	0.546272
-0.183	0.548716
-0.182	0.551438
-0.181	0.554433
-0.18	0.557691
-0.179	0.561212
-0.178	0.564995
-0.177	0.569031
-0.176	0.573309
-0.175	0.57782
-0.174	0.582552
-0.173	0.587496
-0.172	0.592638
-0.171	0.59797
-0.17	0.603479
-0.169	0.609153
-0.168	0.614983
-0.167	0.620956
-0.166	0.62706
-0.165	0.633287
-0.164	0.639624
-0.163	0.646059
-0.162	0.652584
-0.161	0.659187
-0.16	0.665858
-0.159	0.672588
-0.158	0.679366
-0.157	0.686182
-0.156	0.693028
-0.155	0.699895
-0.154	0.706772
-0.153	0.713653
-0.152	0.720529
-0.151	0.727389
-0.15	0.734231
-0.149	0.741042
-0.148	0.747816
-0.147	0.754548
-0.146	0.761227
-0.145	0.76785
-0.144	0.77441
-0.143	0.780898
-0.142	0.787311
-0.141	0.793641
-0.14	0.799883
-0.139	0.806033
-0.138	0.812082
-0.137	0.818028
-0.136	0.823866
-0.135	0.82959
-0.134	0.835196
-0.133	0.84068
-0.132	0.846037
-0.131	0.851263
-0.13	0.856355
-0.129	0.861308
-0.128	0.866119
-0.127	0.870785
-0.126	0.875302
-0.125	0.879668
-0.124	0.883879
-0.123	0.887932
-0.122	0.891825
-0.121	0.895556
-0.12	0.899121
-0.119	0.902519
-0.118	0.905748
-0.117	0.908804
-0.116	0.911688
-0.115	0.914397
-0.114	0.916929
-0.113	0.919283
-0.112	0.921457
-0.111	0.923451
-0.11	0.925264
-0.109	0.926893
-0.108	0.92834
-0.107	0.929602
-0.106	0.930679
-0.105	0.931572
-0.104	0.932281
-0.103	0.932801
-0.102	0.933138
-0.101	0.933289
-0.1	0.933254