-3.037	1.5466e-012
-3.036	1.53961e-012
-3.035	1.53166e-012
-3.034	1.5229e-012
-3.033	1.51352e-012
-3.032	1.5037e-012
-3.031	1.4937e-012
-3.03	1.48382e-012
-3.029	1.47439e-012
-3.028	1.46581e-012
-3.027	1.45854e-012
-3.026	1.45311e-012
-3.025	1.45008e-012
-3.024	1.45011e-012
-3.023	1.45389e-012
-3.022	1.46219e-012
-3.021	1.47579e-012
-3.02	1.49549e-012
-3.019	1.52207e-012
-3.018	1.5563e-012
-3.017	1.59888e-012
-3.016	1.65046e-012
-3.015	1.71157e-012
-3.014	1.78265e-012
-3.013	1.86409e-012
-3.012	1.95615e-012
-3.011	2.05905e-012
-3.01	2.17292e-012
-3.009	2.29788e-012
-3.008	2.43401e-012
-3.007	2.58137e-012
-3.006	2.74003e-012
-3.005	2.91001e-012
-3.004	3.09144e-012
-3.003	3.28437e-012
-3.002	3.48888e-012
-3.001	3.70511e-012
-3	3.93316e-012
-2.999	4.17316e-012
-2.998	4.42528e-012
-2.997	4.68963e-012
-2.996	4.96643e-012
-2.995	5.25584e-012
-2.994	5.55802e-012
-2.993	5.87318e-012
-2.992	6.20148e-012
-2.991	6.54309e-012
-2.99	6.89825e-012
-2.989	7.26708e-012
-2.988	7.64979e-012
-2.987	8.04656e-012
-2.986	8.45748e-012
-2.985	8.88277e-012
-2.984	9.32254e-012
-2.983	9.77689e-012
-2.982	1.02459e-011
-2.981	1.07298e-011
-2.98	1.12285e-011
-2.979	1.17421e-011
-2.978	1.22706e-011
-2.977	1.28141e-011
-2.976	1.33724e-011
-2.975	1.39455e-011
-2.974	1.45334e-011
-2.973	1.51359e-011
-2.972	1.57528e-011
-2.971	1.6384e-011
-2.97	1.70292e-011
-2.969	1.76882e-011
-2.968	1.83606e-011
-2.967	1.9046e-011
-2.966	1.97441e-011
-2.965	2.04545e-011
-2.964	2.11765e-011
-2.963	2.19097e-011
-2.962	2.26535e-011
-2.961	2.34072e-011
-2.96	2.41702e-011
-2.959	2.49416e-011
-2.958	2.57208e-011
-2.957	2.65069e-011
-2.956	2.7299e-011
-2.955	2.80963e-011
-2.954	2.88976e-011
-2.953	2.97023e-011
-2.952	3.05091e-011
-2.951	3.13171e-011
-2.95	3.21254e-011
-2.949	3.29329e-011
-2.948	3.37387e-011
-2.947	3.45417e-011
-2.946	3.53413e-011
-2.945	3.61365e-011
-2.944	3.69268e-011
-2.943	3.77116e-011
-2.942	3.84905e-011
-2.941	3.92635e-011
-2.94	4.00307e-011
-2.939	4.07927e-011
-2.938	4.15502e-011
-2.937	4.23047e-011
-2.936	4.3058e-011
-2.935	4.38125e-011
-2.934	4.45715e-011
-2.933	4.53391e-011
-2.932	4.61202e-011
-2.931	4.69208e-011
-2.93	4.77477e-011
-2.929	4.86097e-011
-2.928	4.95167e-011
-2.927	5.04795e-011
-2.926	5.15111e-011
-2.925	5.26256e-011
-2.924	5.38394e-011
-2.923	5.51695e-011
-2.922	5.66352e-011
-2.921	5.82566e-011
-2.92	6.00553e-011
-2.919	6.20534e-011
-2.918	6.42743e-011
-2.917	6.67412e-011
-2.916	6.94777e-011
-2.915	7.25072e-011
-2.914	7.58524e-011
-2.913	7.95361e-011
-2.912	8.35797e-011
-2.911	8.80041e-011
-2.91	9.28298e-011
-2.909	9.80759e-011
-2.908	1.03761e-010
-2.907	1.09904e-010
-2.906	1.16522e-010
-2.905	1.23633e-010
-2.904	1.31254e-010
-2.903	1.39401e-010
-2.902	1.48092e-010
-2.901	1.57344e-010
-2.9	1.67174e-010
-2.899	1.77598e-010
-2.898	1.88635e-010
-2.897	2.00302e-010
-2.896	2.12616e-010
-2.895	2.25596e-010
-2.894	2.39259e-010
-2.893	2.53623e-010
-2.892	2.68707e-010
-2.891	2.8453e-010
-2.89	3.01109e-010
-2.889	3.18463e-010
-2.888	3.36609e-010
-2.887	3.55567e-010
-2.886	3.75355e-010
-2.885	3.95989e-010
-2.884	4.17488e-010
-2.883	4.39868e-010
-2.882	4.63146e-010
-2.881	4.8734e-010
-2.88	5.12463e-010
-2.879	5.38531e-010
-2.878	5.65558e-010
-2.877	5.93558e-010
-2.876	6.22542e-010
-2.875	6.52523e-010
-2.874	6.8351e-010
-2.873	7.15514e-010
-2.872	7.4854e-010
-2.871	7.82595e-010
-2.87	8.17686e-010
-2.869	8.53813e-010
-2.868	8.90979e-010
-2.867	9.29184e-010
-2.866	9.68425e-010
-2.865	1.0087e-009
-2.864	1.04999e-009
-2.863	1.09231e-009
-2.862	1.13562e-009
-2.861	1.17993e-009
-2.86	1.22521e-009
-2.859	1.27145e-009
-2.858	1.31861e-009
-2.857	1.36669e-009
-2.856	1.41564e-009
-2.855	1.46545e-009
-2.854	1.51607e-009
-2.853	1.56747e-009
-2.852	1.6196e-009
-2.851	1.67243e-009
-2.85	1.72592e-009
-2.849	1.78e-009
-2.848	1.83464e-009
-2.847	1.88977e-009
-2.846	1.94534e-009
-2.845	2.0013e-009
-2.844	2.05759e-009
-2.843	2.11413e-009
-2.842	2.17088e-009
-2.841	2.22778e-009
-2.84	2.28477e-009
-2.839	2.34177e-009
-2.838	2.39876e-009
-2.837	2.45567e-009
-2.836	2.51245e-009
-2.835	2.56908e-009
-2.834	2.62553e-009
-2.833	2.68178e-009
-2.832	2.73784e-009
-2.831	2.79371e-009
-2.83	2.84944e-009
-2.829	2.90508e-009
-2.828	2.96073e-009
-2.827	3.01651e-009
-2.826	3.07257e-009
-2.825	3.12915e-009
-2.824	3.18644e-009
-2.823	3.24479e-009
-2.822	3.30456e-009
-2.821	3.36618e-009
-2.82	3.43015e-009
-2.819	3.49707e-009
-2.818	3.56761e-009
-2.817	3.64252e-009
-2.816	3.72266e-009
-2.815	3.80898e-009
-2.814	3.90251e-009
-2.813	4.00437e-009
-2.812	4.11578e-009
-2.811	4.23801e-009
-2.81	4.37241e-009
-2.809	4.52038e-009
-2.808	4.68333e-009
-2.807	4.86273e-009
-2.806	5.06e-009
-2.805	5.27661e-009
-2.804	5.51398e-009
-2.803	5.77347e-009
-2.802	6.05646e-009
-2.801	6.36424e-009
-2.8	6.69808e-009
-2.799	7.0592e-009
-2.798	7.4488e-009
-2.797	7.86799e-009
-2.796	8.31789e-009
-2.795	8.79961e-009
-2.794	9.31419e-009
-2.793	9.86273e-009
-2.792	1.04462e-008
-2.791	1.10657e-008
-2.79	1.17222e-008
-2.789	1.24167e-008
-2.788	1.31503e-008
-2.787	1.3924e-008
-2.786	1.47389e-008
-2.785	1.55958e-008
-2.784	1.64959e-008
-2.783	1.74402e-008
-2.782	1.84296e-008
-2.781	1.94652e-008
-2.78	2.05479e-008
-2.779	2.16788e-008
-2.778	2.28588e-008
-2.777	2.40887e-008
-2.776	2.53697e-008
-2.775	2.67024e-008
-2.774	2.80879e-008
-2.773	2.95267e-008
-2.772	3.10199e-008
-2.771	3.2568e-008
-2.77	3.41718e-008
-2.769	3.58318e-008
-2.768	3.75486e-008
-2.767	3.93228e-008
-2.766	4.11547e-008
-2.765	4.30447e-008
-2.764	4.49929e-008
-2.763	4.69996e-008
-2.762	4.90648e-008
-2.761	5.11885e-008
-2.76	5.33706e-008
-2.759	5.56108e-008
-2.758	5.79087e-008
-2.757	6.02638e-008
-2.756	6.26755e-008
-2.755	6.51431e-008
-2.754	6.76656e-008
-2.753	7.02419e-008
-2.752	7.28711e-008
-2.751	7.55515e-008
-2.75	7.82818e-008
-2.749	8.10604e-008
-2.748	8.38854e-008
-2.747	8.6755e-008
-2.746	8.96669e-008
-2.745	9.26191e-008
-2.744	9.5609e-008
-2.743	9.86342e-008
-2.742	1.01692e-007
-2.741	1.0478e-007
-2.74	1.07895e-007
-2.739	1.11034e-007
-2.738	1.14195e-007
-2.737	1.17374e-007
-2.736	1.20568e-007
-2.735	1.23776e-007
-2.734	1.26992e-007
-2.733	1.30217e-007
-2.732	1.33447e-007
-2.731	1.36679e-007
-2.73	1.39913e-007
-2.729	1.43148e-007
-2.728	1.46381e-007
-2.727	1.49616e-007
-2.726	1.52851e-007
-2.725	1.56089e-007
-2.724	1.59334e-007
-2.723	1.62591e-007
-2.722	1.65865e-007
-2.721	1.69165e-007
-2.72	1.72501e-007
-2.719	1.75886e-007
-2.718	1.79335e-007
-2.717	1.82865e-007
-2.716	1.865e-007
-2.715	1.90264e-007
-2.714	1.94185e-007
-2.713	1.98295e-007
-2.712	2.02633e-007
-2.711	2.07238e-007
-2.71	2.12158e-007
-2.709	2.17441e-007
-2.708	2.23144e-007
-2.707	2.29323e-007
-2.706	2.36042e-007
-2.705	2.43365e-007
-2.704	2.51362e-007
-2.703	2.60102e-007
-2.702	2.69657e-007
-2.701	2.801e-007
-2.7	2.91504e-007
-2.699	3.03941e-007
-2.698	3.17482e-007
-2.697	3.32196e-007
-2.696	3.48151e-007
-2.695	3.65415e-007
-2.694	3.8405e-007
-2.693	4.04118e-007
-2.692	4.2568e-007
-2.691	4.48794e-007
-2.69	4.73517e-007
-2.689	4.99902e-007
-2.688	5.28004e-007
-2.687	5.57878e-007
-2.686	5.89572e-007
-2.685	6.23141e-007
-2.684	6.58634e-007
-2.683	6.961e-007
-2.682	7.35589e-007
-2.681	7.77153e-007
-2.68	8.20835e-007
-2.679	8.66688e-007
-2.678	9.14754e-007
-2.677	9.65087e-007
-2.676	1.01772e-006
-2.675	1.07272e-006
-2.674	1.13011e-006
-2.673	1.18994e-006
-2.672	1.25224e-006
-2.671	1.31707e-006
-2.67	1.38446e-006
-2.669	1.45443e-006
-2.668	1.52704e-006
-2.667	1.60229e-006
-2.666	1.68024e-006
-2.665	1.76089e-006
-2.664	1.84427e-006
-2.663	1.93041e-006
-2.662	2.01931e-006
-2.661	2.11098e-006
-2.66	2.20544e-006
-2.659	2.30268e-006
-2.658	2.4027e-006
-2.657	2.5055e-006
-2.656	2.61106e-006
-2.655	2.71936e-006
-2.654	2.83039e-006
-2.653	2.9441e-006
-2.652	3.06047e-006
-2.651	3.17946e-006
-2.65	3.30101e-006
-2.649	3.42507e-006
-2.648	3.55158e-006
-2.647	3.68048e-006
-2.646	3.81169e-006
-2.645	3.94513e-006
-2.644	4.0807e-006
-2.643	4.21833e-006
-2.642	4.35791e-006
-2.641	4.49933e-006
-2.64	4.64249e-006
-2.639	4.78728e-006
-2.638	4.93358e-006
-2.637	5.08127e-006
-2.636	5.22871e-006
-2.635	5.37413e-006
-2.634	5.51728e-006
-2.633	5.65792e-006
-2.632	5.79587e-006
-2.631	5.93092e-006
-2.63	6.06289e-006
-2.629	6.1916e-006
-2.628	6.31691e-006
-2.627	6.43865e-006
-2.626	6.5567e-006
-2.625	6.67091e-006
-2.624	6.78118e-006
-2.623	6.88739e-006
-2.622	6.98945e-006
-2.621	7.08727e-006
-2.62	7.18078e-006
-2.619	7.26991e-006
-2.618	7.35462e-006
-2.617	7.43486e-006
-2.616	7.5106e-006
-2.615	7.58182e-006
-2.614	7.64853e-006
-2.613	7.71073e-006
-2.612	7.76847e-006
-2.611	7.82177e-006
-2.61	7.8707e-006
-2.609	7.91532e-006
-2.608	7.95571e-006
-2.607	7.99201e-006
-2.606	8.02432e-006
-2.605	8.05279e-006
-2.604	8.07759e-006
-2.603	8.0989e-006
-2.602	8.11693e-006
-2.601	8.1319e-006
-2.6	8.14407e-006
-2.599	8.15371e-006
-2.598	8.16111e-006
-2.597	8.16661e-006
-2.596	8.17054e-006
-2.595	8.17329e-006
-2.594	8.17523e-006
-2.593	8.17681e-006
-2.592	8.17847e-006
-2.591	8.18066e-006
-2.59	8.18388e-006
-2.589	8.18865e-006
-2.588	8.19549e-006
-2.587	8.20494e-006
-2.586	8.21755e-006
-2.585	8.23391e-006
-2.584	8.25456e-006
-2.583	8.28008e-006
-2.582	8.31105e-006
-2.581	8.34801e-006
-2.58	8.3915e-006
-2.579	8.44203e-006
-2.578	8.5001e-006
-2.577	8.56616e-006
-2.576	8.64064e-006
-2.575	8.7239e-006
-2.574	8.81627e-006
-2.573	8.91804e-006
-2.572	9.02944e-006
-2.571	9.15062e-006
-2.57	9.28171e-006
-2.569	9.42276e-006
-2.568	9.57379e-006
-2.567	9.73476e-006
-2.566	9.90555e-006
-2.565	1.0086e-005
-2.564	1.0276e-005
-2.563	1.04753e-005
-2.562	1.06836e-005
-2.561	1.09006e-005
-2.56	1.1126e-005
-2.559	1.13594e-005
-2.558	1.16005e-005
-2.557	1.18489e-005
-2.556	1.21041e-005
-2.555	1.23658e-005
-2.554	1.26335e-005
-2.553	1.29068e-005
-2.552	1.31852e-005
-2.551	1.34684e-005
-2.55	1.37558e-005
-2.549	1.4047e-005
-2.548	1.43415e-005
-2.547	1.46389e-005
-2.546	1.49387e-005
-2.545	1.52406e-005
-2.544	1.5544e-005
-2.543	1.58485e-005
-2.542	1.61537e-005
-2.541	1.64592e-005
-2.54	1.67644e-005
-2.539	1.7069e-005
-2.538	1.73727e-005
-2.537	1.76748e-005
-2.536	1.79752e-005
-2.535	1.82733e-005
-2.534	1.85687e-005
-2.533	1.88612e-005
-2.532	1.91502e-005
-2.531	1.94355e-005
-2.53	1.97166e-005
-2.529	1.99933e-005
-2.528	2.02651e-005
-2.527	2.05317e-005
-2.526	2.07928e-005
-2.525	2.10481e-005
-2.524	2.12972e-005
-2.523	2.15399e-005
-2.522	2.17758e-005
-2.521	2.20048e-005
-2.52	2.22265e-005
-2.519	2.24407e-005
-2.518	2.26472e-005
-2.517	2.28456e-005
-2.516	2.30359e-005
-2.515	2.32179e-005
-2.514	2.33913e-005
-2.513	2.3556e-005
-2.512	2.37118e-005
-2.511	2.38587e-005
-2.51	2.39966e-005
-2.509	2.41253e-005
-2.508	2.42449e-005
-2.507	2.43552e-005
-2.506	2.44564e-005
-2.505	2.45483e-005
-2.504	2.46311e-005
-2.503	2.47048e-005
-2.502	2.47696e-005
-2.501	2.48256e-005
-2.5	2.48729e-005
-2.499	2.49118e-005
-2.498	2.49424e-005
-2.497	2.49652e-005
-2.496	2.49803e-005
-2.495	2.49883e-005
-2.494	2.49894e-005
-2.493	2.49841e-005
-2.492	2.49729e-005
-2.491	2.49564e-005
-2.49	2.49351e-005
-2.489	2.49097e-005
-2.488	2.48808e-005
-2.487	2.48493e-005
-2.486	2.48158e-005
-2.485	2.47813e-005
-2.484	2.47466e-005
-2.483	2.47127e-005
-2.482	2.46806e-005
-2.481	2.46514e-005
-2.48	2.4626e-005
-2.479	2.46057e-005
-2.478	2.45917e-005
-2.477	2.45851e-005
-2.476	2.45872e-005
-2.475	2.45992e-005
-2.474	2.46223e-005
-2.473	2.4658e-005
-2.472	2.47074e-005
-2.471	2.47718e-005
-2.47	2.48524e-005
-2.469	2.49504e-005
-2.468	2.50669e-005
-2.467	2.52031e-005
-2.466	2.53599e-005
-2.465	2.55383e-005
-2.464	2.5739e-005
-2.463	2.5963e-005
-2.462	2.62106e-005
-2.461	2.64826e-005
-2.46	2.67793e-005
-2.459	2.7101e-005
-2.458	2.74478e-005
-2.457	2.78199e-005
-2.456	2.8217e-005
-2.455	2.86392e-005
-2.454	2.90861e-005
-2.453	2.95573e-005
-2.452	3.00523e-005
-2.451	3.05707e-005
-2.45	3.11116e-005
-2.449	3.16745e-005
-2.448	3.22586e-005
-2.447	3.2863e-005
-2.446	3.34869e-005
-2.445	3.41293e-005
-2.444	3.47893e-005
-2.443	3.54659e-005
-2.442	3.61581e-005
-2.441	3.68648e-005
-2.44	3.7585e-005
-2.439	3.83177e-005
-2.438	3.90617e-005
-2.437	3.98161e-005
-2.436	4.05797e-005
-2.435	4.13515e-005
-2.434	4.21303e-005
-2.433	4.29152e-005
-2.432	4.3705e-005
-2.431	4.44988e-005
-2.43	4.52954e-005
-2.429	4.60939e-005
-2.428	4.68932e-005
-2.427	4.76923e-005
-2.426	4.84901e-005
-2.425	4.92858e-005
-2.424	5.00782e-005
-2.423	5.08665e-005
-2.422	5.16498e-005
-2.421	5.2427e-005
-2.42	5.31973e-005
-2.419	5.39597e-005
-2.418	5.47135e-005
-2.417	5.54576e-005
-2.416	5.61913e-005
-2.415	5.69137e-005
-2.414	5.76241e-005
-2.413	5.83217e-005
-2.412	5.90056e-005
-2.411	5.96753e-005
-2.41	6.03299e-005
-2.409	6.09688e-005
-2.408	6.15913e-005
-2.407	6.21968e-005
-2.406	6.27847e-005
-2.405	6.33544e-005
-2.404	6.39055e-005
-2.403	6.44374e-005
-2.402	6.49496e-005
-2.401	6.54417e-005
-2.4	6.59133e-005
-2.399	6.63641e-005
-2.398	6.67939e-005
-2.397	6.72022e-005
-2.396	6.7589e-005
-2.395	6.7954e-005
-2.394	6.82971e-005
-2.393	6.86183e-005
-2.392	6.89175e-005
-2.391	6.91948e-005
-2.39	6.94504e-005
-2.389	6.96843e-005
-2.388	6.98968e-005
-2.387	7.00883e-005
-2.386	7.0259e-005
-2.385	7.04094e-005
-2.384	7.05402e-005
-2.383	7.06518e-005
-2.382	7.07448e-005
-2.381	7.08201e-005
-2.38	7.08785e-005
-2.379	7.09209e-005
-2.378	7.09483e-005
-2.377	7.09619e-005
-2.376	7.09628e-005
-2.375	7.09524e-005
-2.374	7.0932e-005
-2.373	7.0903e-005
-2.372	7.08672e-005
-2.371	7.08261e-005
-2.37	7.07816e-005
-2.369	7.07354e-005
-2.368	7.06896e-005
-2.367	7.06462e-005
-2.366	7.06074e-005
-2.365	7.05754e-005
-2.364	7.05525e-005
-2.363	7.05411e-005
-2.362	7.05436e-005
-2.361	7.05624e-005
-2.36	7.06002e-005
-2.359	7.06594e-005
-2.358	7.07426e-005
-2.357	7.08523e-005
-2.356	7.09911e-005
-2.355	7.11614e-005
-2.354	7.13659e-005
-2.353	7.16067e-005
-2.352	7.18861e-005
-2.351	7.22064e-005
-2.35	7.25695e-005
-2.349	7.29774e-005
-2.348	7.34318e-005
-2.347	7.39343e-005
-2.346	7.44862e-005
-2.345	7.50887e-005
-2.344	7.57427e-005
-2.343	7.64491e-005
-2.342	7.72083e-005
-2.341	7.80206e-005
-2.34	7.88861e-005
-2.339	7.98047e-005
-2.338	8.0776e-005
-2.337	8.17994e-005
-2.336	8.28743e-005
-2.335	8.39996e-005
-2.334	8.51743e-005
-2.333	8.63971e-005
-2.332	8.76665e-005
-2.331	8.8981e-005
-2.33	9.03389e-005
-2.329	9.17384e-005
-2.328	9.31775e-005
-2.327	9.46543e-005
-2.326	9.61667e-005
-2.325	9.77124e-005
-2.324	9.92895e-005
-2.323	0.000100895
-2.322	0.000102528
-2.321	0.000104185
-2.32	0.000105865
-2.319	0.000107564
-2.318	0.00010928
-2.317	0.000111012
-2.316	0.000112756
-2.315	0.00011451
-2.314	0.000116273
-2.313	0.000118041
-2.312	0.000119813
-2.311	0.000121586
-2.31	0.000123358
-2.309	0.000125126
-2.308	0.00012689
-2.307	0.000128645
-2.306	0.000130391
-2.305	0.000132125
-2.304	0.000133846
-2.303	0.00013555
-2.302	0.000137237
-2.301	0.000138904
-2.3	0.00014055
-2.299	0.000142173
-2.298	0.00014377
-2.297	0.000145341
-2.296	0.000146884
-2.295	0.000148396
-2.294	0.000149878
-2.293	0.000151327
-2.292	0.000152741
-2.291	0.00015412
-2.29	0.000155463
-2.289	0.000156767
-2.288	0.000158033
-2.287	0.000159259
-2.286	0.000160444
-2.285	0.000161588
-2.284	0.000162689
-2.283	0.000163747
-2.282	0.000164762
-2.281	0.000165733
-2.28	0.000166659
-2.279	0.000167541
-2.278	0.000168378
-2.277	0.000169171
-2.276	0.000169919
-2.275	0.000170622
-2.274	0.000171282
-2.273	0.000171898
-2.272	0.000172471
-2.271	0.000173001
-2.27	0.00017349
-2.269	0.000173939
-2.268	0.000174348
-2.267	0.00017472
-2.266	0.000175055
-2.265	0.000175354
-2.264	0.000175621
-2.263	0.000175857
-2.262	0.000176063
-2.261	0.000176242
-2.26	0.000176396
-2.259	0.000176529
-2.258	0.000176641
-2.257	0.000176738
-2.256	0.00017682
-2.255	0.000176893
-2.254	0.000176958
-2.253	0.00017702
-2.252	0.000177082
-2.251	0.000177148
-2.25	0.000177222
-2.249	0.000177307
-2.248	0.000177408
-2.247	0.000177529
-2.246	0.000177675
-2.245	0.000177848
-2.244	0.000178055
-2.243	0.0001783
-2.242	0.000178585
-2.241	0.000178918
-2.24	0.0001793
-2.239	0.000179738
-2.238	0.000180234
-2.237	0.000180793
-2.236	0.000181419
-2.235	0.000182116
-2.234	0.000182886
-2.233	0.000183735
-2.232	0.000184663
-2.231	0.000185675
-2.23	0.000186773
-2.229	0.000187959
-2.228	0.000189234
-2.227	0.000190602
-2.226	0.000192062
-2.225	0.000193615
-2.224	0.000195263
-2.223	0.000197005
-2.222	0.000198841
-2.221	0.000200771
-2.22	0.000202793
-2.219	0.000204907
-2.218	0.000207111
-2.217	0.000209403
-2.216	0.000211782
-2.215	0.000214244
-2.214	0.000216787
-2.213	0.000219409
-2.212	0.000222106
-2.211	0.000224875
-2.21	0.000227712
-2.209	0.000230614
-2.208	0.000233578
-2.207	0.000236598
-2.206	0.000239672
-2.205	0.000242795
-2.204	0.000245964
-2.203	0.000249173
-2.202	0.000252419
-2.201	0.000255697
-2.2	0.000259003
-2.199	0.000262333
-2.198	0.000265683
-2.197	0.000269047
-2.196	0.000272423
-2.195	0.000275805
-2.194	0.000279189
-2.193	0.000282572
-2.192	0.000285949
-2.191	0.000289316
-2.19	0.000292669
-2.189	0.000296004
-2.188	0.000299318
-2.187	0.000302606
-2.186	0.000305866
-2.185	0.000309092
-2.184	0.000312283
-2.183	0.000315435
-2.182	0.000318544
-2.181	0.000321607
-2.18	0.000324622
-2.179	0.000327585
-2.178	0.000330494
-2.177	0.000333345
-2.176	0.000336138
-2.175	0.000338868
-2.174	0.000341535
-2.173	0.000344136
-2.172	0.000346669
-2.171	0.000349132
-2.17	0.000351524
-2.169	0.000353844
-2.168	0.00035609
-2.167	0.000358262
-2.166	0.000360357
-2.165	0.000362377
-2.164	0.000364319
-2.163	0.000366185
-2.162	0.000367973
-2.161	0.000369684
-2.16	0.000371319
-2.159	0.000372878
-2.158	0.000374361
-2.157	0.00037577
-2.156	0.000377105
-2.155	0.000378369
-2.154	0.000379563
-2.153	0.000380688
-2.152	0.000381748
-2.151	0.000382743
-2.15	0.000383678
-2.149	0.000384555
-2.148	0.000385376
-2.147	0.000386145
-2.146	0.000386866
-2.145	0.000387544
-2.144	0.00038818
-2.143	0.00038878
-2.142	0.000389349
-2.141	0.000389891
-2.14	0.000390412
-2.139	0.000390915
-2.138	0.000391408
-2.137	0.000391894
-2.136	0.000392381
-2.135	0.000392874
-2.134	0.000393378
-2.133	0.000393901
-2.132	0.000394448
-2.131	0.000395027
-2.13	0.000395642
-2.129	0.000396302
-2.128	0.000397012
-2.127	0.000397779
-2.126	0.000398609
-2.125	0.00039951
-2.124	0.000400486
-2.123	0.000401545
-2.122	0.000402693
-2.121	0.000403935
-2.12	0.000405278
-2.119	0.000406726
-2.118	0.000408285
-2.117	0.00040996
-2.116	0.000411755
-2.115	0.000413674
-2.114	0.000415722
-2.113	0.000417901
-2.112	0.000420214
-2.111	0.000422665
-2.11	0.000425254
-2.109	0.000427984
-2.108	0.000430856
-2.107	0.00043387
-2.106	0.000437027
-2.105	0.000440325
-2.104	0.000443765
-2.103	0.000447345
-2.102	0.000451063
-2.101	0.000454918
-2.1	0.000458905
-2.099	0.000463023
-2.098	0.000467268
-2.097	0.000471635
-2.096	0.000476122
-2.095	0.000480724
-2.094	0.000485435
-2.093	0.00049025
-2.092	0.000495165
-2.091	0.000500174
-2.09	0.00050527
-2.089	0.000510448
-2.088	0.000515702
-2.087	0.000521026
-2.086	0.000526413
-2.085	0.000531857
-2.084	0.00053735
-2.083	0.000542888
-2.082	0.000548462
-2.081	0.000554067
-2.08	0.000559696
-2.079	0.000565342
-2.078	0.000570999
-2.077	0.000576659
-2.076	0.000582317
-2.075	0.000587966
-2.074	0.000593601
-2.073	0.000599214
-2.072	0.0006048
-2.071	0.000610353
-2.07	0.000615867
-2.069	0.000621336
-2.068	0.000626756
-2.067	0.00063212
-2.066	0.000637424
-2.065	0.000642663
-2.064	0.000647832
-2.063	0.000652926
-2.062	0.000657942
-2.061	0.000662875
-2.06	0.000667722
-2.059	0.000672478
-2.058	0.000677141
-2.057	0.000681708
-2.056	0.000686174
-2.055	0.000690539
-2.054	0.0006948
-2.053	0.000698954
-2.052	0.000703
-2.051	0.000706937
-2.05	0.000710763
-2.049	0.000714478
-2.048	0.00071808
-2.047	0.000721571
-2.046	0.000724949
-2.045	0.000728216
-2.044	0.000731372
-2.043	0.000734417
-2.042	0.000737354
-2.041	0.000740185
-2.04	0.000742909
-2.039	0.000745531
-2.038	0.000748054
-2.037	0.000750479
-2.036	0.000752812
-2.035	0.000755055
-2.034	0.000757213
-2.033	0.000759289
-2.032	0.000761288
-2.031	0.000763216
-2.03	0.000765077
-2.029	0.000766877
-2.028	0.000768623
-2.027	0.00077032
-2.026	0.000771975
-2.025	0.000773595
-2.024	0.000775187
-2.023	0.000776758
-2.022	0.000778315
-2.021	0.000779866
-2.02	0.000781419
-2.019	0.000782982
-2.018	0.000784564
-2.017	0.000786171
-2.016	0.000787813
-2.015	0.0007895
-2.014	0.000791237
-2.013	0.000793036
-2.012	0.000794903
-2.011	0.000796846
-2.01	0.000798875
-2.009	0.000800999
-2.008	0.000803224
-2.007	0.000805558
-2.006	0.00080801
-2.005	0.000810587
-2.004	0.000813295
-2.003	0.000816142
-2.002	0.000819134
-2.001	0.000822277
-2	0.000825578
-1.999	0.000829039
-1.998	0.000832668
-1.997	0.000836467
-1.996	0.00084044
-1.995	0.000844592
-1.994	0.000848924
-1.993	0.000853439
-1.992	0.000858138
-1.991	0.000863021
-1.99	0.000868091
-1.989	0.000873345
-1.988	0.000878785
-1.987	0.000884408
-1.986	0.000890211
-1.985	0.000896193
-1.984	0.000902352
-1.983	0.000908683
-1.982	0.000915183
-1.981	0.000921847
-1.98	0.00092867
-1.979	0.000935646
-1.978	0.000942771
-1.977	0.000950038
-1.976	0.000957441
-1.975	0.000964973
-1.974	0.000972625
-1.973	0.000980392
-1.972	0.000988265
-1.971	0.000996237
-1.97	0.0010043
-1.969	0.00101244
-1.968	0.00102066
-1.967	0.00102895
-1.966	0.00103729
-1.965	0.00104568
-1.964	0.00105411
-1.963	0.00106258
-1.962	0.00107106
-1.961	0.00107956
-1.96	0.00108807
-1.959	0.00109657
-1.958	0.00110506
-1.957	0.00111354
-1.956	0.00112198
-1.955	0.0011304
-1.954	0.00113877
-1.953	0.00114709
-1.952	0.00115535
-1.951	0.00116355
-1.95	0.00117168
-1.949	0.00117973
-1.948	0.0011877
-1.947	0.00119558
-1.946	0.00120336
-1.945	0.00121105
-1.944	0.00121863
-1.943	0.0012261
-1.942	0.00123345
-1.941	0.00124069
-1.94	0.00124781
-1.939	0.0012548
-1.938	0.00126166
-1.937	0.00126839
-1.936	0.00127499
-1.935	0.00128146
-1.934	0.00128779
-1.933	0.00129398
-1.932	0.00130004
-1.931	0.00130596
-1.93	0.00131175
-1.929	0.0013174
-1.928	0.00132291
-1.927	0.00132829
-1.926	0.00133355
-1.925	0.00133867
-1.924	0.00134367
-1.923	0.00134854
-1.922	0.0013533
-1.921	0.00135794
-1.92	0.00136247
-1.919	0.0013669
-1.918	0.00137123
-1.917	0.00137546
-1.916	0.00137961
-1.915	0.00138367
-1.914	0.00138766
-1.913	0.00139159
-1.912	0.00139545
-1.911	0.00139926
-1.91	0.00140302
-1.909	0.00140675
-1.908	0.00141045
-1.907	0.00141413
-1.906	0.00141781
-1.905	0.00142148
-1.904	0.00142516
-1.903	0.00142885
-1.902	0.00143258
-1.901	0.00143634
-1.9	0.00144015
-1.899	0.00144401
-1.898	0.00144794
-1.897	0.00145195
-1.896	0.00145604
-1.895	0.00146022
-1.894	0.00146451
-1.893	0.00146891
-1.892	0.00147343
-1.891	0.00147809
-1.89	0.00148288
-1.889	0.00148782
-1.888	0.00149291
-1.887	0.00149816
-1.886	0.00150358
-1.885	0.00150918
-1.884	0.00151495
-1.883	0.00152092
-1.882	0.00152707
-1.881	0.00153342
-1.88	0.00153997
-1.879	0.00154673
-1.878	0.00155369
-1.877	0.00156085
-1.876	0.00156823
-1.875	0.00157582
-1.874	0.00158362
-1.873	0.00159163
-1.872	0.00159986
-1.871	0.00160829
-1.87	0.00161692
-1.869	0.00162577
-1.868	0.00163481
-1.867	0.00164406
-1.866	0.0016535
-1.865	0.00166312
-1.864	0.00167294
-1.863	0.00168293
-1.862	0.00169309
-1.861	0.00170342
-1.86	0.00171391
-1.859	0.00172455
-1.858	0.00173534
-1.857	0.00174626
-1.856	0.00175731
-1.855	0.00176848
-1.854	0.00177977
-1.853	0.00179115
-1.852	0.00180263
-1.851	0.00181419
-1.85	0.00182583
-1.849	0.00183754
-1.848	0.0018493
-1.847	0.0018611
-1.846	0.00187295
-1.845	0.00188482
-1.844	0.00189671
-1.843	0.00190861
-1.842	0.00192051
-1.841	0.0019324
-1.84	0.00194427
-1.839	0.00195612
-1.838	0.00196793
-1.837	0.0019797
-1.836	0.00199142
-1.835	0.00200308
-1.834	0.00201467
-1.833	0.00202619
-1.832	0.00203762
-1.831	0.00204898
-1.83	0.00206023
-1.829	0.00207139
-1.828	0.00208244
-1.827	0.00209339
-1.826	0.00210422
-1.825	0.00211493
-1.824	0.00212552
-1.823	0.00213598
-1.822	0.00214632
-1.821	0.00215652
-1.82	0.00216659
-1.819	0.00217652
-1.818	0.00218632
-1.817	0.00219598
-1.816	0.0022055
-1.815	0.00221489
-1.814	0.00222414
-1.813	0.00223326
-1.812	0.00224224
-1.811	0.00225109
-1.81	0.00225981
-1.809	0.00226841
-1.808	0.00227688
-1.807	0.00228523
-1.806	0.00229347
-1.805	0.0023016
-1.804	0.00230963
-1.803	0.00231755
-1.802	0.00232539
-1.801	0.00233313
-1.8	0.0023408
-1.799	0.00234839
-1.798	0.00235592
-1.797	0.0023634
-1.796	0.00237082
-1.795	0.0023782
-1.794	0.00238554
-1.793	0.00239286
-1.792	0.00240017
-1.791	0.00240747
-1.79	0.00241477
-1.789	0.00242209
-1.788	0.00242943
-1.787	0.0024368
-1.786	0.00244421
-1.785	0.00245167
-1.784	0.00245919
-1.783	0.00246678
-1.782	0.00247445
-1.781	0.00248221
-1.78	0.00249007
-1.779	0.00249803
-1.778	0.00250611
-1.777	0.00251432
-1.776	0.00252266
-1.775	0.00253114
-1.774	0.00253977
-1.773	0.00254856
-1.772	0.00255751
-1.771	0.00256663
-1.77	0.00257593
-1.769	0.00258542
-1.768	0.00259509
-1.767	0.00260496
-1.766	0.00261503
-1.765	0.0026253
-1.764	0.00263578
-1.763	0.00264646
-1.762	0.00265736
-1.761	0.00266847
-1.76	0.0026798
-1.759	0.00269134
-1.758	0.0027031
-1.757	0.00271508
-1.756	0.00272727
-1.755	0.00273968
-1.754	0.0027523
-1.753	0.00276513
-1.752	0.00277817
-1.751	0.00279141
-1.75	0.00280485
-1.749	0.00281849
-1.748	0.00283232
-1.747	0.00284633
-1.746	0.00286053
-1.745	0.0028749
-1.744	0.00288943
-1.743	0.00290413
-1.742	0.00291898
-1.741	0.00293398
-1.74	0.00294912
-1.739	0.00296439
-1.738	0.00297978
-1.737	0.00299528
-1.736	0.0030109
-1.735	0.0030266
-1.734	0.0030424
-1.733	0.00305828
-1.732	0.00307423
-1.731	0.00309024
-1.73	0.0031063
-1.729	0.00312241
-1.728	0.00313855
-1.727	0.00315473
-1.726	0.00317092
-1.725	0.00318711
-1.724	0.00320331
-1.723	0.00321951
-1.722	0.00323569
-1.721	0.00325184
-1.72	0.00326797
-1.719	0.00328406
-1.718	0.0033001
-1.717	0.00331609
-1.716	0.00333203
-1.715	0.0033479
-1.714	0.0033637
-1.713	0.00337943
-1.712	0.00339507
-1.711	0.00341063
-1.71	0.00342611
-1.709	0.00344149
-1.708	0.00345677
-1.707	0.00347196
-1.706	0.00348705
-1.705	0.00350203
-1.704	0.00351691
-1.703	0.00353168
-1.702	0.00354634
-1.701	0.0035609
-1.7	0.00357535
-1.699	0.00358969
-1.698	0.00360392
-1.697	0.00361805
-1.696	0.00363208
-1.695	0.00364601
-1.694	0.00365984
-1.693	0.00367357
-1.692	0.00368722
-1.691	0.00370078
-1.69	0.00371425
-1.689	0.00372765
-1.688	0.00374097
-1.687	0.00375423
-1.686	0.00376743
-1.685	0.00378057
-1.684	0.00379366
-1.683	0.00380671
-1.682	0.00381972
-1.681	0.00383271
-1.68	0.00384567
-1.679	0.00385862
-1.678	0.00387157
-1.677	0.00388452
-1.676	0.00389748
-1.675	0.00391046
-1.674	0.00392347
-1.673	0.00393651
-1.672	0.0039496
-1.671	0.00396274
-1.67	0.00397595
-1.669	0.00398922
-1.668	0.00400257
-1.667	0.00401601
-1.666	0.00402955
-1.665	0.00404319
-1.664	0.00405694
-1.663	0.00407081
-1.662	0.00408481
-1.661	0.00409894
-1.66	0.00411321
-1.659	0.00412763
-1.658	0.00414221
-1.657	0.00415694
-1.656	0.00417185
-1.655	0.00418693
-1.654	0.00420218
-1.653	0.00421762
-1.652	0.00423325
-1.651	0.00424906
-1.65	0.00426507
-1.649	0.00428129
-1.648	0.0042977
-1.647	0.00431432
-1.646	0.00433114
-1.645	0.00434817
-1.644	0.00436541
-1.643	0.00438285
-1.642	0.00440051
-1.641	0.00441837
-1.64	0.00443644
-1.639	0.00445473
-1.638	0.00447321
-1.637	0.00449189
-1.636	0.00451078
-1.635	0.00452987
-1.634	0.00454915
-1.633	0.00456862
-1.632	0.00458828
-1.631	0.00460811
-1.63	0.00462813
-1.629	0.00464832
-1.628	0.00466868
-1.627	0.0046892
-1.626	0.00470987
-1.625	0.0047307
-1.624	0.00475167
-1.623	0.00477277
-1.622	0.00479401
-1.621	0.00481537
-1.62	0.00483685
-1.619	0.00485843
-1.618	0.00488012
-1.617	0.00490191
-1.616	0.00492378
-1.615	0.00494574
-1.614	0.00496777
-1.613	0.00498986
-1.612	0.00501201
-1.611	0.00503422
-1.61	0.00505647
-1.609	0.00507876
-1.608	0.00510108
-1.607	0.00512343
-1.606	0.0051458
-1.605	0.00516818
-1.604	0.00519056
-1.603	0.00521295
-1.602	0.00523533
-1.601	0.0052577
-1.6	0.00528006
-1.599	0.00530239
-1.598	0.00532471
-1.597	0.00534699
-1.596	0.00536924
-1.595	0.00539146
-1.594	0.00541364
-1.593	0.00543577
-1.592	0.00545786
-1.591	0.00547991
-1.59	0.00550191
-1.589	0.00552386
-1.588	0.00554575
-1.587	0.0055676
-1.586	0.0055894
-1.585	0.00561114
-1.584	0.00563283
-1.583	0.00565448
-1.582	0.00567608
-1.581	0.00569763
-1.58	0.00571913
-1.579	0.00574059
-1.578	0.00576202
-1.577	0.0057834
-1.576	0.00580475
-1.575	0.00582607
-1.574	0.00584736
-1.573	0.00586864
-1.572	0.00588989
-1.571	0.00591113
-1.57	0.00593236
-1.569	0.00595359
-1.568	0.00597482
-1.567	0.00599607
-1.566	0.00601732
-1.565	0.00603859
-1.564	0.0060599
-1.563	0.00608123
-1.562	0.00610261
-1.561	0.00612403
-1.56	0.00614549
-1.559	0.00616703
-1.558	0.00618863
-1.557	0.00621029
-1.556	0.00623204
-1.555	0.00625387
-1.554	0.0062758
-1.553	0.00629783
-1.552	0.00631996
-1.551	0.00634221
-1.55	0.00636457
-1.549	0.00638706
-1.548	0.00640969
-1.547	0.00643245
-1.546	0.00645535
-1.545	0.0064784
-1.544	0.00650161
-1.543	0.00652497
-1.542	0.0065485
-1.541	0.0065722
-1.54	0.00659607
-1.539	0.00662012
-1.538	0.00664436
-1.537	0.00666877
-1.536	0.00669338
-1.535	0.00671818
-1.534	0.00674317
-1.533	0.00676836
-1.532	0.00679375
-1.531	0.00681933
-1.53	0.00684512
-1.529	0.00687112
-1.528	0.00689732
-1.527	0.00692371
-1.526	0.00695031
-1.525	0.00697712
-1.524	0.00700413
-1.523	0.00703134
-1.522	0.00705875
-1.521	0.00708636
-1.52	0.00711417
-1.519	0.00714217
-1.518	0.00717036
-1.517	0.00719875
-1.516	0.00722732
-1.515	0.00725607
-1.514	0.00728501
-1.513	0.00731412
-1.512	0.0073434
-1.511	0.00737285
-1.51	0.00740247
-1.509	0.00743224
-1.508	0.00746218
-1.507	0.00749226
-1.506	0.00752249
-1.505	0.00755286
-1.504	0.00758336
-1.503	0.007614
-1.502	0.00764476
-1.501	0.00767564
-1.5	0.00770664
-1.499	0.00773776
-1.498	0.00776897
-1.497	0.00780029
-1.496	0.0078317
-1.495	0.0078632
-1.494	0.00789479
-1.493	0.00792646
-1.492	0.00795821
-1.491	0.00799003
-1.49	0.00802191
-1.489	0.00805386
-1.488	0.00808587
-1.487	0.00811794
-1.486	0.00815005
-1.485	0.00818222
-1.484	0.00821442
-1.483	0.00824667
-1.482	0.00827897
-1.481	0.0083113
-1.48	0.00834366
-1.479	0.00837606
-1.478	0.00840848
-1.477	0.00844093
-1.476	0.00847341
-1.475	0.00850592
-1.474	0.00853845
-1.473	0.00857101
-1.472	0.00860359
-1.471	0.0086362
-1.47	0.00866884
-1.469	0.0087015
-1.468	0.00873418
-1.467	0.0087669
-1.466	0.00879964
-1.465	0.00883241
-1.464	0.00886522
-1.463	0.00889806
-1.462	0.00893093
-1.461	0.00896385
-1.46	0.00899681
-1.459	0.00902981
-1.458	0.00906287
-1.457	0.00909598
-1.456	0.00912913
-1.455	0.00916236
-1.454	0.00919565
-1.453	0.009229
-1.452	0.00926242
-1.451	0.00929592
-1.45	0.0093295
-1.449	0.00936317
-1.448	0.00939693
-1.447	0.00943078
-1.446	0.00946474
-1.445	0.0094988
-1.444	0.00953296
-1.443	0.00956724
-1.442	0.00960164
-1.441	0.00963616
-1.44	0.00967082
-1.439	0.00970561
-1.438	0.00974054
-1.437	0.00977561
-1.436	0.00981083
-1.435	0.0098462
-1.434	0.00988174
-1.433	0.00991743
-1.432	0.0099533
-1.431	0.00998933
-1.43	0.0100255
-1.429	0.0100619
-1.428	0.0100985
-1.427	0.0101353
-1.426	0.0101722
-1.425	0.0102094
-1.424	0.0102467
-1.423	0.0102842
-1.422	0.010322
-1.421	0.0103599
-1.42	0.0103981
-1.419	0.0104364
-1.418	0.010475
-1.417	0.0105138
-1.416	0.0105528
-1.415	0.010592
-1.414	0.0106315
-1.413	0.0106711
-1.412	0.010711
-1.411	0.0107511
-1.41	0.0107914
-1.409	0.0108319
-1.408	0.0108726
-1.407	0.0109136
-1.406	0.0109548
-1.405	0.0109961
-1.404	0.0110377
-1.403	0.0110796
-1.402	0.0111216
-1.401	0.0111638
-1.4	0.0112063
-1.399	0.0112489
-1.398	0.0112918
-1.397	0.0113348
-1.396	0.0113781
-1.395	0.0114215
-1.394	0.0114652
-1.393	0.011509
-1.392	0.011553
-1.391	0.0115972
-1.39	0.0116416
-1.389	0.0116862
-1.388	0.0117309
-1.387	0.0117758
-1.386	0.0118209
-1.385	0.0118662
-1.384	0.0119116
-1.383	0.0119572
-1.382	0.0120029
-1.381	0.0120488
-1.38	0.0120949
-1.379	0.012141
-1.378	0.0121874
-1.377	0.0122339
-1.376	0.0122805
-1.375	0.0123273
-1.374	0.0123742
-1.373	0.0124212
-1.372	0.0124684
-1.371	0.0125157
-1.37	0.0125631
-1.369	0.0126106
-1.368	0.0126583
-1.367	0.0127061
-1.366	0.012754
-1.365	0.0128021
-1.364	0.0128502
-1.363	0.0128985
-1.362	0.0129469
-1.361	0.0129954
-1.36	0.013044
-1.359	0.0130928
-1.358	0.0131417
-1.357	0.0131906
-1.356	0.0132397
-1.355	0.013289
-1.354	0.0133383
-1.353	0.0133878
-1.352	0.0134373
-1.351	0.013487
-1.35	0.0135369
-1.349	0.0135868
-1.348	0.0136369
-1.347	0.0136871
-1.346	0.0137374
-1.345	0.0137879
-1.344	0.0138385
-1.343	0.0138893
-1.342	0.0139402
-1.341	0.0139912
-1.34	0.0140424
-1.339	0.0140937
-1.338	0.0141452
-1.337	0.0141969
-1.336	0.0142487
-1.335	0.0143007
-1.334	0.0143528
-1.333	0.0144051
-1.332	0.0144576
-1.331	0.0145102
-1.33	0.0145631
-1.329	0.0146161
-1.328	0.0146693
-1.327	0.0147227
-1.326	0.0147763
-1.325	0.0148301
-1.324	0.0148841
-1.323	0.0149383
-1.322	0.0149927
-1.321	0.0150474
-1.32	0.0151022
-1.319	0.0151573
-1.318	0.0152126
-1.317	0.0152681
-1.316	0.0153238
-1.315	0.0153798
-1.314	0.015436
-1.313	0.0154924
-1.312	0.0155491
-1.311	0.0156061
-1.31	0.0156632
-1.309	0.0157207
-1.308	0.0157783
-1.307	0.0158363
-1.306	0.0158944
-1.305	0.0159529
-1.304	0.0160116
-1.303	0.0160705
-1.302	0.0161297
-1.301	0.0161892
-1.3	0.0162489
-1.299	0.0163089
-1.298	0.0163692
-1.297	0.0164297
-1.296	0.0164906
-1.295	0.0165516
-1.294	0.0166129
-1.293	0.0166745
-1.292	0.0167364
-1.291	0.0167985
-1.29	0.016861
-1.289	0.0169236
-1.288	0.0169866
-1.287	0.0170498
-1.286	0.0171132
-1.285	0.017177
-1.284	0.017241
-1.283	0.0173052
-1.282	0.0173697
-1.281	0.0174345
-1.28	0.0174996
-1.279	0.0175649
-1.278	0.0176304
-1.277	0.0176962
-1.276	0.0177623
-1.275	0.0178286
-1.274	0.0178952
-1.273	0.017962
-1.272	0.0180291
-1.271	0.0180964
-1.27	0.018164
-1.269	0.0182319
-1.268	0.0182999
-1.267	0.0183682
-1.266	0.0184368
-1.265	0.0185056
-1.264	0.0185746
-1.263	0.0186439
-1.262	0.0187134
-1.261	0.0187832
-1.26	0.0188531
-1.259	0.0189234
-1.258	0.0189938
-1.257	0.0190645
-1.256	0.0191354
-1.255	0.0192066
-1.254	0.019278
-1.253	0.0193496
-1.252	0.0194214
-1.251	0.0194935
-1.25	0.0195658
-1.249	0.0196383
-1.248	0.0197111
-1.247	0.0197841
-1.246	0.0198573
-1.245	0.0199308
-1.244	0.0200045
-1.243	0.0200784
-1.242	0.0201526
-1.241	0.0202269
-1.24	0.0203016
-1.239	0.0203764
-1.238	0.0204515
-1.237	0.0205269
-1.236	0.0206025
-1.235	0.0206783
-1.234	0.0207544
-1.233	0.0208307
-1.232	0.0209073
-1.231	0.0209841
-1.23	0.0210612
-1.229	0.0211385
-1.228	0.021216
-1.227	0.0212939
-1.226	0.021372
-1.225	0.0214504
-1.224	0.021529
-1.223	0.0216079
-1.222	0.0216871
-1.221	0.0217665
-1.22	0.0218462
-1.219	0.0219262
-1.218	0.0220065
-1.217	0.0220871
-1.216	0.0221679
-1.215	0.022249
-1.214	0.0223305
-1.213	0.0224122
-1.212	0.0224942
-1.211	0.0225766
-1.21	0.0226592
-1.209	0.0227422
-1.208	0.0228254
-1.207	0.022909
-1.206	0.0229928
-1.205	0.0230771
-1.204	0.0231616
-1.203	0.0232464
-1.202	0.0233316
-1.201	0.0234171
-1.2	0.0235029
-1.199	0.0235891
-1.198	0.0236756
-1.197	0.0237624
-1.196	0.0238496
-1.195	0.0239371
-1.194	0.024025
-1.193	0.0241132
-1.192	0.0242017
-1.191	0.0242906
-1.19	0.0243799
-1.189	0.0244695
-1.188	0.0245595
-1.187	0.0246498
-1.186	0.0247405
-1.185	0.0248315
-1.184	0.024923
-1.183	0.0250147
-1.182	0.0251068
-1.181	0.0251993
-1.18	0.0252922
-1.179	0.0253854
-1.178	0.025479
-1.177	0.025573
-1.176	0.0256673
-1.175	0.025762
-1.174	0.0258571
-1.173	0.0259525
-1.172	0.0260483
-1.171	0.0261445
-1.17	0.026241
-1.169	0.0263379
-1.168	0.0264352
-1.167	0.0265329
-1.166	0.0266309
-1.165	0.0267293
-1.164	0.0268281
-1.163	0.0269273
-1.162	0.0270268
-1.161	0.0271267
-1.16	0.027227
-1.159	0.0273276
-1.158	0.0274286
-1.157	0.02753
-1.156	0.0276317
-1.155	0.0277339
-1.154	0.0278364
-1.153	0.0279393
-1.152	0.0280425
-1.151	0.0281461
-1.15	0.0282501
-1.149	0.0283545
-1.148	0.0284592
-1.147	0.0285644
-1.146	0.0286698
-1.145	0.0287757
-1.144	0.028882
-1.143	0.0289886
-1.142	0.0290956
-1.141	0.0292029
-1.14	0.0293107
-1.139	0.0294188
-1.138	0.0295273
-1.137	0.0296362
-1.136	0.0297455
-1.135	0.0298551
-1.134	0.0299651
-1.133	0.0300755
-1.132	0.0301863
-1.131	0.0302975
-1.13	0.0304091
-1.129	0.0305211
-1.128	0.0306334
-1.127	0.0307461
-1.126	0.0308593
-1.125	0.0309728
-1.124	0.0310867
-1.123	0.031201
-1.122	0.0313157
-1.121	0.0314309
-1.12	0.0315464
-1.119	0.0316623
-1.118	0.0317786
-1.117	0.0318954
-1.116	0.0320126
-1.115	0.0321301
-1.114	0.0322481
-1.113	0.0323665
-1.112	0.0324853
-1.111	0.0326046
-1.11	0.0327242
-1.109	0.0328444
-1.108	0.0329649
-1.107	0.0330858
-1.106	0.0332073
-1.105	0.0333291
-1.104	0.0334514
-1.103	0.0335741
-1.102	0.0336972
-1.101	0.0338209
-1.1	0.0339449
-1.099	0.0340695
-1.098	0.0341944
-1.097	0.0343199
-1.096	0.0344458
-1.095	0.0345721
-1.094	0.0346989
-1.093	0.0348263
-1.092	0.034954
-1.091	0.0350823
-1.09	0.035211
-1.089	0.0353402
-1.088	0.0354699
-1.087	0.0356001
-1.086	0.0357307
-1.085	0.0358619
-1.084	0.0359935
-1.083	0.0361257
-1.082	0.0362583
-1.081	0.0363914
-1.08	0.0365251
-1.079	0.0366592
-1.078	0.0367938
-1.077	0.036929
-1.076	0.0370647
-1.075	0.0372008
-1.074	0.0373375
-1.073	0.0374748
-1.072	0.0376125
-1.071	0.0377508
-1.07	0.0378895
-1.069	0.0380288
-1.068	0.0381686
-1.067	0.038309
-1.066	0.0384499
-1.065	0.0385913
-1.064	0.0387332
-1.063	0.0388757
-1.062	0.0390188
-1.061	0.0391623
-1.06	0.0393064
-1.059	0.0394511
-1.058	0.0395962
-1.057	0.039742
-1.056	0.0398882
-1.055	0.0400351
-1.054	0.0401824
-1.053	0.0403304
-1.052	0.0404788
-1.051	0.0406279
-1.05	0.0407774
-1.049	0.0409276
-1.048	0.0410782
-1.047	0.0412295
-1.046	0.0413813
-1.045	0.0415337
-1.044	0.0416866
-1.043	0.0418401
-1.042	0.0419941
-1.041	0.0421488
-1.04	0.042304
-1.039	0.0424597
-1.038	0.042616
-1.037	0.0427729
-1.036	0.0429304
-1.035	0.0430884
-1.034	0.043247
-1.033	0.0434062
-1.032	0.043566
-1.031	0.0437263
-1.03	0.0438873
-1.029	0.0440488
-1.028	0.0442109
-1.027	0.0443736
-1.026	0.0445369
-1.025	0.0447007
-1.024	0.0448652
-1.023	0.0450302
-1.022	0.0451958
-1.021	0.0453621
-1.02	0.0455289
-1.019	0.0456964
-1.018	0.0458644
-1.017	0.0460331
-1.016	0.0462023
-1.015	0.0463721
-1.014	0.0465426
-1.013	0.0467137
-1.012	0.0468854
-1.011	0.0470577
-1.01	0.0472307
-1.009	0.0474042
-1.008	0.0475784
-1.007	0.0477533
-1.006	0.0479287
-1.005	0.0481048
-1.004	0.0482815
-1.003	0.0484589
-1.002	0.0486369
-1.001	0.0488155
-1	0.0489948
-0.999	0.0491748
-0.998	0.0493554
-0.997	0.0495366
-0.996	0.0497185
-0.995	0.0499011
-0.994	0.0500843
-0.993	0.0502683
-0.992	0.0504529
-0.991	0.0506381
-0.99	0.0508241
-0.989	0.0510107
-0.988	0.051198
-0.987	0.0513859
-0.986	0.0515746
-0.985	0.051764
-0.984	0.0519541
-0.983	0.0521448
-0.982	0.0523363
-0.981	0.0525284
-0.98	0.0527213
-0.979	0.0529149
-0.978	0.0531092
-0.977	0.0533042
-0.976	0.0534999
-0.975	0.0536964
-0.974	0.0538936
-0.973	0.0540915
-0.972	0.0542902
-0.971	0.0544896
-0.97	0.0546897
-0.969	0.0548905
-0.968	0.0550921
-0.967	0.0552945
-0.966	0.0554976
-0.965	0.0557015
-0.964	0.0559061
-0.963	0.0561115
-0.962	0.0563176
-0.961	0.0565245
-0.96	0.0567322
-0.959	0.0569407
-0.958	0.0571499
-0.957	0.0573599
-0.956	0.0575706
-0.955	0.0577822
-0.954	0.0579945
-0.953	0.0582077
-0.952	0.0584216
-0.951	0.0586363
-0.95	0.0588518
-0.949	0.0590682
-0.948	0.0592853
-0.947	0.0595032
-0.946	0.0597219
-0.945	0.0599414
-0.944	0.0601618
-0.943	0.0603829
-0.942	0.0606049
-0.941	0.0608277
-0.94	0.0610513
-0.939	0.0612758
-0.938	0.0615011
-0.937	0.0617272
-0.936	0.0619541
-0.935	0.0621819
-0.934	0.0624105
-0.933	0.06264
-0.932	0.0628703
-0.931	0.0631015
-0.93	0.0633335
-0.929	0.0635663
-0.928	0.0638
-0.927	0.0640346
-0.926	0.0642701
-0.925	0.0645064
-0.924	0.0647435
-0.923	0.0649815
-0.922	0.0652205
-0.921	0.0654602
-0.92	0.0657009
-0.919	0.0659425
-0.918	0.0661849
-0.917	0.0664282
-0.916	0.0666724
-0.915	0.0669175
-0.914	0.0671635
-0.913	0.0674104
-0.912	0.0676582
-0.911	0.0679069
-0.91	0.0681565
-0.909	0.068407
-0.908	0.0686584
-0.907	0.0689108
-0.906	0.069164
-0.905	0.0694182
-0.904	0.0696734
-0.903	0.0699294
-0.902	0.0701864
-0.901	0.0704443
-0.9	0.0707032
-0.899	0.070963
-0.898	0.0712237
-0.897	0.0714854
-0.896	0.0717481
-0.895	0.0720117
-0.894	0.0722763
-0.893	0.0725418
-0.892	0.0728084
-0.891	0.0730758
-0.89	0.0733443
-0.889	0.0736137
-0.888	0.0738842
-0.887	0.0741556
-0.886	0.074428
-0.885	0.0747014
-0.884	0.0749758
-0.883	0.0752512
-0.882	0.0755276
-0.881	0.0758051
-0.88	0.0760835
-0.879	0.0763629
-0.878	0.0766435
-0.877	0.076925
-0.876	0.0772075
-0.875	0.0774911
-0.874	0.0777757
-0.873	0.0780613
-0.872	0.0783481
-0.871	0.0786359
-0.87	0.0789247
-0.869	0.0792145
-0.868	0.0795055
-0.867	0.0797975
-0.866	0.0800906
-0.865	0.0803848
-0.864	0.08068
-0.863	0.0809764
-0.862	0.0812738
-0.861	0.0815724
-0.86	0.081872
-0.859	0.0821727
-0.858	0.0824746
-0.857	0.0827775
-0.856	0.0830816
-0.855	0.0833868
-0.854	0.0836931
-0.853	0.0840006
-0.852	0.0843092
-0.851	0.0846189
-0.85	0.0849298
-0.849	0.0852418
-0.848	0.085555
-0.847	0.0858693
-0.846	0.0861848
-0.845	0.0865014
-0.844	0.0868192
-0.843	0.0871382
-0.842	0.0874584
-0.841	0.0877798
-0.84	0.0881023
-0.839	0.088426
-0.838	0.088751
-0.837	0.0890771
-0.836	0.0894044
-0.835	0.0897329
-0.834	0.0900627
-0.833	0.0903936
-0.832	0.0907258
-0.831	0.0910592
-0.83	0.0913938
-0.829	0.0917297
-0.828	0.0920668
-0.827	0.0924051
-0.826	0.0927447
-0.825	0.0930855
-0.824	0.0934276
-0.823	0.093771
-0.822	0.0941156
-0.821	0.0944614
-0.82	0.0948085
-0.819	0.095157
-0.818	0.0955067
-0.817	0.0958577
-0.816	0.09621
-0.815	0.0965635
-0.814	0.0969184
-0.813	0.0972746
-0.812	0.0976321
-0.811	0.0979908
-0.81	0.0983509
-0.809	0.0987123
-0.808	0.0990751
-0.807	0.0994391
-0.806	0.0998045
-0.805	0.100171
-0.804	0.100539
-0.803	0.100909
-0.802	0.10128
-0.801	0.101652
-0.8	0.102025
-0.799	0.1024
-0.798	0.102776
-0.797	0.103154
-0.796	0.103533
-0.795	0.103914
-0.794	0.104295
-0.793	0.104679
-0.792	0.105063
-0.791	0.105449
-0.79	0.105837
-0.789	0.106226
-0.788	0.106616
-0.787	0.107008
-0.786	0.107401
-0.785	0.107795
-0.784	0.108191
-0.783	0.108589
-0.782	0.108988
-0.781	0.109388
-0.78	0.10979
-0.779	0.110194
-0.778	0.110598
-0.777	0.111005
-0.776	0.111412
-0.775	0.111822
-0.774	0.112233
-0.773	0.112645
-0.772	0.113059
-0.771	0.113474
-0.77	0.113891
-0.769	0.11431
-0.768	0.114729
-0.767	0.115151
-0.766	0.115574
-0.765	0.115999
-0.764	0.116425
-0.763	0.116852
-0.762	0.117282
-0.761	0.117712
-0.76	0.118145
-0.759	0.118579
-0.758	0.119015
-0.757	0.119452
-0.756	0.119891
-0.755	0.120331
-0.754	0.120773
-0.753	0.121217
-0.752	0.121662
-0.751	0.122109
-0.75	0.122558
-0.749	0.123008
-0.748	0.12346
-0.747	0.123913
-0.746	0.124369
-0.745	0.124826
-0.744	0.125284
-0.743	0.125744
-0.742	0.126206
-0.741	0.12667
-0.74	0.127135
-0.739	0.127602
-0.738	0.128071
-0.737	0.128542
-0.736	0.129014
-0.735	0.129488
-0.734	0.129964
-0.733	0.130441
-0.732	0.13092
-0.731	0.131401
-0.73	0.131884
-0.729	0.132369
-0.728	0.132855
-0.727	0.133343
-0.726	0.133833
-0.725	0.134325
-0.724	0.134818
-0.723	0.135314
-0.722	0.135811
-0.721	0.13631
-0.72	0.136811
-0.719	0.137313
-0.718	0.137818
-0.717	0.138324
-0.716	0.138832
-0.715	0.139342
-0.714	0.139854
-0.713	0.140368
-0.712	0.140884
-0.711	0.141402
-0.71	0.141921
-0.709	0.142443
-0.708	0.142966
-0.707	0.143491
-0.706	0.144019
-0.705	0.144548
-0.704	0.145079
-0.703	0.145612
-0.702	0.146147
-0.701	0.146684
-0.7	0.147223
-0.699	0.147764
-0.698	0.148307
-0.697	0.148852
-0.696	0.149399
-0.695	0.149948
-0.694	0.150499
-0.693	0.151052
-0.692	0.151607
-0.691	0.152164
-0.69	0.152723
-0.689	0.153284
-0.688	0.153847
-0.687	0.154413
-0.686	0.15498
-0.685	0.155549
-0.684	0.156121
-0.683	0.156695
-0.682	0.15727
-0.681	0.157848
-0.68	0.158428
-0.679	0.15901
-0.678	0.159594
-0.677	0.160181
-0.676	0.160769
-0.675	0.16136
-0.674	0.161953
-0.673	0.162548
-0.672	0.163145
-0.671	0.163744
-0.67	0.164346
-0.669	0.16495
-0.668	0.165556
-0.667	0.166164
-0.666	0.166775
-0.665	0.167387
-0.664	0.168002
-0.663	0.16862
-0.662	0.169239
-0.661	0.169861
-0.66	0.170485
-0.659	0.171111
-0.658	0.17174
-0.657	0.172371
-0.656	0.173004
-0.655	0.173639
-0.654	0.174277
-0.653	0.174918
-0.652	0.17556
-0.651	0.176205
-0.65	0.176853
-0.649	0.177502
-0.648	0.178155
-0.647	0.178809
-0.646	0.179466
-0.645	0.180125
-0.644	0.180787
-0.643	0.181451
-0.642	0.182118
-0.641	0.182787
-0.64	0.183458
-0.639	0.184132
-0.638	0.184809
-0.637	0.185488
-0.636	0.186169
-0.635	0.186853
-0.634	0.18754
-0.633	0.188229
-0.632	0.188921
-0.631	0.189615
-0.63	0.190311
-0.629	0.191011
-0.628	0.191712
-0.627	0.192417
-0.626	0.193124
-0.625	0.193833
-0.624	0.194545
-0.623	0.19526
-0.622	0.195977
-0.621	0.196697
-0.62	0.19742
-0.619	0.198146
-0.618	0.198873
-0.617	0.199604
-0.616	0.200338
-0.615	0.201074
-0.614	0.201812
-0.613	0.202554
-0.612	0.203298
-0.611	0.204045
-0.61	0.204795
-0.609	0.205547
-0.608	0.206302
-0.607	0.20706
-0.606	0.207821
-0.605	0.208585
-0.604	0.209351
-0.603	0.21012
-0.602	0.210892
-0.601	0.211667
-0.6	0.212444
-0.599	0.213225
-0.598	0.214009
-0.597	0.214795
-0.596	0.215584
-0.595	0.216376
-0.594	0.217171
-0.593	0.217969
-0.592	0.21877
-0.591	0.219573
-0.59	0.22038
-0.589	0.22119
-0.588	0.222002
-0.587	0.222818
-0.586	0.223637
-0.585	0.224458
-0.584	0.225283
-0.583	0.226111
-0.582	0.226942
-0.581	0.227775
-0.58	0.228612
-0.579	0.229452
-0.578	0.230295
-0.577	0.231141
-0.576	0.231991
-0.575	0.232843
-0.574	0.233698
-0.573	0.234557
-0.572	0.235419
-0.571	0.236284
-0.57	0.237152
-0.569	0.238023
-0.568	0.238898
-0.567	0.239776
-0.566	0.240657
-0.565	0.241541
-0.564	0.242428
-0.563	0.243319
-0.562	0.244213
-0.561	0.24511
-0.56	0.246011
-0.559	0.246915
-0.558	0.247822
-0.557	0.248733
-0.556	0.249646
-0.555	0.250564
-0.554	0.251484
-0.553	0.252408
-0.552	0.253336
-0.551	0.254266
-0.55	0.2552
-0.549	0.256138
-0.548	0.257079
-0.547	0.258024
-0.546	0.258972
-0.545	0.259923
-0.544	0.260878
-0.543	0.261837
-0.542	0.262799
-0.541	0.263764
-0.54	0.264733
-0.539	0.265706
-0.538	0.266682
-0.537	0.267662
-0.536	0.268645
-0.535	0.269632
-0.534	0.270623
-0.533	0.271617
-0.532	0.272615
-0.531	0.273616
-0.53	0.274622
-0.529	0.275631
-0.528	0.276643
-0.527	0.27766
-0.526	0.27868
-0.525	0.279703
-0.524	0.280731
-0.523	0.281763
-0.522	0.282798
-0.521	0.283836
-0.52	0.284879
-0.519	0.285926
-0.518	0.286977
-0.517	0.288031
-0.516	0.289089
-0.515	0.290151
-0.514	0.291217
-0.513	0.292287
-0.512	0.293361
-0.511	0.294439
-0.51	0.29552
-0.509	0.296606
-0.508	0.297696
-0.507	0.29879
-0.506	0.299888
-0.505	0.300989
-0.504	0.302095
-0.503	0.303205
-0.502	0.304319
-0.501	0.305437
-0.5	0.306559
-0.499	0.307686
-0.498	0.308816
-0.497	0.309951
-0.496	0.31109
-0.495	0.312233
-0.494	0.31338
-0.493	0.314531
-0.492	0.315687
-0.491	0.316847
-0.49	0.318011
-0.489	0.319179
-0.488	0.320352
-0.487	0.321529
-0.486	0.32271
-0.485	0.323896
-0.484	0.325086
-0.483	0.326281
-0.482	0.327479
-0.481	0.328682
-0.48	0.32989
-0.479	0.331102
-0.478	0.332319
-0.477	0.33354
-0.476	0.334765
-0.475	0.335995
-0.474	0.33723
-0.473	0.338469
-0.472	0.339712
-0.471	0.34096
-0.47	0.342213
-0.469	0.34347
-0.468	0.344732
-0.467	0.345999
-0.466	0.34727
-0.465	0.348546
-0.464	0.349826
-0.463	0.351112
-0.462	0.352402
-0.461	0.353696
-0.46	0.354996
-0.459	0.3563
-0.458	0.357609
-0.457	0.358923
-0.456	0.360242
-0.455	0.361565
-0.454	0.362893
-0.453	0.364227
-0.452	0.365565
-0.451	0.366908
-0.45	0.368256
-0.449	0.369609
-0.448	0.370967
-0.447	0.37233
-0.446	0.373698
-0.445	0.375071
-0.444	0.376449
-0.443	0.377832
-0.442	0.37922
-0.441	0.380613
-0.44	0.382012
-0.439	0.383415
-0.438	0.384824
-0.437	0.386238
-0.436	0.387657
-0.435	0.389081
-0.434	0.390511
-0.433	0.391945
-0.432	0.393385
-0.431	0.394831
-0.43	0.396281
-0.429	0.397738
-0.428	0.399199
-0.427	0.400665
-0.426	0.402138
-0.425	0.403615
-0.424	0.405098
-0.423	0.406586
-0.422	0.40808
-0.421	0.40958
-0.42	0.411085
-0.419	0.412595
-0.418	0.414111
-0.417	0.415632
-0.416	0.417159
-0.415	0.418692
-0.414	0.42023
-0.413	0.421774
-0.412	0.423324
-0.411	0.424879
-0.41	0.42644
-0.409	0.428007
-0.408	0.42958
-0.407	0.431158
-0.406	0.432742
-0.405	0.434332
-0.404	0.435928
-0.403	0.437529
-0.402	0.439137
-0.401	0.44075
-0.4	0.442369
-0.399	0.443994
-0.398	0.445626
-0.397	0.447263
-0.396	0.448906
-0.395	0.450555
-0.394	0.452211
-0.393	0.453872
-0.392	0.45554
-0.391	0.457213
-0.39	0.458893
-0.389	0.460579
-0.388	0.462271
-0.387	0.46397
-0.386	0.465674
-0.385	0.467385
-0.384	0.469102
-0.383	0.470826
-0.382	0.472555
-0.381	0.474292
-0.38	0.476034
-0.379	0.477783
-0.378	0.479538
-0.377	0.4813
-0.376	0.483069
-0.375	0.484843
-0.374	0.486625
-0.373	0.488413
-0.372	0.490207
-0.371	0.492008
-0.37	0.493816
-0.369	0.49563
-0.368	0.497451
-0.367	0.499279
-0.366	0.501113
-0.365	0.502954
-0.364	0.504802
-0.363	0.506657
-0.362	0.508518
-0.361	0.510387
-0.36	0.512262
-0.359	0.514144
-0.358	0.516033
-0.357	0.517929
-0.356	0.519832
-0.355	0.521742
-0.354	0.523659
-0.353	0.525583
-0.352	0.527514
-0.351	0.529452
-0.35	0.531397
-0.349	0.53347
-0.348	0.53579
-0.347	0.538353
-0.346	0.541156
-0.345	0.544191
-0.344	0.54745
-0.343	0.550929
-0.342	0.554622
-0.341	0.55852
-0.34	0.562615
-0.339	0.566885
-0.338	0.571305
-0.337	0.575868
-0.336	0.580564
-0.335	0.585383
-0.334	0.59032
-0.333	0.595365
-0.332	0.600508
-0.331	0.605741
-0.33	0.611058
-0.329	0.616449
-0.328	0.621904
-0.327	0.627418
-0.326	0.632982
-0.325	0.638589
-0.324	0.64423
-0.323	0.649899
-0.322	0.655588
-0.321	0.66129
-0.32	0.666999
-0.319	0.672707
-0.318	0.678408
-0.317	0.684096
-0.316	0.689765
-0.315	0.695408
-0.314	0.701019
-0.313	0.706593
-0.312	0.712124
-0.311	0.717608
-0.31	0.723038
-0.309	0.72841
-0.308	0.733719
-0.307	0.73896
-0.306	0.744127
-0.305	0.749218
-0.304	0.754229
-0.303	0.759152
-0.302	0.763987
-0.301	0.768728
-0.3	0.773372
-0.299	0.777916
-0.298	0.782355
-0.297	0.786685
-0.296	0.790907
-0.295	0.795014
-0.294	0.799003
-0.293	0.802873
-0.292	0.806621
-0.291	0.810243
-0.29	0.813738
-0.289	0.817102
-0.288	0.820334
-0.287	0.823432
-0.286	0.826392
-0.285	0.829215
-0.284	0.831896
-0.283	0.834436
-0.282	0.836831
-0.281	0.839083
-0.28	0.841186
-0.279	0.843141
-0.278	0.844948
-0.277	0.846603
-0.276	0.848106
-0.275	0.849457
-0.274	0.850656
-0.273	0.851699
-0.272	0.852588
-0.271	0.853322
-0.27	0.8539
-0.269	0.854321
-0.268	0.854587
-0.267	0.854696
-0.266	0.854648
-0.265	0.854444
-0.264	0.854083
-0.263	0.853566
-0.262	0.852893
-0.261	0.852065
-0.26	0.851081
-0.259	0.849942
-0.258	0.848649
-0.257	0.847201
-0.256	0.8456
-0.255	0.843847
-0.254	0.841944
-0.253	0.839892
-0.252	0.837692
-0.251	0.835346
-0.25	0.832857
-0.249	0.830226
-0.248	0.827455
-0.247	0.824544
-0.246	0.8215
-0.245	0.818321
-0.244	0.815011
-0.243	0.811572
-0.242	0.808009
-0.241	0.804321
-0.24	0.800515
-0.239	0.79659
-0.238	0.792551
-0.237	0.788403
-0.236	0.784147
-0.235	0.779787
-0.234	0.775327
-0.233	0.770772
-0.232	0.766123
-0.231	0.761387
-0.23	0.756566
-0.229	0.751667
-0.228	0.746692
-0.227	0.741647
-0.226	0.736535
-0.225	0.731364
-0.224	0.726136
-0.223	0.720859
-0.222	0.715537
-0.221	0.710176
-0.22	0.70478
-0.219	0.699358
-0.218	0.693914
-0.217	0.688455
-0.216	0.682987
-0.215	0.677517
-0.214	0.672052
-0.213	0.666597
-0.212	0.661162
-0.211	0.655753
-0.21	0.650376
-0.209	0.64504
-0.208	0.639753
-0.207	0.634523
-0.206	0.629355
-0.205	0.62426
-0.204	0.619247
-0.203	0.614321
-0.202	0.609492
-0.201	0.604769
-0.2	0.60016
-0.199	0.595673
-0.198	0.591317
-0.197	0.587099
-0.196	0.58303
-0.195	0.579117
-0.194	0.575368
-0.193	0.57179
-0.192	0.568393
-0.191	0.565183
-0.19	0.562169
-0.189	0.559356
-0.188	0.556752
-0.187	0.554364
-0.186	0.552197
-0.185	0.550257
-0.184	0.548549
-0.183	0.547077
-0.182	0.545845
-0.181	0.544858
-0.18	0.544118
-0.179	0.543633
-0.178	0.543412
-0.177	0.543457
-0.176	0.543766
-0.175	0.54434
-0.174	0.545178
-0.173	0.546277
-0.172	0.547637
-0.171	0.549252
-0.17	0.551119
-0.169	0.553237
-0.168	0.555598
-0.167	0.558197
-0.166	0.561029
-0.165	0.564089
-0.164	0.567368
-0.163	0.570861
-0.162	0.574558
-0.161	0.578456
-0.16	0.582542
-0.159	0.586813
-0.158	0.591258
-0.157	0.595868
-0.156	0.600637
-0.155	0.605554
-0.154	0.610613
-0.153	0.615803
-0.152	0.621118
-0.151	0.626548
-0.15	0.632086
-0.149	0.637721
-0.148	0.643447
-0.147	0.649254
-0.146	0.655136
-0.145	0.661085
-0.144	0.667092
-0.143	0.673149
-0.142	0.679249
-0.141	0.685387
-0.14	0.691552
-0.139	0.697739
-0.138	0.703941
-0.137	0.710153
-0.136	0.716364
-0.135	0.722572
-0.134	0.728769
-0.133	0.734948
-0.132	0.741106
-0.131	0.747234
-0.13	0.753329
-0.129	0.759384
-0.128	0.765396
-0.127	0.771356
-0.126	0.777262
-0.125	0.78311
-0.124	0.788893
-0.123	0.794607
-0.122	0.80025
-0.121	0.805814
-0.12	0.811297
-0.119	0.816696
-0.118	0.822005
-0.117	0.827222
-0.116	0.832342
-0.115	0.837364
-0.114	0.842281
-0.113	0.847093
-0.112	0.851795
-0.111	0.856385
-0.11	0.86086
-0.109	0.865218
-0.108	0.869454
-0.107	0.873567
-0.106	0.877557
-0.105	0.881417
-0.104	0.885147
-0.103	0.888745
-0.102	0.89221
-0.101	0.895539
-0.1	0.898728