-3.037	1.13945e-010
-3.036	1.14229e-010
-3.035	1.14599e-010
-3.034	1.15079e-010
-3.033	1.15695e-010
-3.032	1.16476e-010
-3.031	1.17454e-010
-3.03	1.18662e-010
-3.029	1.20133e-010
-3.028	1.21903e-010
-3.027	1.24006e-010
-3.026	1.26478e-010
-3.025	1.29351e-010
-3.024	1.32656e-010
-3.023	1.36421e-010
-3.022	1.40671e-010
-3.021	1.45429e-010
-3.02	1.50713e-010
-3.019	1.5654e-010
-3.018	1.62919e-010
-3.017	1.69862e-010
-3.016	1.77376e-010
-3.015	1.85465e-010
-3.014	1.94132e-010
-3.013	2.0338e-010
-3.012	2.13209e-010
-3.011	2.2362e-010
-3.01	2.34613e-010
-3.009	2.46186e-010
-3.008	2.5834e-010
-3.007	2.71074e-010
-3.006	2.84385e-010
-3.005	2.98275e-010
-3.004	3.12743e-010
-3.003	3.27788e-010
-3.002	3.43408e-010
-3.001	3.59605e-010
-3	3.76376e-010
-2.999	3.93721e-010
-2.998	4.1164e-010
-2.997	4.30131e-010
-2.996	4.49194e-010
-2.995	4.68825e-010
-2.994	4.89026e-010
-2.993	5.09791e-010
-2.992	5.31119e-010
-2.991	5.53007e-010
-2.99	5.7545e-010
-2.989	5.98444e-010
-2.988	6.21985e-010
-2.987	6.46066e-010
-2.986	6.70681e-010
-2.985	6.95823e-010
-2.984	7.21484e-010
-2.983	7.47654e-010
-2.982	7.74324e-010
-2.981	8.01483e-010
-2.98	8.2912e-010
-2.979	8.57221e-010
-2.978	8.85775e-010
-2.977	9.14765e-010
-2.976	9.44177e-010
-2.975	9.73993e-010
-2.974	1.0042e-009
-2.973	1.03477e-009
-2.972	1.0657e-009
-2.971	1.09695e-009
-2.97	1.12852e-009
-2.969	1.16038e-009
-2.968	1.1925e-009
-2.967	1.22487e-009
-2.966	1.25747e-009
-2.965	1.29027e-009
-2.964	1.32325e-009
-2.963	1.35639e-009
-2.962	1.38968e-009
-2.961	1.42308e-009
-2.96	1.45659e-009
-2.959	1.49019e-009
-2.958	1.52386e-009
-2.957	1.5576e-009
-2.956	1.5914e-009
-2.955	1.62526e-009
-2.954	1.65917e-009
-2.953	1.69316e-009
-2.952	1.72724e-009
-2.951	1.76143e-009
-2.95	1.79575e-009
-2.949	1.83027e-009
-2.948	1.86502e-009
-2.947	1.90008e-009
-2.946	1.93553e-009
-2.945	1.97146e-009
-2.944	2.008e-009
-2.943	2.04527e-009
-2.942	2.08343e-009
-2.941	2.12266e-009
-2.94	2.16315e-009
-2.939	2.20514e-009
-2.938	2.24887e-009
-2.937	2.29462e-009
-2.936	2.34272e-009
-2.935	2.39348e-009
-2.934	2.44728e-009
-2.933	2.50452e-009
-2.932	2.56562e-009
-2.931	2.63101e-009
-2.93	2.70119e-009
-2.929	2.77664e-009
-2.928	2.85787e-009
-2.927	2.9454e-009
-2.926	3.03978e-009
-2.925	3.14154e-009
-2.924	3.25123e-009
-2.923	3.36941e-009
-2.922	3.4966e-009
-2.921	3.63334e-009
-2.92	3.78017e-009
-2.919	3.9376e-009
-2.918	4.10612e-009
-2.917	4.28624e-009
-2.916	4.47842e-009
-2.915	4.68312e-009
-2.914	4.90082e-009
-2.913	5.13192e-009
-2.912	5.37685e-009
-2.911	5.63604e-009
-2.91	5.90989e-009
-2.909	6.19879e-009
-2.908	6.50313e-009
-2.907	6.82329e-009
-2.906	7.15963e-009
-2.905	7.51254e-009
-2.904	7.88236e-009
-2.903	8.26942e-009
-2.902	8.67413e-009
-2.901	9.09679e-009
-2.9	9.53773e-009
-2.899	9.99729e-009
-2.898	1.04758e-008
-2.897	1.09735e-008
-2.896	1.14908e-008
-2.895	1.20279e-008
-2.894	1.25852e-008
-2.893	1.31628e-008
-2.892	1.37611e-008
-2.891	1.43802e-008
-2.89	1.50205e-008
-2.889	1.56822e-008
-2.888	1.63653e-008
-2.887	1.70701e-008
-2.886	1.77968e-008
-2.885	1.85455e-008
-2.884	1.93163e-008
-2.883	2.01092e-008
-2.882	2.09244e-008
-2.881	2.17619e-008
-2.88	2.26217e-008
-2.879	2.35037e-008
-2.878	2.4408e-008
-2.877	2.53344e-008
-2.876	2.62828e-008
-2.875	2.72531e-008
-2.874	2.82451e-008
-2.873	2.92585e-008
-2.872	3.02931e-008
-2.871	3.13486e-008
-2.87	3.24247e-008
-2.869	3.3521e-008
-2.868	3.46371e-008
-2.867	3.57725e-008
-2.866	3.69268e-008
-2.865	3.80994e-008
-2.864	3.92899e-008
-2.863	4.04975e-008
-2.862	4.17218e-008
-2.861	4.2962e-008
-2.86	4.42175e-008
-2.859	4.54875e-008
-2.858	4.67714e-008
-2.857	4.80685e-008
-2.856	4.9378e-008
-2.855	5.06992e-008
-2.854	5.20314e-008
-2.853	5.33739e-008
-2.852	5.4726e-008
-2.851	5.60872e-008
-2.85	5.74566e-008
-2.849	5.8834e-008
-2.848	6.0219e-008
-2.847	6.16112e-008
-2.846	6.30104e-008
-2.845	6.44165e-008
-2.844	6.58298e-008
-2.843	6.72506e-008
-2.842	6.86796e-008
-2.841	7.01174e-008
-2.84	7.15653e-008
-2.839	7.30249e-008
-2.838	7.44982e-008
-2.837	7.59871e-008
-2.836	7.74948e-008
-2.835	7.90244e-008
-2.834	8.05801e-008
-2.833	8.21664e-008
-2.832	8.37884e-008
-2.831	8.54523e-008
-2.83	8.71647e-008
-2.829	8.89333e-008
-2.828	9.0767e-008
-2.827	9.26748e-008
-2.826	9.46674e-008
-2.825	9.6756e-008
-2.824	9.89531e-008
-2.823	1.01272e-007
-2.822	1.03728e-007
-2.821	1.06335e-007
-2.82	1.09109e-007
-2.819	1.12068e-007
-2.818	1.1523e-007
-2.817	1.18612e-007
-2.816	1.22234e-007
-2.815	1.26114e-007
-2.814	1.30272e-007
-2.813	1.34728e-007
-2.812	1.39502e-007
-2.811	1.44613e-007
-2.81	1.5008e-007
-2.809	1.55923e-007
-2.808	1.62161e-007
-2.807	1.68812e-007
-2.806	1.75894e-007
-2.805	1.83425e-007
-2.804	1.91421e-007
-2.803	1.99901e-007
-2.802	2.08879e-007
-2.801	2.18372e-007
-2.8	2.28395e-007
-2.799	2.38962e-007
-2.798	2.50089e-007
-2.797	2.61789e-007
-2.796	2.74077e-007
-2.795	2.86965e-007
-2.794	3.00466e-007
-2.793	3.14593e-007
-2.792	3.29359e-007
-2.791	3.44776e-007
-2.79	3.60855e-007
-2.789	3.77607e-007
-2.788	3.95045e-007
-2.787	4.13177e-007
-2.786	4.32015e-007
-2.785	4.51567e-007
-2.784	4.71844e-007
-2.783	4.92854e-007
-2.782	5.14606e-007
-2.781	5.37106e-007
-2.78	5.60363e-007
-2.779	5.84381e-007
-2.778	6.09168e-007
-2.777	6.34729e-007
-2.776	6.61066e-007
-2.775	6.88186e-007
-2.774	7.16088e-007
-2.773	7.44777e-007
-2.772	7.74252e-007
-2.771	8.04513e-007
-2.77	8.3556e-007
-2.769	8.67389e-007
-2.768	8.99999e-007
-2.767	9.33384e-007
-2.766	9.6754e-007
-2.765	1.00246e-006
-2.764	1.03814e-006
-2.763	1.07456e-006
-2.762	1.11172e-006
-2.761	1.14961e-006
-2.76	1.18821e-006
-2.759	1.22751e-006
-2.758	1.2675e-006
-2.757	1.30816e-006
-2.756	1.34947e-006
-2.755	1.39142e-006
-2.754	1.43399e-006
-2.753	1.47716e-006
-2.752	1.52091e-006
-2.751	1.56522e-006
-2.75	1.61006e-006
-2.749	1.65543e-006
-2.748	1.70129e-006
-2.747	1.74763e-006
-2.746	1.79443e-006
-2.745	1.84167e-006
-2.744	1.88933e-006
-2.743	1.9374e-006
-2.742	1.98587e-006
-2.741	2.03472e-006
-2.74	2.08395e-006
-2.739	2.13355e-006
-2.738	2.18354e-006
-2.737	2.2339e-006
-2.736	2.28467e-006
-2.735	2.33586e-006
-2.734	2.38749e-006
-2.733	2.43962e-006
-2.732	2.49228e-006
-2.731	2.54554e-006
-2.73	2.59948e-006
-2.729	2.65418e-006
-2.728	2.70973e-006
-2.727	2.76629e-006
-2.726	2.82396e-006
-2.725	2.88293e-006
-2.724	2.94336e-006
-2.723	3.00548e-006
-2.722	3.06951e-006
-2.721	3.1357e-006
-2.72	3.20434e-006
-2.719	3.27575e-006
-2.718	3.35027e-006
-2.717	3.42825e-006
-2.716	3.51011e-006
-2.715	3.59627e-006
-2.714	3.6872e-006
-2.713	3.78335e-006
-2.712	3.88527e-006
-2.711	3.99347e-006
-2.71	4.10849e-006
-2.709	4.23093e-006
-2.708	4.36135e-006
-2.707	4.50035e-006
-2.706	4.64855e-006
-2.705	4.80655e-006
-2.704	4.97496e-006
-2.703	5.15439e-006
-2.702	5.34546e-006
-2.701	5.54875e-006
-2.7	5.76486e-006
-2.699	5.99436e-006
-2.698	6.23784e-006
-2.697	6.49583e-006
-2.696	6.76889e-006
-2.695	7.05754e-006
-2.694	7.36229e-006
-2.693	7.68363e-006
-2.692	8.02205e-006
-2.691	8.37802e-006
-2.69	8.75199e-006
-2.689	9.1444e-006
-2.688	9.55569e-006
-2.687	9.98625e-006
-2.686	1.04365e-005
-2.685	1.09068e-005
-2.684	1.13976e-005
-2.683	1.19091e-005
-2.682	1.24419e-005
-2.681	1.29961e-005
-2.68	1.3572e-005
-2.679	1.41701e-005
-2.678	1.47906e-005
-2.677	1.54338e-005
-2.676	1.60998e-005
-2.675	1.6789e-005
-2.674	1.75016e-005
-2.673	1.82377e-005
-2.672	1.89975e-005
-2.671	1.97812e-005
-2.67	2.05889e-005
-2.669	2.14208e-005
-2.668	2.22768e-005
-2.667	2.31571e-005
-2.666	2.40617e-005
-2.665	2.49905e-005
-2.664	2.59436e-005
-2.663	2.69208e-005
-2.662	2.79221e-005
-2.661	2.89474e-005
-2.66	2.99965e-005
-2.659	3.10692e-005
-2.658	3.21654e-005
-2.657	3.32847e-005
-2.656	3.44268e-005
-2.655	3.55916e-005
-2.654	3.67786e-005
-2.653	3.79875e-005
-2.652	3.92178e-005
-2.651	4.04692e-005
-2.65	4.17412e-005
-2.649	4.30334e-005
-2.648	4.43453e-005
-2.647	4.56764e-005
-2.646	4.70261e-005
-2.645	4.8394e-005
-2.644	4.97797e-005
-2.643	5.11825e-005
-2.642	5.26022e-005
-2.641	5.40381e-005
-2.64	5.549e-005
-2.639	5.69574e-005
-2.638	5.84402e-005
-2.637	5.9938e-005
-2.636	6.144e-005
-2.635	6.29329e-005
-2.634	6.44143e-005
-2.633	6.58818e-005
-2.632	6.73331e-005
-2.631	6.87662e-005
-2.63	7.01793e-005
-2.629	7.15705e-005
-2.628	7.29382e-005
-2.627	7.42808e-005
-2.626	7.55969e-005
-2.625	7.68853e-005
-2.624	7.81446e-005
-2.623	7.93739e-005
-2.622	8.05719e-005
-2.621	8.1738e-005
-2.62	8.28712e-005
-2.619	8.39708e-005
-2.618	8.50362e-005
-2.617	8.6067e-005
-2.616	8.70624e-005
-2.615	8.80223e-005
-2.614	8.89464e-005
-2.613	8.98345e-005
-2.612	9.06866e-005
-2.611	9.15026e-005
-2.61	9.22826e-005
-2.609	9.30269e-005
-2.608	9.37357e-005
-2.607	9.44094e-005
-2.606	9.50485e-005
-2.605	9.56537e-005
-2.604	9.62255e-005
-2.603	9.67648e-005
-2.602	9.72724e-005
-2.601	9.77492e-005
-2.6	9.81965e-005
-2.599	9.86154e-005
-2.598	9.90071e-005
-2.597	9.93731e-005
-2.596	9.9715e-005
-2.595	0.000100034
-2.594	0.000100332
-2.593	0.000100611
-2.592	0.000100873
-2.591	0.00010112
-2.59	0.000101353
-2.589	0.000101575
-2.588	0.000101788
-2.587	0.000101995
-2.586	0.000102198
-2.585	0.000102399
-2.584	0.000102601
-2.583	0.000102807
-2.582	0.000103019
-2.581	0.000103239
-2.58	0.000103471
-2.579	0.000103717
-2.578	0.00010398
-2.577	0.000104262
-2.576	0.000104567
-2.575	0.000104896
-2.574	0.000105252
-2.573	0.000105638
-2.572	0.000106056
-2.571	0.000106508
-2.57	0.000106997
-2.569	0.000107525
-2.568	0.000108093
-2.567	0.000108703
-2.566	0.000109356
-2.565	0.000110055
-2.564	0.000110799
-2.563	0.000111591
-2.562	0.000112431
-2.561	0.00011332
-2.56	0.000114257
-2.559	0.000115244
-2.558	0.000116279
-2.557	0.000117363
-2.556	0.000118496
-2.555	0.000119676
-2.554	0.000120903
-2.553	0.000122176
-2.552	0.000123494
-2.551	0.000124855
-2.55	0.000126257
-2.549	0.0001277
-2.548	0.000129182
-2.547	0.000130699
-2.546	0.000132252
-2.545	0.000133837
-2.544	0.000135452
-2.543	0.000137095
-2.542	0.000138764
-2.541	0.000140457
-2.54	0.000142171
-2.539	0.000143903
-2.538	0.000145651
-2.537	0.000147413
-2.536	0.000149187
-2.535	0.000150969
-2.534	0.000152758
-2.533	0.00015455
-2.532	0.000156344
-2.531	0.000158137
-2.53	0.000159926
-2.529	0.00016171
-2.528	0.000163486
-2.527	0.000165251
-2.526	0.000167004
-2.525	0.000168742
-2.524	0.000170464
-2.523	0.000172167
-2.522	0.000173848
-2.521	0.000175508
-2.52	0.000177142
-2.519	0.000178751
-2.518	0.000180331
-2.517	0.000181882
-2.516	0.000183401
-2.515	0.000184888
-2.514	0.000186341
-2.513	0.000187759
-2.512	0.00018914
-2.511	0.000190484
-2.51	0.000191789
-2.509	0.000193054
-2.508	0.00019428
-2.507	0.000195464
-2.506	0.000196608
-2.505	0.000197709
-2.504	0.000198768
-2.503	0.000199784
-2.502	0.000200758
-2.501	0.00020169
-2.5	0.000202579
-2.499	0.000203425
-2.498	0.00020423
-2.497	0.000204994
-2.496	0.000205718
-2.495	0.000206402
-2.494	0.000207047
-2.493	0.000207654
-2.492	0.000208225
-2.491	0.000208761
-2.49	0.000209263
-2.489	0.000209734
-2.488	0.000210175
-2.487	0.000210587
-2.486	0.000210973
-2.485	0.000211336
-2.484	0.000211678
-2.483	0.000212001
-2.482	0.000212308
-2.481	0.000212602
-2.48	0.000212886
-2.479	0.000213162
-2.478	0.000213435
-2.477	0.000213708
-2.476	0.000213983
-2.475	0.000214265
-2.474	0.000214557
-2.473	0.000214863
-2.472	0.000215187
-2.471	0.000215533
-2.47	0.000215904
-2.469	0.000216304
-2.468	0.000216738
-2.467	0.00021721
-2.466	0.000217723
-2.465	0.000218282
-2.464	0.000218889
-2.463	0.00021955
-2.462	0.000220267
-2.461	0.000221045
-2.46	0.000221886
-2.459	0.000222795
-2.458	0.000223773
-2.457	0.000224824
-2.456	0.000225952
-2.455	0.000227157
-2.454	0.000228443
-2.453	0.000229811
-2.452	0.000231263
-2.451	0.000232801
-2.45	0.000234426
-2.449	0.000236139
-2.448	0.000237939
-2.447	0.000239828
-2.446	0.000241806
-2.445	0.000243872
-2.444	0.000246025
-2.443	0.000248265
-2.442	0.000250591
-2.441	0.000253001
-2.44	0.000255493
-2.439	0.000258066
-2.438	0.000260717
-2.437	0.000263444
-2.436	0.000266245
-2.435	0.000269116
-2.434	0.000272055
-2.433	0.000275059
-2.432	0.000278123
-2.431	0.000281246
-2.43	0.000284423
-2.429	0.000287651
-2.428	0.000290926
-2.427	0.000294244
-2.426	0.000297602
-2.425	0.000300995
-2.424	0.000304419
-2.423	0.000307872
-2.422	0.000311347
-2.421	0.000314842
-2.42	0.000318353
-2.419	0.000321875
-2.418	0.000325405
-2.417	0.000328938
-2.416	0.000332471
-2.415	0.000335999
-2.414	0.000339519
-2.413	0.000343028
-2.412	0.00034652
-2.411	0.000349993
-2.41	0.000353443
-2.409	0.000356867
-2.408	0.00036026
-2.407	0.000363621
-2.406	0.000366944
-2.405	0.000370228
-2.404	0.000373469
-2.403	0.000376664
-2.402	0.000379811
-2.401	0.000382906
-2.4	0.000385947
-2.399	0.000388931
-2.398	0.000391856
-2.397	0.00039472
-2.396	0.000397521
-2.395	0.000400257
-2.394	0.000402925
-2.393	0.000405525
-2.392	0.000408054
-2.391	0.000410512
-2.39	0.000412897
-2.389	0.000415208
-2.388	0.000417444
-2.387	0.000419604
-2.386	0.000421688
-2.385	0.000423695
-2.384	0.000425625
-2.383	0.000427479
-2.382	0.000429256
-2.381	0.000430957
-2.38	0.000432581
-2.379	0.000434131
-2.378	0.000435607
-2.377	0.000437009
-2.376	0.00043834
-2.375	0.000439601
-2.374	0.000440793
-2.373	0.000441919
-2.372	0.000442981
-2.371	0.000443981
-2.37	0.000444922
-2.369	0.000445806
-2.368	0.000446637
-2.367	0.000447418
-2.366	0.000448152
-2.365	0.000448843
-2.364	0.000449494
-2.363	0.000450111
-2.362	0.000450696
-2.361	0.000451256
-2.36	0.000451793
-2.359	0.000452313
-2.358	0.000452822
-2.357	0.000453323
-2.356	0.000453824
-2.355	0.000454327
-2.354	0.000454841
-2.353	0.00045537
-2.352	0.00045592
-2.351	0.000456496
-2.35	0.000457106
-2.349	0.000457755
-2.348	0.000458448
-2.347	0.000459193
-2.346	0.000459994
-2.345	0.000460858
-2.344	0.000461792
-2.343	0.0004628
-2.342	0.000463888
-2.341	0.000465062
-2.34	0.000466328
-2.339	0.00046769
-2.338	0.000469154
-2.337	0.000470725
-2.336	0.000472407
-2.335	0.000474204
-2.334	0.00047612
-2.333	0.000478159
-2.332	0.000480324
-2.331	0.000482618
-2.33	0.000485044
-2.329	0.000487604
-2.328	0.000490298
-2.327	0.00049313
-2.326	0.0004961
-2.325	0.000499208
-2.324	0.000502455
-2.323	0.000505839
-2.322	0.000509361
-2.321	0.000513019
-2.32	0.000516812
-2.319	0.000520738
-2.318	0.000524795
-2.317	0.000528979
-2.316	0.000533289
-2.315	0.000537719
-2.314	0.000542268
-2.313	0.000546931
-2.312	0.000551703
-2.311	0.000556581
-2.31	0.000561559
-2.309	0.000566633
-2.308	0.000571796
-2.307	0.000577046
-2.306	0.000582374
-2.305	0.000587776
-2.304	0.000593247
-2.303	0.00059878
-2.302	0.00060437
-2.301	0.000610009
-2.3	0.000615693
-2.299	0.000621415
-2.298	0.000627169
-2.297	0.000632949
-2.296	0.000638748
-2.295	0.000644562
-2.294	0.000650382
-2.293	0.000656205
-2.292	0.000662023
-2.291	0.000667831
-2.29	0.000673622
-2.289	0.000679392
-2.288	0.000685134
-2.287	0.000690844
-2.286	0.000696516
-2.285	0.000702144
-2.284	0.000707724
-2.283	0.00071325
-2.282	0.000718717
-2.281	0.000724122
-2.28	0.00072946
-2.279	0.000734726
-2.278	0.000739917
-2.277	0.000745027
-2.276	0.000750055
-2.275	0.000754996
-2.274	0.000759848
-2.273	0.000764606
-2.272	0.000769268
-2.271	0.000773831
-2.27	0.000778294
-2.269	0.000782653
-2.268	0.000786908
-2.267	0.000791056
-2.266	0.000795096
-2.265	0.000799027
-2.264	0.000802847
-2.263	0.000806557
-2.262	0.000810155
-2.261	0.000813641
-2.26	0.000817018
-2.259	0.000820282
-2.258	0.000823437
-2.257	0.000826482
-2.256	0.00082942
-2.255	0.000832251
-2.254	0.000834979
-2.253	0.000837602
-2.252	0.000840127
-2.251	0.000842554
-2.25	0.000844887
-2.249	0.000847128
-2.248	0.000849282
-2.247	0.000851353
-2.246	0.000853344
-2.245	0.000855258
-2.244	0.000857102
-2.243	0.000858881
-2.242	0.000860598
-2.241	0.00086226
-2.24	0.000863873
-2.239	0.000865442
-2.238	0.000866973
-2.237	0.000868473
-2.236	0.000869948
-2.235	0.000871404
-2.234	0.000872849
-2.233	0.00087429
-2.232	0.000875734
-2.231	0.000877188
-2.23	0.000878659
-2.229	0.000880156
-2.228	0.000881686
-2.227	0.000883255
-2.226	0.000884873
-2.225	0.000886547
-2.224	0.000888284
-2.223	0.000890092
-2.222	0.000891978
-2.221	0.000893951
-2.22	0.000896016
-2.219	0.000898182
-2.218	0.000900454
-2.217	0.000902841
-2.216	0.000905348
-2.215	0.000907983
-2.214	0.00091075
-2.213	0.000913656
-2.212	0.000916706
-2.211	0.000919904
-2.21	0.000923256
-2.209	0.000926766
-2.208	0.000930436
-2.207	0.000934273
-2.206	0.000938276
-2.205	0.00094245
-2.204	0.000946797
-2.203	0.000951318
-2.202	0.000956014
-2.201	0.000960886
-2.2	0.000965933
-2.199	0.000971155
-2.198	0.000976552
-2.197	0.000982122
-2.196	0.000987864
-2.195	0.000993775
-2.194	0.000999852
-2.193	0.00100609
-2.192	0.00101249
-2.191	0.00101905
-2.19	0.00102576
-2.189	0.00103261
-2.188	0.00103961
-2.187	0.00104674
-2.186	0.001054
-2.185	0.00106139
-2.184	0.0010689
-2.183	0.00107652
-2.182	0.00108424
-2.181	0.00109206
-2.18	0.00109997
-2.179	0.00110797
-2.178	0.00111604
-2.177	0.00112418
-2.176	0.00113238
-2.175	0.00114064
-2.174	0.00114894
-2.173	0.00115729
-2.172	0.00116566
-2.171	0.00117405
-2.17	0.00118246
-2.169	0.00119088
-2.168	0.0011993
-2.167	0.00120771
-2.166	0.00121611
-2.165	0.00122449
-2.164	0.00123283
-2.163	0.00124114
-2.162	0.00124941
-2.161	0.00125763
-2.16	0.00126579
-2.159	0.00127389
-2.158	0.00128192
-2.157	0.00128988
-2.156	0.00129776
-2.155	0.00130555
-2.154	0.00131326
-2.153	0.00132086
-2.152	0.00132837
-2.151	0.00133578
-2.15	0.00134308
-2.149	0.00135026
-2.148	0.00135734
-2.147	0.00136429
-2.146	0.00137112
-2.145	0.00137783
-2.144	0.00138441
-2.143	0.00139087
-2.142	0.00139719
-2.141	0.00140339
-2.14	0.00140945
-2.139	0.00141538
-2.138	0.00142118
-2.137	0.00142685
-2.136	0.00143239
-2.135	0.00143779
-2.134	0.00144307
-2.133	0.00144822
-2.132	0.00145324
-2.131	0.00145814
-2.13	0.00146292
-2.129	0.00146758
-2.128	0.00147212
-2.127	0.00147655
-2.126	0.00148088
-2.125	0.0014851
-2.124	0.00148922
-2.123	0.00149325
-2.122	0.00149719
-2.121	0.00150105
-2.12	0.00150483
-2.119	0.00150854
-2.118	0.00151218
-2.117	0.00151576
-2.116	0.0015193
-2.115	0.00152278
-2.114	0.00152623
-2.113	0.00152965
-2.112	0.00153305
-2.111	0.00153643
-2.11	0.0015398
-2.109	0.00154318
-2.108	0.00154657
-2.107	0.00154997
-2.106	0.0015534
-2.105	0.00155686
-2.104	0.00156037
-2.103	0.00156392
-2.102	0.00156754
-2.101	0.00157123
-2.1	0.00157499
-2.099	0.00157883
-2.098	0.00158277
-2.097	0.0015868
-2.096	0.00159095
-2.095	0.00159521
-2.094	0.00159959
-2.093	0.0016041
-2.092	0.00160875
-2.091	0.00161354
-2.09	0.00161848
-2.089	0.00162357
-2.088	0.00162883
-2.087	0.00163425
-2.086	0.00163983
-2.085	0.0016456
-2.084	0.00165154
-2.083	0.00165766
-2.082	0.00166396
-2.081	0.00167045
-2.08	0.00167713
-2.079	0.001684
-2.078	0.00169106
-2.077	0.00169831
-2.076	0.00170576
-2.075	0.00171339
-2.074	0.00172122
-2.073	0.00172923
-2.072	0.00173743
-2.071	0.00174582
-2.07	0.00175438
-2.069	0.00176313
-2.068	0.00177205
-2.067	0.00178114
-2.066	0.0017904
-2.065	0.00179982
-2.064	0.0018094
-2.063	0.00181912
-2.062	0.001829
-2.061	0.00183901
-2.06	0.00184915
-2.059	0.00185942
-2.058	0.00186981
-2.057	0.00188032
-2.056	0.00189092
-2.055	0.00190162
-2.054	0.00191242
-2.053	0.00192329
-2.052	0.00193424
-2.051	0.00194525
-2.05	0.00195632
-2.049	0.00196744
-2.048	0.0019786
-2.047	0.00198979
-2.046	0.00200101
-2.045	0.00201225
-2.044	0.00202349
-2.043	0.00203474
-2.042	0.00204598
-2.041	0.0020572
-2.04	0.0020684
-2.039	0.00207958
-2.038	0.00209072
-2.037	0.00210181
-2.036	0.00211285
-2.035	0.00212384
-2.034	0.00213476
-2.033	0.00214561
-2.032	0.00215639
-2.031	0.00216708
-2.03	0.00217769
-2.029	0.00218821
-2.028	0.00219863
-2.027	0.00220895
-2.026	0.00221917
-2.025	0.00222928
-2.024	0.00223927
-2.023	0.00224915
-2.022	0.00225891
-2.021	0.00226855
-2.02	0.00227807
-2.019	0.00228746
-2.018	0.00229673
-2.017	0.00230587
-2.016	0.00231488
-2.015	0.00232377
-2.014	0.00233252
-2.013	0.00234115
-2.012	0.00234966
-2.011	0.00235803
-2.01	0.00236629
-2.009	0.00237442
-2.008	0.00238243
-2.007	0.00239033
-2.006	0.00239811
-2.005	0.00240578
-2.004	0.00241335
-2.003	0.00242081
-2.002	0.00242817
-2.001	0.00243544
-2	0.00244262
-1.999	0.00244972
-1.998	0.00245674
-1.997	0.00246369
-1.996	0.00247057
-1.995	0.00247739
-1.994	0.00248415
-1.993	0.00249088
-1.992	0.00249755
-1.991	0.0025042
-1.99	0.00251083
-1.989	0.00251743
-1.988	0.00252403
-1.987	0.00253062
-1.986	0.00253722
-1.985	0.00254383
-1.984	0.00255046
-1.983	0.00255713
-1.982	0.00256383
-1.981	0.00257057
-1.98	0.00257737
-1.979	0.00258423
-1.978	0.00259116
-1.977	0.00259816
-1.976	0.00260525
-1.975	0.00261243
-1.974	0.00261971
-1.973	0.0026271
-1.972	0.0026346
-1.971	0.00264222
-1.97	0.00264997
-1.969	0.00265785
-1.968	0.00266587
-1.967	0.00267403
-1.966	0.00268235
-1.965	0.00269081
-1.964	0.00269944
-1.963	0.00270823
-1.962	0.00271719
-1.961	0.00272632
-1.96	0.00273562
-1.959	0.0027451
-1.958	0.00275476
-1.957	0.0027646
-1.956	0.00277463
-1.955	0.00278484
-1.954	0.00279523
-1.953	0.00280581
-1.952	0.00281658
-1.951	0.00282753
-1.95	0.00283866
-1.949	0.00284998
-1.948	0.00286147
-1.947	0.00287314
-1.946	0.00288499
-1.945	0.00289701
-1.944	0.0029092
-1.943	0.00292156
-1.942	0.00293408
-1.941	0.00294675
-1.94	0.00295958
-1.939	0.00297255
-1.938	0.00298567
-1.937	0.00299892
-1.936	0.0030123
-1.935	0.00302581
-1.934	0.00303944
-1.933	0.00305318
-1.932	0.00306703
-1.931	0.00308097
-1.93	0.003095
-1.929	0.00310913
-1.928	0.00312332
-1.927	0.0031376
-1.926	0.00315193
-1.925	0.00316632
-1.924	0.00318076
-1.923	0.00319524
-1.922	0.00320976
-1.921	0.0032243
-1.92	0.00323886
-1.919	0.00325344
-1.918	0.00326802
-1.917	0.00328261
-1.916	0.00329718
-1.915	0.00331174
-1.914	0.00332628
-1.913	0.0033408
-1.912	0.00335528
-1.911	0.00336973
-1.91	0.00338413
-1.909	0.00339849
-1.908	0.00341278
-1.907	0.00342702
-1.906	0.0034412
-1.905	0.0034553
-1.904	0.00346934
-1.903	0.0034833
-1.902	0.00349718
-1.901	0.00351097
-1.9	0.00352469
-1.899	0.00353831
-1.898	0.00355184
-1.897	0.00356529
-1.896	0.00357864
-1.895	0.00359189
-1.894	0.00360504
-1.893	0.00361811
-1.892	0.00363107
-1.891	0.00364394
-1.89	0.00365671
-1.889	0.00366939
-1.888	0.00368197
-1.887	0.00369447
-1.886	0.00370687
-1.885	0.00371918
-1.884	0.0037314
-1.883	0.00374354
-1.882	0.0037556
-1.881	0.00376759
-1.88	0.0037795
-1.879	0.00379134
-1.878	0.00380312
-1.877	0.00381483
-1.876	0.00382648
-1.875	0.00383809
-1.874	0.00384965
-1.873	0.00386117
-1.872	0.00387265
-1.871	0.0038841
-1.87	0.00389553
-1.869	0.00390694
-1.868	0.00391834
-1.867	0.00392973
-1.866	0.00394112
-1.865	0.00395252
-1.864	0.00396393
-1.863	0.00397536
-1.862	0.00398682
-1.861	0.00399831
-1.86	0.00400985
-1.859	0.00402143
-1.858	0.00403306
-1.857	0.00404475
-1.856	0.00405651
-1.855	0.00406834
-1.854	0.00408025
-1.853	0.00409225
-1.852	0.00410434
-1.851	0.00411653
-1.85	0.00412882
-1.849	0.00414121
-1.848	0.00415372
-1.847	0.00416636
-1.846	0.00417911
-1.845	0.004192
-1.844	0.00420502
-1.843	0.00421817
-1.842	0.00423147
-1.841	0.00424492
-1.84	0.00425852
-1.839	0.00427227
-1.838	0.00428617
-1.837	0.00430023
-1.836	0.00431445
-1.835	0.00432883
-1.834	0.00434338
-1.833	0.00435808
-1.832	0.00437296
-1.831	0.004388
-1.83	0.00440321
-1.829	0.00441858
-1.828	0.00443412
-1.827	0.00444983
-1.826	0.0044657
-1.825	0.00448173
-1.824	0.00449793
-1.823	0.00451429
-1.822	0.0045308
-1.821	0.00454746
-1.82	0.00456427
-1.819	0.00458124
-1.818	0.00459835
-1.817	0.0046156
-1.816	0.004633
-1.815	0.00465052
-1.814	0.00466818
-1.813	0.00468596
-1.812	0.00470386
-1.811	0.00472188
-1.81	0.00474001
-1.809	0.00475825
-1.808	0.00477658
-1.807	0.00479502
-1.806	0.00481355
-1.805	0.00483216
-1.804	0.00485085
-1.803	0.00486961
-1.802	0.00488845
-1.801	0.00490735
-1.8	0.0049263
-1.799	0.00494531
-1.798	0.00496437
-1.797	0.00498346
-1.796	0.0050026
-1.795	0.00502176
-1.794	0.00504095
-1.793	0.00506016
-1.792	0.00507939
-1.791	0.00509863
-1.79	0.00511787
-1.789	0.00513712
-1.788	0.00515636
-1.787	0.0051756
-1.786	0.00519482
-1.785	0.00521404
-1.784	0.00523323
-1.783	0.0052524
-1.782	0.00527154
-1.781	0.00529066
-1.78	0.00530975
-1.779	0.0053288
-1.778	0.00534782
-1.777	0.0053668
-1.776	0.00538574
-1.775	0.00540464
-1.774	0.0054235
-1.773	0.00544231
-1.772	0.00546107
-1.771	0.0054798
-1.77	0.00549848
-1.769	0.00551712
-1.768	0.00553571
-1.767	0.00555425
-1.766	0.00557275
-1.765	0.00559122
-1.764	0.00560964
-1.763	0.00562802
-1.762	0.00564636
-1.761	0.00566467
-1.76	0.00568294
-1.759	0.00570119
-1.758	0.0057194
-1.757	0.00573759
-1.756	0.00575576
-1.755	0.00577391
-1.754	0.00579204
-1.753	0.00581017
-1.752	0.00582828
-1.751	0.00584639
-1.75	0.0058645
-1.749	0.00588262
-1.748	0.00590074
-1.747	0.00591887
-1.746	0.00593703
-1.745	0.00595521
-1.744	0.00597341
-1.743	0.00599165
-1.742	0.00600992
-1.741	0.00602823
-1.74	0.00604659
-1.739	0.006065
-1.738	0.00608347
-1.737	0.006102
-1.736	0.00612059
-1.735	0.00613926
-1.734	0.006158
-1.733	0.00617682
-1.732	0.00619573
-1.731	0.00621473
-1.73	0.00623382
-1.729	0.006253
-1.728	0.0062723
-1.727	0.0062917
-1.726	0.0063112
-1.725	0.00633083
-1.724	0.00635057
-1.723	0.00637043
-1.722	0.00639042
-1.721	0.00641054
-1.72	0.00643079
-1.719	0.00645117
-1.718	0.00647169
-1.717	0.00649234
-1.716	0.00651315
-1.715	0.00653409
-1.714	0.00655517
-1.713	0.0065764
-1.712	0.00659778
-1.711	0.00661931
-1.71	0.00664099
-1.709	0.00666282
-1.708	0.00668479
-1.707	0.00670692
-1.706	0.0067292
-1.705	0.00675163
-1.704	0.00677421
-1.703	0.00679693
-1.702	0.00681981
-1.701	0.00684283
-1.7	0.006866
-1.699	0.00688931
-1.698	0.00691276
-1.697	0.00693635
-1.696	0.00696009
-1.695	0.00698395
-1.694	0.00700796
-1.693	0.00703209
-1.692	0.00705636
-1.691	0.00708075
-1.69	0.00710525
-1.689	0.00712989
-1.688	0.00715463
-1.687	0.00717949
-1.686	0.00720446
-1.685	0.00722954
-1.684	0.00725472
-1.683	0.00728
-1.682	0.00730538
-1.681	0.00733085
-1.68	0.00735641
-1.679	0.00738206
-1.678	0.00740779
-1.677	0.00743359
-1.676	0.00745947
-1.675	0.00748543
-1.674	0.00751145
-1.673	0.00753753
-1.672	0.00756368
-1.671	0.00758988
-1.67	0.00761614
-1.669	0.00764245
-1.668	0.00766881
-1.667	0.00769521
-1.666	0.00772166
-1.665	0.00774814
-1.664	0.00777467
-1.663	0.00780123
-1.662	0.00782782
-1.661	0.00785444
-1.66	0.0078811
-1.659	0.00790777
-1.658	0.00793448
-1.657	0.0079612
-1.656	0.00798795
-1.655	0.00801472
-1.654	0.0080415
-1.653	0.00806831
-1.652	0.00809514
-1.651	0.00812198
-1.65	0.00814884
-1.649	0.00817571
-1.648	0.00820261
-1.647	0.00822952
-1.646	0.00825645
-1.645	0.0082834
-1.644	0.00831036
-1.643	0.00833734
-1.642	0.00836435
-1.641	0.00839138
-1.64	0.00841843
-1.639	0.00844549
-1.638	0.00847259
-1.637	0.00849972
-1.636	0.00852688
-1.635	0.00855408
-1.634	0.0085813
-1.633	0.00860856
-1.632	0.00863587
-1.631	0.00866321
-1.63	0.0086906
-1.629	0.00871803
-1.628	0.00874551
-1.627	0.00877304
-1.626	0.00880063
-1.625	0.00882828
-1.624	0.00885599
-1.623	0.00888377
-1.622	0.00891161
-1.621	0.00893952
-1.62	0.00896752
-1.619	0.00899558
-1.618	0.00902373
-1.617	0.00905196
-1.616	0.00908028
-1.615	0.0091087
-1.614	0.0091372
-1.613	0.0091658
-1.612	0.0091945
-1.611	0.00922331
-1.61	0.00925222
-1.609	0.00928125
-1.608	0.00931038
-1.607	0.00933963
-1.606	0.009369
-1.605	0.00939849
-1.604	0.0094281
-1.603	0.00945785
-1.602	0.00948772
-1.601	0.00951771
-1.6	0.00954785
-1.599	0.00957812
-1.598	0.00960852
-1.597	0.00963907
-1.596	0.00966975
-1.595	0.00970058
-1.594	0.00973155
-1.593	0.00976266
-1.592	0.00979393
-1.591	0.00982534
-1.59	0.00985689
-1.589	0.0098886
-1.588	0.00992046
-1.587	0.00995247
-1.586	0.00998462
-1.585	0.0100169
-1.584	0.0100494
-1.583	0.010082
-1.582	0.0101148
-1.581	0.0101477
-1.58	0.0101807
-1.579	0.0102139
-1.578	0.0102473
-1.577	0.0102808
-1.576	0.0103145
-1.575	0.0103483
-1.574	0.0103822
-1.573	0.0104163
-1.572	0.0104505
-1.571	0.0104849
-1.57	0.0105194
-1.569	0.0105541
-1.568	0.0105889
-1.567	0.0106238
-1.566	0.0106588
-1.565	0.010694
-1.564	0.0107294
-1.563	0.0107648
-1.562	0.0108004
-1.561	0.0108361
-1.56	0.0108719
-1.559	0.0109079
-1.558	0.0109439
-1.557	0.0109801
-1.556	0.0110164
-1.555	0.0110528
-1.554	0.0110893
-1.553	0.0111259
-1.552	0.0111627
-1.551	0.0111995
-1.55	0.0112364
-1.549	0.0112735
-1.548	0.0113106
-1.547	0.0113479
-1.546	0.0113852
-1.545	0.0114226
-1.544	0.0114602
-1.543	0.0114978
-1.542	0.0115355
-1.541	0.0115733
-1.54	0.0116112
-1.539	0.0116492
-1.538	0.0116872
-1.537	0.0117254
-1.536	0.0117636
-1.535	0.011802
-1.534	0.0118404
-1.533	0.0118789
-1.532	0.0119174
-1.531	0.0119561
-1.53	0.0119949
-1.529	0.0120337
-1.528	0.0120726
-1.527	0.0121116
-1.526	0.0121507
-1.525	0.0121899
-1.524	0.0122291
-1.523	0.0122684
-1.522	0.0123079
-1.521	0.0123474
-1.52	0.012387
-1.519	0.0124267
-1.518	0.0124665
-1.517	0.0125063
-1.516	0.0125463
-1.515	0.0125864
-1.514	0.0126265
-1.513	0.0126668
-1.512	0.0127071
-1.511	0.0127476
-1.51	0.0127881
-1.509	0.0128288
-1.508	0.0128696
-1.507	0.0129105
-1.506	0.0129514
-1.505	0.0129925
-1.504	0.0130337
-1.503	0.0130751
-1.502	0.0131165
-1.501	0.0131581
-1.5	0.0131998
-1.499	0.0132416
-1.498	0.0132835
-1.497	0.0133256
-1.496	0.0133678
-1.495	0.0134101
-1.494	0.0134526
-1.493	0.0134952
-1.492	0.0135379
-1.491	0.0135808
-1.49	0.0136238
-1.489	0.013667
-1.488	0.0137103
-1.487	0.0137538
-1.486	0.0137974
-1.485	0.0138412
-1.484	0.0138851
-1.483	0.0139292
-1.482	0.0139734
-1.481	0.0140178
-1.48	0.0140624
-1.479	0.0141071
-1.478	0.014152
-1.477	0.0141971
-1.476	0.0142423
-1.475	0.0142877
-1.474	0.0143333
-1.473	0.014379
-1.472	0.0144249
-1.471	0.014471
-1.47	0.0145172
-1.469	0.0145636
-1.468	0.0146102
-1.467	0.014657
-1.466	0.0147039
-1.465	0.014751
-1.464	0.0147983
-1.463	0.0148458
-1.462	0.0148935
-1.461	0.0149413
-1.46	0.0149893
-1.459	0.0150375
-1.458	0.0150859
-1.457	0.0151344
-1.456	0.0151831
-1.455	0.015232
-1.454	0.0152811
-1.453	0.0153303
-1.452	0.0153798
-1.451	0.0154293
-1.45	0.0154791
-1.449	0.0155291
-1.448	0.0155792
-1.447	0.0156295
-1.446	0.01568
-1.445	0.0157306
-1.444	0.0157814
-1.443	0.0158324
-1.442	0.0158836
-1.441	0.0159349
-1.44	0.0159864
-1.439	0.016038
-1.438	0.0160899
-1.437	0.0161419
-1.436	0.016194
-1.435	0.0162464
-1.434	0.0162989
-1.433	0.0163515
-1.432	0.0164043
-1.431	0.0164573
-1.43	0.0165105
-1.429	0.0165638
-1.428	0.0166172
-1.427	0.0166709
-1.426	0.0167247
-1.425	0.0167786
-1.424	0.0168327
-1.423	0.016887
-1.422	0.0169414
-1.421	0.016996
-1.42	0.0170507
-1.419	0.0171056
-1.418	0.0171607
-1.417	0.0172159
-1.416	0.0172713
-1.415	0.0173268
-1.414	0.0173825
-1.413	0.0174383
-1.412	0.0174943
-1.411	0.0175505
-1.41	0.0176068
-1.409	0.0176633
-1.408	0.0177199
-1.407	0.0177767
-1.406	0.0178337
-1.405	0.0178908
-1.404	0.0179481
-1.403	0.0180055
-1.402	0.0180631
-1.401	0.0181209
-1.4	0.0181789
-1.399	0.0182369
-1.398	0.0182952
-1.397	0.0183536
-1.396	0.0184122
-1.395	0.018471
-1.394	0.0185299
-1.393	0.0185891
-1.392	0.0186483
-1.391	0.0187078
-1.39	0.0187674
-1.389	0.0188273
-1.388	0.0188872
-1.387	0.0189474
-1.386	0.0190078
-1.385	0.0190683
-1.384	0.019129
-1.383	0.0191899
-1.382	0.019251
-1.381	0.0193123
-1.38	0.0193738
-1.379	0.0194354
-1.378	0.0194973
-1.377	0.0195594
-1.376	0.0196216
-1.375	0.019684
-1.374	0.0197467
-1.373	0.0198095
-1.372	0.0198726
-1.371	0.0199358
-1.37	0.0199993
-1.369	0.020063
-1.368	0.0201268
-1.367	0.0201909
-1.366	0.0202552
-1.365	0.0203197
-1.364	0.0203844
-1.363	0.0204493
-1.362	0.0205145
-1.361	0.0205799
-1.36	0.0206455
-1.359	0.0207113
-1.358	0.0207773
-1.357	0.0208435
-1.356	0.02091
-1.355	0.0209767
-1.354	0.0210436
-1.353	0.0211108
-1.352	0.0211782
-1.351	0.0212458
-1.35	0.0213136
-1.349	0.0213817
-1.348	0.0214499
-1.347	0.0215185
-1.346	0.0215872
-1.345	0.0216562
-1.344	0.0217255
-1.343	0.0217949
-1.342	0.0218646
-1.341	0.0219346
-1.34	0.0220047
-1.339	0.0220751
-1.338	0.0221458
-1.337	0.0222166
-1.336	0.0222878
-1.335	0.0223591
-1.334	0.0224307
-1.333	0.0225025
-1.332	0.0225746
-1.331	0.0226469
-1.33	0.0227195
-1.329	0.0227922
-1.328	0.0228653
-1.327	0.0229385
-1.326	0.023012
-1.325	0.0230858
-1.324	0.0231598
-1.323	0.023234
-1.322	0.0233085
-1.321	0.0233832
-1.32	0.0234581
-1.319	0.0235333
-1.318	0.0236087
-1.317	0.0236844
-1.316	0.0237603
-1.315	0.0238364
-1.314	0.0239128
-1.313	0.0239895
-1.312	0.0240664
-1.311	0.0241435
-1.31	0.0242209
-1.309	0.0242985
-1.308	0.0243763
-1.307	0.0244544
-1.306	0.0245327
-1.305	0.0246113
-1.304	0.0246901
-1.303	0.0247692
-1.302	0.0248485
-1.301	0.024928
-1.3	0.0250078
-1.299	0.0250879
-1.298	0.0251682
-1.297	0.0252487
-1.296	0.0253295
-1.295	0.0254105
-1.294	0.0254918
-1.293	0.0255733
-1.292	0.0256551
-1.291	0.0257372
-1.29	0.0258194
-1.289	0.025902
-1.288	0.0259848
-1.287	0.0260678
-1.286	0.0261511
-1.285	0.0262347
-1.284	0.0263185
-1.283	0.0264026
-1.282	0.0264869
-1.281	0.0265715
-1.28	0.0266563
-1.279	0.0267414
-1.278	0.0268268
-1.277	0.0269124
-1.276	0.0269983
-1.275	0.0270845
-1.274	0.0271709
-1.273	0.0272576
-1.272	0.0273446
-1.271	0.0274318
-1.27	0.0275193
-1.269	0.0276072
-1.268	0.0276952
-1.267	0.0277836
-1.266	0.0278722
-1.265	0.0279611
-1.264	0.0280503
-1.263	0.0281397
-1.262	0.0282294
-1.261	0.0283195
-1.26	0.0284098
-1.259	0.0285004
-1.258	0.0285913
-1.257	0.0286824
-1.256	0.0287739
-1.255	0.0288657
-1.254	0.0289577
-1.253	0.0290501
-1.252	0.0291427
-1.251	0.0292357
-1.25	0.0293289
-1.249	0.0294224
-1.248	0.0295163
-1.247	0.0296104
-1.246	0.0297049
-1.245	0.0297996
-1.244	0.0298947
-1.243	0.02999
-1.242	0.0300857
-1.241	0.0301817
-1.24	0.030278
-1.239	0.0303746
-1.238	0.0304716
-1.237	0.0305688
-1.236	0.0306664
-1.235	0.0307643
-1.234	0.0308625
-1.233	0.030961
-1.232	0.0310598
-1.231	0.031159
-1.23	0.0312584
-1.229	0.0313583
-1.228	0.0314584
-1.227	0.0315589
-1.226	0.0316596
-1.225	0.0317608
-1.224	0.0318622
-1.223	0.031964
-1.222	0.0320661
-1.221	0.0321685
-1.22	0.0322713
-1.219	0.0323744
-1.218	0.0324779
-1.217	0.0325816
-1.216	0.0326858
-1.215	0.0327902
-1.214	0.032895
-1.213	0.0330001
-1.212	0.0331056
-1.211	0.0332114
-1.21	0.0333175
-1.209	0.033424
-1.208	0.0335309
-1.207	0.033638
-1.206	0.0337456
-1.205	0.0338534
-1.204	0.0339616
-1.203	0.0340702
-1.202	0.0341791
-1.201	0.0342884
-1.2	0.034398
-1.199	0.0345079
-1.198	0.0346183
-1.197	0.0347289
-1.196	0.0348399
-1.195	0.0349513
-1.194	0.035063
-1.193	0.0351751
-1.192	0.0352875
-1.191	0.0354003
-1.19	0.0355135
-1.189	0.035627
-1.188	0.0357409
-1.187	0.0358551
-1.186	0.0359697
-1.185	0.0360846
-1.184	0.0361999
-1.183	0.0363156
-1.182	0.0364317
-1.181	0.0365481
-1.18	0.0366649
-1.179	0.036782
-1.178	0.0368995
-1.177	0.0370174
-1.176	0.0371357
-1.175	0.0372543
-1.174	0.0373733
-1.173	0.0374927
-1.172	0.0376124
-1.171	0.0377326
-1.17	0.0378531
-1.169	0.037974
-1.168	0.0380953
-1.167	0.0382169
-1.166	0.038339
-1.165	0.0384614
-1.164	0.0385842
-1.163	0.0387074
-1.162	0.038831
-1.161	0.0389549
-1.16	0.0390793
-1.159	0.0392041
-1.158	0.0393292
-1.157	0.0394548
-1.156	0.0395807
-1.155	0.0397071
-1.154	0.0398338
-1.153	0.0399609
-1.152	0.0400885
-1.151	0.0402165
-1.15	0.0403448
-1.149	0.0404736
-1.148	0.0406027
-1.147	0.0407324
-1.146	0.0408623
-1.145	0.0409928
-1.144	0.0411236
-1.143	0.0412548
-1.142	0.0413865
-1.141	0.0415186
-1.14	0.0416511
-1.139	0.041784
-1.138	0.0419174
-1.137	0.0420511
-1.136	0.0421854
-1.135	0.04232
-1.134	0.0424551
-1.133	0.0425905
-1.132	0.0427265
-1.131	0.0428628
-1.13	0.0429996
-1.129	0.0431369
-1.128	0.0432746
-1.127	0.0434127
-1.126	0.0435512
-1.125	0.0436903
-1.124	0.0438298
-1.123	0.0439697
-1.122	0.04411
-1.121	0.0442508
-1.12	0.0443921
-1.119	0.0445338
-1.118	0.044676
-1.117	0.0448186
-1.116	0.0449617
-1.115	0.0451053
-1.114	0.0452493
-1.113	0.0453938
-1.112	0.0455387
-1.111	0.0456841
-1.11	0.04583
-1.109	0.0459763
-1.108	0.0461232
-1.107	0.0462704
-1.106	0.0464182
-1.105	0.0465664
-1.104	0.0467151
-1.103	0.0468643
-1.102	0.047014
-1.101	0.0471641
-1.1	0.0473148
-1.099	0.0474659
-1.098	0.0476175
-1.097	0.0477696
-1.096	0.0479222
-1.095	0.0480752
-1.094	0.0482288
-1.093	0.0483828
-1.092	0.0485374
-1.091	0.0486924
-1.09	0.0488479
-1.089	0.049004
-1.088	0.0491605
-1.087	0.0493175
-1.086	0.0494751
-1.085	0.0496331
-1.084	0.0497916
-1.083	0.0499507
-1.082	0.0501102
-1.081	0.0502703
-1.08	0.0504309
-1.079	0.0505919
-1.078	0.0507536
-1.077	0.0509157
-1.076	0.0510783
-1.075	0.0512414
-1.074	0.0514051
-1.073	0.0515693
-1.072	0.051734
-1.071	0.0518993
-1.07	0.052065
-1.069	0.0522313
-1.068	0.0523981
-1.067	0.0525655
-1.066	0.0527334
-1.065	0.0529018
-1.064	0.0530708
-1.063	0.0532403
-1.062	0.0534103
-1.061	0.0535809
-1.06	0.053752
-1.059	0.0539237
-1.058	0.0540958
-1.057	0.0542686
-1.056	0.0544419
-1.055	0.0546157
-1.054	0.0547901
-1.053	0.0549651
-1.052	0.0551406
-1.051	0.0553167
-1.05	0.0554934
-1.049	0.0556706
-1.048	0.0558483
-1.047	0.0560266
-1.046	0.0562056
-1.045	0.056385
-1.044	0.056565
-1.043	0.0567456
-1.042	0.0569269
-1.041	0.0571086
-1.04	0.057291
-1.039	0.0574739
-1.038	0.0576574
-1.037	0.0578415
-1.036	0.0580262
-1.035	0.0582114
-1.034	0.0583973
-1.033	0.0585837
-1.032	0.0587707
-1.031	0.0589584
-1.03	0.0591466
-1.029	0.0593354
-1.028	0.0595249
-1.027	0.0597149
-1.026	0.0599056
-1.025	0.0600968
-1.024	0.0602887
-1.023	0.0604812
-1.022	0.0606743
-1.021	0.060868
-1.02	0.0610623
-1.019	0.0612572
-1.018	0.0614528
-1.017	0.0616491
-1.016	0.0618458
-1.015	0.0620433
-1.014	0.0622414
-1.013	0.0624401
-1.012	0.0626394
-1.011	0.0628394
-1.01	0.06304
-1.009	0.0632413
-1.008	0.0634432
-1.007	0.0636458
-1.006	0.063849
-1.005	0.0640528
-1.004	0.0642573
-1.003	0.0644625
-1.002	0.0646683
-1.001	0.0648748
-1	0.0650819
-0.999	0.0652897
-0.998	0.0654982
-0.997	0.0657074
-0.996	0.0659172
-0.995	0.0661277
-0.994	0.0663388
-0.993	0.0665506
-0.992	0.0667631
-0.991	0.0669763
-0.99	0.0671902
-0.989	0.0674048
-0.988	0.06762
-0.987	0.0678359
-0.986	0.0680525
-0.985	0.0682698
-0.984	0.0684878
-0.983	0.0687065
-0.982	0.0689259
-0.981	0.0691461
-0.98	0.0693669
-0.979	0.0695884
-0.978	0.0698106
-0.977	0.0700336
-0.976	0.0702573
-0.975	0.0704816
-0.974	0.0707067
-0.973	0.0709325
-0.972	0.0711591
-0.971	0.0713863
-0.97	0.0716143
-0.969	0.071843
-0.968	0.0720724
-0.967	0.0723026
-0.966	0.0725335
-0.965	0.0727652
-0.964	0.0729976
-0.963	0.0732307
-0.962	0.0734646
-0.961	0.0736992
-0.96	0.0739346
-0.959	0.0741707
-0.958	0.0744076
-0.957	0.0746452
-0.956	0.0748836
-0.955	0.0751227
-0.954	0.0753627
-0.953	0.0756033
-0.952	0.0758448
-0.951	0.076087
-0.95	0.0763299
-0.949	0.0765737
-0.948	0.0768183
-0.947	0.0770636
-0.946	0.0773097
-0.945	0.0775566
-0.944	0.0778043
-0.943	0.0780527
-0.942	0.078302
-0.941	0.078552
-0.94	0.0788028
-0.939	0.0790545
-0.938	0.0793069
-0.937	0.0795602
-0.936	0.0798142
-0.935	0.0800691
-0.934	0.0803248
-0.933	0.0805813
-0.932	0.0808386
-0.931	0.0810967
-0.93	0.0813557
-0.929	0.0816154
-0.928	0.0818761
-0.927	0.0821374
-0.926	0.0823997
-0.925	0.0826628
-0.924	0.0829268
-0.923	0.0831916
-0.922	0.0834572
-0.921	0.0837237
-0.92	0.083991
-0.919	0.0842592
-0.918	0.0845282
-0.917	0.0847982
-0.916	0.0850689
-0.915	0.0853405
-0.914	0.085613
-0.913	0.0858864
-0.912	0.0861606
-0.911	0.0864357
-0.91	0.0867116
-0.909	0.0869885
-0.908	0.0872663
-0.907	0.0875449
-0.906	0.0878245
-0.905	0.0881049
-0.904	0.0883862
-0.903	0.0886684
-0.902	0.0889515
-0.901	0.0892356
-0.9	0.0895205
-0.899	0.0898064
-0.898	0.0900931
-0.897	0.0903808
-0.896	0.0906694
-0.895	0.090959
-0.894	0.0912494
-0.893	0.0915408
-0.892	0.0918331
-0.891	0.0921263
-0.89	0.0924205
-0.889	0.0927157
-0.888	0.0930117
-0.887	0.0933087
-0.886	0.0936066
-0.885	0.0939056
-0.884	0.0942054
-0.883	0.0945062
-0.882	0.094808
-0.881	0.0951108
-0.88	0.0954145
-0.879	0.0957192
-0.878	0.0960248
-0.877	0.0963315
-0.876	0.0966391
-0.875	0.0969477
-0.874	0.0972574
-0.873	0.0975679
-0.872	0.0978795
-0.871	0.098192
-0.87	0.0985056
-0.869	0.0988202
-0.868	0.0991358
-0.867	0.0994523
-0.866	0.0997699
-0.865	0.100089
-0.864	0.100408
-0.863	0.100729
-0.862	0.10105
-0.861	0.101373
-0.86	0.101697
-0.859	0.102022
-0.858	0.102347
-0.857	0.102674
-0.856	0.103002
-0.855	0.103331
-0.854	0.103661
-0.853	0.103992
-0.852	0.104324
-0.851	0.104657
-0.85	0.104991
-0.849	0.105327
-0.848	0.105663
-0.847	0.106
-0.846	0.106339
-0.845	0.106679
-0.844	0.107019
-0.843	0.107361
-0.842	0.107704
-0.841	0.108048
-0.84	0.108393
-0.839	0.108739
-0.838	0.109086
-0.837	0.109435
-0.836	0.109784
-0.835	0.110135
-0.834	0.110486
-0.833	0.110839
-0.832	0.111193
-0.831	0.111548
-0.83	0.111904
-0.829	0.112262
-0.828	0.11262
-0.827	0.11298
-0.826	0.113341
-0.825	0.113703
-0.824	0.114066
-0.823	0.11443
-0.822	0.114795
-0.821	0.115162
-0.82	0.11553
-0.819	0.115899
-0.818	0.116269
-0.817	0.11664
-0.816	0.117012
-0.815	0.117386
-0.814	0.117761
-0.813	0.118137
-0.812	0.118514
-0.811	0.118893
-0.81	0.119272
-0.809	0.119653
-0.808	0.120035
-0.807	0.120419
-0.806	0.120803
-0.805	0.121189
-0.804	0.121576
-0.803	0.121964
-0.802	0.122354
-0.801	0.122744
-0.8	0.123136
-0.799	0.12353
-0.798	0.123924
-0.797	0.12432
-0.796	0.124717
-0.795	0.125115
-0.794	0.125515
-0.793	0.125915
-0.792	0.126317
-0.791	0.126721
-0.79	0.127126
-0.789	0.127531
-0.788	0.127939
-0.787	0.128347
-0.786	0.128757
-0.785	0.129168
-0.784	0.129581
-0.783	0.129994
-0.782	0.130409
-0.781	0.130826
-0.78	0.131244
-0.779	0.131663
-0.778	0.132083
-0.777	0.132505
-0.776	0.132928
-0.775	0.133352
-0.774	0.133778
-0.773	0.134206
-0.772	0.134634
-0.771	0.135064
-0.77	0.135495
-0.769	0.135928
-0.768	0.136362
-0.767	0.136797
-0.766	0.137234
-0.765	0.137672
-0.764	0.138112
-0.763	0.138553
-0.762	0.138996
-0.761	0.139439
-0.76	0.139885
-0.759	0.140331
-0.758	0.140779
-0.757	0.141229
-0.756	0.14168
-0.755	0.142132
-0.754	0.142586
-0.753	0.143042
-0.752	0.143498
-0.751	0.143957
-0.75	0.144416
-0.749	0.144878
-0.748	0.14534
-0.747	0.145804
-0.746	0.14627
-0.745	0.146737
-0.744	0.147206
-0.743	0.147676
-0.742	0.148147
-0.741	0.148621
-0.74	0.149095
-0.739	0.149571
-0.738	0.150049
-0.737	0.150528
-0.736	0.151009
-0.735	0.151491
-0.734	0.151975
-0.733	0.15246
-0.732	0.152947
-0.731	0.153436
-0.73	0.153925
-0.729	0.154417
-0.728	0.15491
-0.727	0.155405
-0.726	0.155901
-0.725	0.156399
-0.724	0.156898
-0.723	0.157399
-0.722	0.157902
-0.721	0.158406
-0.72	0.158912
-0.719	0.15942
-0.718	0.159929
-0.717	0.16044
-0.716	0.160952
-0.715	0.161466
-0.714	0.161981
-0.713	0.162499
-0.712	0.163018
-0.711	0.163538
-0.71	0.16406
-0.709	0.164584
-0.708	0.16511
-0.707	0.165637
-0.706	0.166166
-0.705	0.166697
-0.704	0.167229
-0.703	0.167763
-0.702	0.168299
-0.701	0.168836
-0.7	0.169375
-0.699	0.169916
-0.698	0.170459
-0.697	0.171003
-0.696	0.171549
-0.695	0.172097
-0.694	0.172646
-0.693	0.173198
-0.692	0.173751
-0.691	0.174306
-0.69	0.174862
-0.689	0.17542
-0.688	0.175981
-0.687	0.176543
-0.686	0.177106
-0.685	0.177672
-0.684	0.178239
-0.683	0.178809
-0.682	0.179379
-0.681	0.179952
-0.68	0.180527
-0.679	0.181103
-0.678	0.181682
-0.677	0.182262
-0.676	0.182844
-0.675	0.183428
-0.674	0.184014
-0.673	0.184601
-0.672	0.185191
-0.671	0.185782
-0.67	0.186375
-0.669	0.186971
-0.668	0.187568
-0.667	0.188167
-0.666	0.188768
-0.665	0.18937
-0.664	0.189975
-0.663	0.190582
-0.662	0.19119
-0.661	0.191801
-0.66	0.192413
-0.659	0.193028
-0.658	0.193644
-0.657	0.194263
-0.656	0.194883
-0.655	0.195506
-0.654	0.19613
-0.653	0.196756
-0.652	0.197384
-0.651	0.198015
-0.65	0.198647
-0.649	0.199281
-0.648	0.199918
-0.647	0.200556
-0.646	0.201197
-0.645	0.201839
-0.644	0.202484
-0.643	0.20313
-0.642	0.203779
-0.641	0.20443
-0.64	0.205083
-0.639	0.205737
-0.638	0.206394
-0.637	0.207053
-0.636	0.207715
-0.635	0.208378
-0.634	0.209043
-0.633	0.209711
-0.632	0.21038
-0.631	0.211052
-0.63	0.211726
-0.629	0.212402
-0.628	0.213081
-0.627	0.213761
-0.626	0.214444
-0.625	0.215129
-0.624	0.215815
-0.623	0.216505
-0.622	0.217196
-0.621	0.217889
-0.62	0.218585
-0.619	0.219283
-0.618	0.219984
-0.617	0.220686
-0.616	0.221391
-0.615	0.222098
-0.614	0.222807
-0.613	0.223518
-0.612	0.224232
-0.611	0.224948
-0.61	0.225667
-0.609	0.226387
-0.608	0.22711
-0.607	0.227835
-0.606	0.228563
-0.605	0.229293
-0.604	0.230025
-0.603	0.23076
-0.602	0.231497
-0.601	0.232236
-0.6	0.232978
-0.599	0.233722
-0.598	0.234468
-0.597	0.235217
-0.596	0.235968
-0.595	0.236721
-0.594	0.237477
-0.593	0.238236
-0.592	0.238996
-0.591	0.23976
-0.59	0.240525
-0.589	0.241293
-0.588	0.242064
-0.587	0.242837
-0.586	0.243613
-0.585	0.244391
-0.584	0.245171
-0.583	0.245954
-0.582	0.246739
-0.581	0.247527
-0.58	0.248318
-0.579	0.249111
-0.578	0.249906
-0.577	0.250704
-0.576	0.251505
-0.575	0.252308
-0.574	0.253114
-0.573	0.253922
-0.572	0.254733
-0.571	0.255546
-0.57	0.256362
-0.569	0.257181
-0.568	0.258002
-0.567	0.258826
-0.566	0.259653
-0.565	0.260482
-0.564	0.261314
-0.563	0.262148
-0.562	0.262985
-0.561	0.263825
-0.56	0.264667
-0.559	0.265512
-0.558	0.26636
-0.557	0.267211
-0.556	0.268064
-0.555	0.26892
-0.554	0.269779
-0.553	0.270641
-0.552	0.271505
-0.551	0.272372
-0.55	0.273241
-0.549	0.274114
-0.548	0.274989
-0.547	0.275867
-0.546	0.276748
-0.545	0.277632
-0.544	0.278519
-0.543	0.279408
-0.542	0.2803
-0.541	0.281195
-0.54	0.282093
-0.539	0.282994
-0.538	0.283898
-0.537	0.284804
-0.536	0.285714
-0.535	0.286626
-0.534	0.287542
-0.533	0.28846
-0.532	0.289381
-0.531	0.290305
-0.53	0.291232
-0.529	0.292162
-0.528	0.293095
-0.527	0.294031
-0.526	0.29497
-0.525	0.295912
-0.524	0.296857
-0.523	0.297805
-0.522	0.298756
-0.521	0.29971
-0.52	0.300667
-0.519	0.301627
-0.518	0.302591
-0.517	0.303557
-0.516	0.304526
-0.515	0.305499
-0.514	0.306474
-0.513	0.307453
-0.512	0.308435
-0.511	0.30942
-0.51	0.310408
-0.509	0.311399
-0.508	0.312394
-0.507	0.313391
-0.506	0.314392
-0.505	0.315396
-0.504	0.316403
-0.503	0.317414
-0.502	0.318427
-0.501	0.319444
-0.5	0.320464
-0.499	0.321488
-0.498	0.322514
-0.497	0.323544
-0.496	0.324577
-0.495	0.325614
-0.494	0.326654
-0.493	0.327697
-0.492	0.328743
-0.491	0.329793
-0.49	0.330846
-0.489	0.331902
-0.488	0.332962
-0.487	0.334026
-0.486	0.335092
-0.485	0.336162
-0.484	0.337236
-0.483	0.338313
-0.482	0.339393
-0.481	0.340477
-0.48	0.341564
-0.479	0.342655
-0.478	0.343749
-0.477	0.344847
-0.476	0.345948
-0.475	0.347053
-0.474	0.348161
-0.473	0.349273
-0.472	0.350388
-0.471	0.351507
-0.47	0.352629
-0.469	0.353755
-0.468	0.354885
-0.467	0.356018
-0.466	0.357155
-0.465	0.358296
-0.464	0.35944
-0.463	0.360588
-0.462	0.361739
-0.461	0.362894
-0.46	0.364053
-0.459	0.365216
-0.458	0.366382
-0.457	0.367552
-0.456	0.368726
-0.455	0.369903
-0.454	0.371085
-0.453	0.37227
-0.452	0.373458
-0.451	0.374651
-0.45	0.375847
-0.449	0.377048
-0.448	0.378252
-0.447	0.37946
-0.446	0.380672
-0.445	0.381887
-0.444	0.383107
-0.443	0.38433
-0.442	0.385558
-0.441	0.386789
-0.44	0.388024
-0.439	0.389263
-0.438	0.390506
-0.437	0.391753
-0.436	0.393004
-0.435	0.394259
-0.434	0.395518
-0.433	0.396781
-0.432	0.398048
-0.431	0.39932
-0.43	0.400595
-0.429	0.401874
-0.428	0.403157
-0.427	0.404445
-0.426	0.405736
-0.425	0.407032
-0.424	0.408332
-0.423	0.409636
-0.422	0.410944
-0.421	0.412256
-0.42	0.413573
-0.419	0.414893
-0.418	0.416218
-0.417	0.417547
-0.416	0.41888
-0.415	0.420218
-0.414	0.42156
-0.413	0.422906
-0.412	0.424257
-0.411	0.425611
-0.41	0.42697
-0.409	0.428334
-0.408	0.429702
-0.407	0.431074
-0.406	0.43245
-0.405	0.433831
-0.404	0.435217
-0.403	0.436606
-0.402	0.438001
-0.401	0.439399
-0.4	0.440802
-0.399	0.44221
-0.398	0.443622
-0.397	0.445039
-0.396	0.44646
-0.395	0.447886
-0.394	0.449316
-0.393	0.450751
-0.392	0.45219
-0.391	0.453634
-0.39	0.455083
-0.389	0.456536
-0.388	0.457994
-0.387	0.459457
-0.386	0.460923
-0.385	0.462395
-0.384	0.463872
-0.383	0.465354
-0.382	0.46684
-0.381	0.468331
-0.38	0.469826
-0.379	0.471326
-0.378	0.472832
-0.377	0.474342
-0.376	0.475856
-0.375	0.477376
-0.374	0.478901
-0.373	0.48043
-0.372	0.481964
-0.371	0.483503
-0.37	0.485047
-0.369	0.486596
-0.368	0.48815
-0.367	0.489709
-0.366	0.491273
-0.365	0.492842
-0.364	0.494416
-0.363	0.495994
-0.362	0.497578
-0.361	0.499167
-0.36	0.500761
-0.359	0.50236
-0.358	0.503965
-0.357	0.505574
-0.356	0.507189
-0.355	0.508808
-0.354	0.510433
-0.353	0.512063
-0.352	0.513698
-0.351	0.515339
-0.35	0.516984
-0.349	0.518739
-0.348	0.520704
-0.347	0.522882
-0.346	0.525264
-0.345	0.527846
-0.344	0.530625
-0.343	0.533594
-0.342	0.53675
-0.341	0.540086
-0.34	0.543596
-0.339	0.547262
-0.338	0.551063
-0.337	0.554993
-0.336	0.559045
-0.335	0.563212
-0.334	0.567489
-0.333	0.571867
-0.332	0.576342
-0.331	0.580904
-0.33	0.58555
-0.329	0.59027
-0.328	0.595061
-0.327	0.599913
-0.326	0.604824
-0.325	0.609783
-0.324	0.614788
-0.323	0.61983
-0.322	0.624906
-0.321	0.630007
-0.32	0.635129
-0.319	0.640267
-0.318	0.645415
-0.317	0.650567
-0.316	0.655718
-0.315	0.660864
-0.314	0.665999
-0.313	0.671119
-0.312	0.676218
-0.311	0.681293
-0.31	0.686338
-0.309	0.69135
-0.308	0.696323
-0.307	0.701255
-0.306	0.70614
-0.305	0.710977
-0.304	0.715759
-0.303	0.720485
-0.302	0.725148
-0.301	0.729748
-0.3	0.734281
-0.299	0.738742
-0.298	0.743129
-0.297	0.747439
-0.296	0.751669
-0.295	0.755817
-0.294	0.759878
-0.293	0.763851
-0.292	0.767734
-0.291	0.771523
-0.29	0.775216
-0.289	0.778811
-0.288	0.782306
-0.287	0.785699
-0.286	0.788987
-0.285	0.792168
-0.284	0.795242
-0.283	0.798205
-0.282	0.801057
-0.281	0.803795
-0.28	0.806417
-0.279	0.808923
-0.278	0.811312
-0.277	0.813581
-0.276	0.815729
-0.275	0.817756
-0.274	0.81966
-0.273	0.82144
-0.272	0.823095
-0.271	0.824624
-0.27	0.826026
-0.269	0.827302
-0.268	0.828449
-0.267	0.829468
-0.266	0.830356
-0.265	0.831117
-0.264	0.831746
-0.263	0.832246
-0.262	0.832614
-0.261	0.832852
-0.26	0.832958
-0.259	0.832935
-0.258	0.83278
-0.257	0.832495
-0.256	0.832081
-0.255	0.831537
-0.254	0.830864
-0.253	0.830063
-0.252	0.829134
-0.251	0.828079
-0.25	0.826897
-0.249	0.825588
-0.248	0.824156
-0.247	0.8226
-0.246	0.820922
-0.245	0.819122
-0.244	0.817201
-0.243	0.815161
-0.242	0.813005
-0.241	0.810731
-0.24	0.808343
-0.239	0.805841
-0.238	0.803227
-0.237	0.800504
-0.236	0.797674
-0.235	0.794735
-0.234	0.791694
-0.233	0.78855
-0.232	0.785306
-0.231	0.781964
-0.23	0.778526
-0.229	0.774995
-0.228	0.771374
-0.227	0.767664
-0.226	0.763868
-0.225	0.75999
-0.224	0.756032
-0.223	0.751996
-0.222	0.747887
-0.221	0.743707
-0.22	0.739458
-0.219	0.735146
-0.218	0.730772
-0.217	0.726342
-0.216	0.721857
-0.215	0.717321
-0.214	0.712741
-0.213	0.708117
-0.212	0.703454
-0.211	0.698758
-0.21	0.694032
-0.209	0.68928
-0.208	0.684507
-0.207	0.679719
-0.206	0.674917
-0.205	0.670109
-0.204	0.665299
-0.203	0.660492
-0.202	0.655694
-0.201	0.650908
-0.2	0.646143
-0.199	0.6414
-0.198	0.636688
-0.197	0.632012
-0.196	0.627377
-0.195	0.622789
-0.194	0.618254
-0.193	0.613778
-0.192	0.609367
-0.191	0.605028
-0.19	0.600766
-0.189	0.596588
-0.188	0.592501
-0.187	0.588509
-0.186	0.58462
-0.185	0.58084
-0.184	0.577174
-0.183	0.57363
-0.182	0.570214
-0.181	0.56693
-0.18	0.563785
-0.179	0.560792
-0.178	0.55796
-0.177	0.555297
-0.176	0.552806
-0.175	0.550492
-0.174	0.548361
-0.173	0.546416
-0.172	0.544662
-0.171	0.543103
-0.17	0.541741
-0.169	0.54058
-0.168	0.539622
-0.167	0.53887
-0.166	0.538326
-0.165	0.53799
-0.164	0.537865
-0.163	0.537949
-0.162	0.538245
-0.161	0.53875
-0.16	0.539465
-0.159	0.540387
-0.158	0.541516
-0.157	0.542851
-0.156	0.544386
-0.155	0.546122
-0.154	0.548052
-0.153	0.550176
-0.152	0.552489
-0.151	0.554985
-0.15	0.557661
-0.149	0.560513
-0.148	0.563535
-0.147	0.566722
-0.146	0.570068
-0.145	0.573568
-0.144	0.577217
-0.143	0.581008
-0.142	0.584935
-0.141	0.588994
-0.14	0.593175
-0.139	0.597476
-0.138	0.601889
-0.137	0.606408
-0.136	0.611025
-0.135	0.615737
-0.134	0.620536
-0.133	0.625416
-0.132	0.630371
-0.131	0.635395
-0.13	0.640483
-0.129	0.645628
-0.128	0.650825
-0.127	0.656067
-0.126	0.661349
-0.125	0.666666
-0.124	0.672013
-0.123	0.677384
-0.122	0.682774
-0.121	0.688177
-0.12	0.693589
-0.119	0.699005
-0.118	0.70442
-0.117	0.709829
-0.116	0.715229
-0.115	0.720614
-0.114	0.72598
-0.113	0.731322
-0.112	0.736638
-0.111	0.741922
-0.11	0.74717
-0.109	0.75238
-0.108	0.757548
-0.107	0.762668
-0.106	0.767739
-0.105	0.772757
-0.104	0.777718
-0.103	0.782619
-0.102	0.787457
-0.101	0.792229
-0.1	0.796933