-3.037	4.06937e-009
-3.036	4.07e-009
-3.035	4.07149e-009
-3.034	4.07422e-009
-3.033	4.07863e-009
-3.032	4.08522e-009
-3.031	4.09452e-009
-3.03	4.10709e-009
-3.029	4.12355e-009
-3.028	4.14454e-009
-3.027	4.17076e-009
-3.026	4.20289e-009
-3.025	4.24165e-009
-3.024	4.28775e-009
-3.023	4.34193e-009
-3.022	4.40486e-009
-3.021	4.47723e-009
-3.02	4.55967e-009
-3.019	4.65279e-009
-3.018	4.75712e-009
-3.017	4.87316e-009
-3.016	5.00132e-009
-3.015	5.14198e-009
-3.014	5.29545e-009
-3.013	5.46197e-009
-3.012	5.64173e-009
-3.011	5.83488e-009
-3.01	6.04151e-009
-3.009	6.26171e-009
-3.008	6.49547e-009
-3.007	6.74283e-009
-3.006	7.00373e-009
-3.005	7.27816e-009
-3.004	7.5661e-009
-3.003	7.86743e-009
-3.002	8.18215e-009
-3.001	8.51015e-009
-3	8.85139e-009
-2.999	9.20578e-009
-2.998	9.57326e-009
-2.997	9.95375e-009
-2.996	1.03472e-008
-2.995	1.07535e-008
-2.994	1.11726e-008
-2.993	1.16045e-008
-2.992	1.20491e-008
-2.991	1.25062e-008
-2.99	1.29759e-008
-2.989	1.34581e-008
-2.988	1.39526e-008
-2.987	1.44595e-008
-2.986	1.49786e-008
-2.985	1.55098e-008
-2.984	1.60531e-008
-2.983	1.66084e-008
-2.982	1.71755e-008
-2.981	1.77544e-008
-2.98	1.83449e-008
-2.979	1.89469e-008
-2.978	1.95604e-008
-2.977	2.01851e-008
-2.976	2.08209e-008
-2.975	2.14677e-008
-2.974	2.21253e-008
-2.973	2.27936e-008
-2.972	2.34723e-008
-2.971	2.41614e-008
-2.97	2.48605e-008
-2.969	2.55697e-008
-2.968	2.62885e-008
-2.967	2.7017e-008
-2.966	2.77547e-008
-2.965	2.85017e-008
-2.964	2.92576e-008
-2.963	3.00222e-008
-2.962	3.07955e-008
-2.961	3.15772e-008
-2.96	3.23671e-008
-2.959	3.3165e-008
-2.958	3.39709e-008
-2.957	3.47847e-008
-2.956	3.56061e-008
-2.955	3.64351e-008
-2.954	3.72718e-008
-2.953	3.8116e-008
-2.952	3.89678e-008
-2.951	3.98273e-008
-2.95	4.06947e-008
-2.949	4.15701e-008
-2.948	4.24539e-008
-2.947	4.33463e-008
-2.946	4.42478e-008
-2.945	4.5159e-008
-2.944	4.60804e-008
-2.943	4.70128e-008
-2.942	4.79571e-008
-2.941	4.89143e-008
-2.94	4.98856e-008
-2.939	5.08723e-008
-2.938	5.18758e-008
-2.937	5.28979e-008
-2.936	5.39404e-008
-2.935	5.50054e-008
-2.934	5.60952e-008
-2.933	5.72124e-008
-2.932	5.83596e-008
-2.931	5.954e-008
-2.93	6.0757e-008
-2.929	6.20138e-008
-2.928	6.33146e-008
-2.927	6.46634e-008
-2.926	6.60645e-008
-2.925	6.75227e-008
-2.924	6.90428e-008
-2.923	7.06303e-008
-2.922	7.22906e-008
-2.921	7.40292e-008
-2.92	7.58526e-008
-2.919	7.77664e-008
-2.918	7.97776e-008
-2.917	8.18924e-008
-2.916	8.41177e-008
-2.915	8.64605e-008
-2.914	8.89276e-008
-2.913	9.15263e-008
-2.912	9.42636e-008
-2.911	9.71466e-008
-2.91	1.00183e-007
-2.909	1.03379e-007
-2.908	1.06743e-007
-2.907	1.10281e-007
-2.906	1.14001e-007
-2.905	1.1791e-007
-2.904	1.22013e-007
-2.903	1.26319e-007
-2.902	1.30834e-007
-2.901	1.35564e-007
-2.9	1.40515e-007
-2.899	1.45694e-007
-2.898	1.51108e-007
-2.897	1.56761e-007
-2.896	1.62661e-007
-2.895	1.68812e-007
-2.894	1.7522e-007
-2.893	1.81891e-007
-2.892	1.88829e-007
-2.891	1.96041e-007
-2.89	2.03531e-007
-2.889	2.11304e-007
-2.888	2.19366e-007
-2.887	2.27719e-007
-2.886	2.36369e-007
-2.885	2.4532e-007
-2.884	2.54577e-007
-2.883	2.64143e-007
-2.882	2.74022e-007
-2.881	2.84218e-007
-2.88	2.94735e-007
-2.879	3.05575e-007
-2.878	3.16741e-007
-2.877	3.28237e-007
-2.876	3.40067e-007
-2.875	3.52229e-007
-2.874	3.6473e-007
-2.873	3.7757e-007
-2.872	3.9075e-007
-2.871	4.04274e-007
-2.87	4.18141e-007
-2.869	4.32353e-007
-2.868	4.46911e-007
-2.867	4.61815e-007
-2.866	4.77066e-007
-2.865	4.92663e-007
-2.864	5.08607e-007
-2.863	5.24898e-007
-2.862	5.41532e-007
-2.861	5.58512e-007
-2.86	5.75833e-007
-2.859	5.93496e-007
-2.858	6.11498e-007
-2.857	6.29836e-007
-2.856	6.48511e-007
-2.855	6.67516e-007
-2.854	6.86852e-007
-2.853	7.06514e-007
-2.852	7.26498e-007
-2.851	7.46804e-007
-2.85	7.67425e-007
-2.849	7.88359e-007
-2.848	8.09604e-007
-2.847	8.31155e-007
-2.846	8.53008e-007
-2.845	8.75161e-007
-2.844	8.97611e-007
-2.843	9.20355e-007
-2.842	9.4339e-007
-2.841	9.66713e-007
-2.84	9.90325e-007
-2.839	1.01422e-006
-2.838	1.03841e-006
-2.837	1.06288e-006
-2.836	1.08764e-006
-2.835	1.11269e-006
-2.834	1.13804e-006
-2.833	1.16369e-006
-2.832	1.18964e-006
-2.831	1.21591e-006
-2.83	1.24252e-006
-2.829	1.26946e-006
-2.828	1.29676e-006
-2.827	1.32443e-006
-2.826	1.3525e-006
-2.825	1.38098e-006
-2.824	1.40992e-006
-2.823	1.43934e-006
-2.822	1.46926e-006
-2.821	1.49975e-006
-2.82	1.53083e-006
-2.819	1.56256e-006
-2.818	1.595e-006
-2.817	1.62819e-006
-2.816	1.66222e-006
-2.815	1.69714e-006
-2.814	1.73304e-006
-2.813	1.77e-006
-2.812	1.80812e-006
-2.811	1.84748e-006
-2.81	1.88819e-006
-2.809	1.93037e-006
-2.808	1.97414e-006
-2.807	2.01961e-006
-2.806	2.06692e-006
-2.805	2.11621e-006
-2.804	2.16763e-006
-2.803	2.22132e-006
-2.802	2.27743e-006
-2.801	2.33615e-006
-2.8	2.39762e-006
-2.799	2.46203e-006
-2.798	2.52954e-006
-2.797	2.60035e-006
-2.796	2.67462e-006
-2.795	2.75254e-006
-2.794	2.83431e-006
-2.793	2.9201e-006
-2.792	3.01011e-006
-2.791	3.10451e-006
-2.79	3.20351e-006
-2.789	3.30728e-006
-2.788	3.41602e-006
-2.787	3.52989e-006
-2.786	3.64909e-006
-2.785	3.7738e-006
-2.784	3.90418e-006
-2.783	4.04042e-006
-2.782	4.18268e-006
-2.781	4.33112e-006
-2.78	4.48592e-006
-2.779	4.64723e-006
-2.778	4.81521e-006
-2.777	4.99001e-006
-2.776	5.17178e-006
-2.775	5.36066e-006
-2.774	5.5568e-006
-2.773	5.76032e-006
-2.772	5.97137e-006
-2.771	6.19008e-006
-2.77	6.41657e-006
-2.769	6.65095e-006
-2.768	6.89335e-006
-2.767	7.14388e-006
-2.766	7.40262e-006
-2.765	7.66972e-006
-2.764	7.94526e-006
-2.763	8.22931e-006
-2.762	8.52198e-006
-2.761	8.82336e-006
-2.76	9.13351e-006
-2.759	9.4525e-006
-2.758	9.78041e-006
-2.757	1.01173e-005
-2.756	1.04632e-005
-2.755	1.08182e-005
-2.754	1.11824e-005
-2.753	1.15556e-005
-2.752	1.19381e-005
-2.751	1.23298e-005
-2.75	1.27307e-005
-2.749	1.31409e-005
-2.748	1.35604e-005
-2.747	1.39891e-005
-2.746	1.4427e-005
-2.745	1.48742e-005
-2.744	1.53306e-005
-2.743	1.57962e-005
-2.742	1.6271e-005
-2.741	1.6755e-005
-2.74	1.7248e-005
-2.739	1.77501e-005
-2.738	1.82612e-005
-2.737	1.87813e-005
-2.736	1.93104e-005
-2.735	1.98483e-005
-2.734	2.03951e-005
-2.733	2.09506e-005
-2.732	2.15149e-005
-2.731	2.20879e-005
-2.73	2.26695e-005
-2.729	2.32598e-005
-2.728	2.38587e-005
-2.727	2.44663e-005
-2.726	2.50824e-005
-2.725	2.57072e-005
-2.724	2.63407e-005
-2.723	2.69829e-005
-2.722	2.76339e-005
-2.721	2.82938e-005
-2.72	2.89629e-005
-2.719	2.96411e-005
-2.718	3.03288e-005
-2.717	3.10263e-005
-2.716	3.17337e-005
-2.715	3.24516e-005
-2.714	3.31802e-005
-2.713	3.392e-005
-2.712	3.46716e-005
-2.711	3.54357e-005
-2.71	3.62128e-005
-2.709	3.70038e-005
-2.708	3.78096e-005
-2.707	3.8631e-005
-2.706	3.94692e-005
-2.705	4.03254e-005
-2.704	4.12008e-005
-2.703	4.20968e-005
-2.702	4.30149e-005
-2.701	4.3957e-005
-2.7	4.49247e-005
-2.699	4.592e-005
-2.698	4.6945e-005
-2.697	4.8002e-005
-2.696	4.90932e-005
-2.695	5.02215e-005
-2.694	5.13893e-005
-2.693	5.25995e-005
-2.692	5.38552e-005
-2.691	5.51596e-005
-2.69	5.65158e-005
-2.689	5.79274e-005
-2.688	5.93979e-005
-2.687	6.09313e-005
-2.686	6.25309e-005
-2.685	6.4201e-005
-2.684	6.59455e-005
-2.683	6.77686e-005
-2.682	6.96744e-005
-2.681	7.16673e-005
-2.68	7.37513e-005
-2.679	7.59312e-005
-2.678	7.82111e-005
-2.677	8.05954e-005
-2.676	8.30885e-005
-2.675	8.5695e-005
-2.674	8.8419e-005
-2.673	9.12652e-005
-2.672	9.42375e-005
-2.671	9.73405e-005
-2.67	0.000100578
-2.669	0.000103955
-2.668	0.000107475
-2.667	0.000111142
-2.666	0.00011496
-2.665	0.000118934
-2.664	0.000123066
-2.663	0.00012736
-2.662	0.000131821
-2.661	0.000136452
-2.66	0.000141255
-2.659	0.000146235
-2.658	0.000151395
-2.657	0.000156739
-2.656	0.000162268
-2.655	0.000167986
-2.654	0.000173896
-2.653	0.00018
-2.652	0.000186302
-2.651	0.000192804
-2.65	0.000199507
-2.649	0.000206416
-2.648	0.000213531
-2.647	0.000220855
-2.646	0.000228389
-2.645	0.000236136
-2.644	0.000244097
-2.643	0.000252274
-2.642	0.000260668
-2.641	0.000269281
-2.64	0.000278114
-2.639	0.000287167
-2.638	0.000296441
-2.637	0.000305939
-2.636	0.00031555
-2.635	0.000325147
-2.634	0.000334714
-2.633	0.000344239
-2.632	0.000353708
-2.631	0.000363108
-2.63	0.000372429
-2.629	0.000381659
-2.628	0.000390788
-2.627	0.000399807
-2.626	0.000408707
-2.625	0.000417479
-2.624	0.000426116
-2.623	0.00043461
-2.622	0.000442953
-2.621	0.000451139
-2.62	0.000459161
-2.619	0.000467013
-2.618	0.000474689
-2.617	0.000482184
-2.616	0.000489492
-2.615	0.000496608
-2.614	0.000503528
-2.613	0.000510246
-2.612	0.000516759
-2.611	0.000523063
-2.61	0.000529154
-2.609	0.000535028
-2.608	0.000540682
-2.607	0.000546113
-2.606	0.000551319
-2.605	0.000556297
-2.604	0.000561044
-2.603	0.000565559
-2.602	0.00056984
-2.601	0.000573885
-2.6	0.000577694
-2.599	0.000581265
-2.598	0.000584597
-2.597	0.000587689
-2.596	0.000590543
-2.595	0.000593157
-2.594	0.000595532
-2.593	0.000597669
-2.592	0.000599568
-2.591	0.000601231
-2.59	0.000602659
-2.589	0.000603854
-2.588	0.000604818
-2.587	0.000605554
-2.586	0.000606063
-2.585	0.000606349
-2.584	0.000606416
-2.583	0.000606266
-2.582	0.000605904
-2.581	0.000605335
-2.58	0.000604562
-2.579	0.000603592
-2.578	0.000602428
-2.577	0.000601078
-2.576	0.000599546
-2.575	0.000597841
-2.574	0.000595969
-2.573	0.000593937
-2.572	0.000591753
-2.571	0.000589424
-2.57	0.00058696
-2.569	0.00058437
-2.568	0.000581664
-2.567	0.00057885
-2.566	0.00057594
-2.565	0.000572944
-2.564	0.000569874
-2.563	0.000566742
-2.562	0.000563558
-2.561	0.000560337
-2.56	0.000557091
-2.559	0.000553834
-2.558	0.000550579
-2.557	0.000547342
-2.556	0.000544136
-2.555	0.000540977
-2.554	0.000537879
-2.553	0.000534859
-2.552	0.000531931
-2.551	0.000529113
-2.55	0.00052642
-2.549	0.000523867
-2.548	0.000521472
-2.547	0.000519249
-2.546	0.000517215
-2.545	0.000515385
-2.544	0.000513773
-2.543	0.000512395
-2.542	0.000511264
-2.541	0.000510394
-2.54	0.000509796
-2.539	0.000509482
-2.538	0.000509462
-2.537	0.000509747
-2.536	0.000510344
-2.535	0.000511259
-2.534	0.000512499
-2.533	0.000514068
-2.532	0.000515969
-2.531	0.000518204
-2.53	0.000520773
-2.529	0.000523674
-2.528	0.000526906
-2.527	0.000530464
-2.526	0.000534344
-2.525	0.000538538
-2.524	0.000543041
-2.523	0.000547844
-2.522	0.000552937
-2.521	0.000558311
-2.52	0.000563954
-2.519	0.000569855
-2.518	0.000576002
-2.517	0.000582384
-2.516	0.000588986
-2.515	0.000595795
-2.514	0.000602799
-2.513	0.000609983
-2.512	0.000617334
-2.511	0.000624838
-2.51	0.000632481
-2.509	0.00064025
-2.508	0.000648131
-2.507	0.00065611
-2.506	0.000664175
-2.505	0.000672311
-2.504	0.000680507
-2.503	0.00068875
-2.502	0.000697027
-2.501	0.000705326
-2.5	0.000713636
-2.499	0.000721945
-2.498	0.000730242
-2.497	0.000738517
-2.496	0.000746758
-2.495	0.000754956
-2.494	0.000763102
-2.493	0.000771184
-2.492	0.000779195
-2.491	0.000787126
-2.49	0.000794967
-2.489	0.000802712
-2.488	0.000810352
-2.487	0.00081788
-2.486	0.000825289
-2.485	0.000832572
-2.484	0.000839723
-2.483	0.000846735
-2.482	0.000853604
-2.481	0.000860324
-2.48	0.00086689
-2.479	0.000873297
-2.478	0.00087954
-2.477	0.000885616
-2.476	0.000891522
-2.475	0.000897253
-2.474	0.000902807
-2.473	0.000908181
-2.472	0.000913373
-2.471	0.000918381
-2.47	0.000923203
-2.469	0.000927839
-2.468	0.000932287
-2.467	0.000936547
-2.466	0.000940617
-2.465	0.000944499
-2.464	0.000948193
-2.463	0.0009517
-2.462	0.000955022
-2.461	0.000958158
-2.46	0.000961112
-2.459	0.000963884
-2.458	0.00096648
-2.457	0.0009689
-2.456	0.000971148
-2.455	0.000973228
-2.454	0.000975144
-2.453	0.0009769
-2.452	0.000978501
-2.451	0.000979952
-2.45	0.000981257
-2.449	0.000982423
-2.448	0.000983456
-2.447	0.000984363
-2.446	0.00098515
-2.445	0.000985822
-2.444	0.000986388
-2.443	0.000986858
-2.442	0.000987236
-2.441	0.000987531
-2.44	0.000987753
-2.439	0.000987909
-2.438	0.00098801
-2.437	0.000988064
-2.436	0.00098808
-2.435	0.000988068
-2.434	0.00098804
-2.433	0.000988001
-2.432	0.000987966
-2.431	0.000987943
-2.43	0.000987943
-2.429	0.000987977
-2.428	0.000988053
-2.427	0.000988185
-2.426	0.00098838
-2.425	0.00098865
-2.424	0.000989008
-2.423	0.000989459
-2.422	0.000990017
-2.421	0.00099069
-2.42	0.00099149
-2.419	0.000992425
-2.418	0.000993503
-2.417	0.000994735
-2.416	0.000996129
-2.415	0.000997693
-2.414	0.000999434
-2.413	0.00100136
-2.412	0.00100348
-2.411	0.0010058
-2.41	0.00100832
-2.409	0.00101104
-2.408	0.00101399
-2.407	0.00101715
-2.406	0.00102053
-2.405	0.00102414
-2.404	0.00102797
-2.403	0.00103203
-2.402	0.00103632
-2.401	0.00104084
-2.4	0.00104559
-2.399	0.00105056
-2.398	0.00105577
-2.397	0.00106119
-2.396	0.00106684
-2.395	0.0010727
-2.394	0.00107878
-2.393	0.00108507
-2.392	0.00109156
-2.391	0.00109825
-2.39	0.00110514
-2.389	0.00111221
-2.388	0.00111946
-2.387	0.00112688
-2.386	0.00113447
-2.385	0.00114222
-2.384	0.00115011
-2.383	0.00115815
-2.382	0.00116631
-2.381	0.00117461
-2.38	0.00118301
-2.379	0.00119153
-2.378	0.00120013
-2.377	0.00120883
-2.376	0.0012176
-2.375	0.00122644
-2.374	0.00123535
-2.373	0.0012443
-2.372	0.00125329
-2.371	0.00126231
-2.37	0.00127136
-2.369	0.00128042
-2.368	0.00128948
-2.367	0.00129854
-2.366	0.00130758
-2.365	0.00131661
-2.364	0.0013256
-2.363	0.00133455
-2.362	0.00134346
-2.361	0.00135232
-2.36	0.00136111
-2.359	0.00136983
-2.358	0.00137848
-2.357	0.00138705
-2.356	0.00139552
-2.355	0.00140391
-2.354	0.00141219
-2.353	0.00142036
-2.352	0.00142843
-2.351	0.00143637
-2.35	0.00144419
-2.349	0.00145189
-2.348	0.00145946
-2.347	0.00146689
-2.346	0.00147418
-2.345	0.00148134
-2.344	0.00148834
-2.343	0.00149521
-2.342	0.00150192
-2.341	0.00150848
-2.34	0.0015149
-2.339	0.00152115
-2.338	0.00152726
-2.337	0.00153321
-2.336	0.00153901
-2.335	0.00154465
-2.334	0.00155014
-2.333	0.00155547
-2.332	0.00156066
-2.331	0.00156569
-2.33	0.00157058
-2.329	0.00157532
-2.328	0.00157992
-2.327	0.00158437
-2.326	0.00158869
-2.325	0.00159288
-2.324	0.00159694
-2.323	0.00160087
-2.322	0.00160468
-2.321	0.00160838
-2.32	0.00161197
-2.319	0.00161545
-2.318	0.00161883
-2.317	0.00162211
-2.316	0.00162531
-2.315	0.00162843
-2.314	0.00163148
-2.313	0.00163445
-2.312	0.00163737
-2.311	0.00164023
-2.31	0.00164305
-2.309	0.00164583
-2.308	0.00164858
-2.307	0.00165131
-2.306	0.00165403
-2.305	0.00165674
-2.304	0.00165945
-2.303	0.00166217
-2.302	0.00166491
-2.301	0.00166769
-2.3	0.00167049
-2.299	0.00167335
-2.298	0.00167625
-2.297	0.00167922
-2.296	0.00168225
-2.295	0.00168537
-2.294	0.00168857
-2.293	0.00169186
-2.292	0.00169526
-2.291	0.00169877
-2.29	0.00170239
-2.289	0.00170613
-2.288	0.00171001
-2.287	0.00171402
-2.286	0.00171818
-2.285	0.00172248
-2.284	0.00172694
-2.283	0.00173156
-2.282	0.00173634
-2.281	0.0017413
-2.28	0.00174642
-2.279	0.00175172
-2.278	0.00175721
-2.277	0.00176287
-2.276	0.00176873
-2.275	0.00177476
-2.274	0.00178099
-2.273	0.00178741
-2.272	0.00179402
-2.271	0.00180082
-2.27	0.00180781
-2.269	0.00181499
-2.268	0.00182236
-2.267	0.00182991
-2.266	0.00183765
-2.265	0.00184557
-2.264	0.00185367
-2.263	0.00186195
-2.262	0.0018704
-2.261	0.00187902
-2.26	0.00188781
-2.259	0.00189675
-2.258	0.00190585
-2.257	0.00191509
-2.256	0.00192448
-2.255	0.00193401
-2.254	0.00194367
-2.253	0.00195346
-2.252	0.00196336
-2.251	0.00197337
-2.25	0.00198349
-2.249	0.00199371
-2.248	0.00200401
-2.247	0.0020144
-2.246	0.00202487
-2.245	0.0020354
-2.244	0.002046
-2.243	0.00205664
-2.242	0.00206734
-2.241	0.00207806
-2.24	0.00208882
-2.239	0.0020996
-2.238	0.0021104
-2.237	0.0021212
-2.236	0.00213201
-2.235	0.0021428
-2.234	0.00215358
-2.233	0.00216434
-2.232	0.00217507
-2.231	0.00218577
-2.23	0.00219643
-2.229	0.00220703
-2.228	0.00221759
-2.227	0.00222808
-2.226	0.0022385
-2.225	0.00224886
-2.224	0.00225914
-2.223	0.00226933
-2.222	0.00227944
-2.221	0.00228946
-2.22	0.00229938
-2.219	0.0023092
-2.218	0.00231892
-2.217	0.00232854
-2.216	0.00233804
-2.215	0.00234743
-2.214	0.0023567
-2.213	0.00236586
-2.212	0.0023749
-2.211	0.00238382
-2.21	0.00239261
-2.209	0.00240128
-2.208	0.00240983
-2.207	0.00241825
-2.206	0.00242654
-2.205	0.00243472
-2.204	0.00244276
-2.203	0.00245069
-2.202	0.00245849
-2.201	0.00246618
-2.2	0.00247374
-2.199	0.00248119
-2.198	0.00248852
-2.197	0.00249575
-2.196	0.00250286
-2.195	0.00250987
-2.194	0.00251678
-2.193	0.00252358
-2.192	0.0025303
-2.191	0.00253692
-2.19	0.00254346
-2.189	0.00254992
-2.188	0.0025563
-2.187	0.00256262
-2.186	0.00256887
-2.185	0.00257505
-2.184	0.00258119
-2.183	0.00258728
-2.182	0.00259333
-2.181	0.00259934
-2.18	0.00260532
-2.179	0.00261128
-2.178	0.00261723
-2.177	0.00262316
-2.176	0.0026291
-2.175	0.00263504
-2.174	0.00264099
-2.173	0.00264696
-2.172	0.00265295
-2.171	0.00265898
-2.17	0.00266504
-2.169	0.00267116
-2.168	0.00267732
-2.167	0.00268355
-2.166	0.00268984
-2.165	0.0026962
-2.164	0.00270264
-2.163	0.00270917
-2.162	0.00271579
-2.161	0.00272251
-2.16	0.00272933
-2.159	0.00273625
-2.158	0.0027433
-2.157	0.00275046
-2.156	0.00275774
-2.155	0.00276516
-2.154	0.0027727
-2.153	0.00278039
-2.152	0.00278821
-2.151	0.00279618
-2.15	0.0028043
-2.149	0.00281257
-2.148	0.00282099
-2.147	0.00282957
-2.146	0.0028383
-2.145	0.00284719
-2.144	0.00285624
-2.143	0.00286546
-2.142	0.00287483
-2.141	0.00288437
-2.14	0.00289407
-2.139	0.00290393
-2.138	0.00291395
-2.137	0.00292413
-2.136	0.00293447
-2.135	0.00294496
-2.134	0.00295561
-2.133	0.00296641
-2.132	0.00297736
-2.131	0.00298845
-2.13	0.00299969
-2.129	0.00301107
-2.128	0.00302259
-2.127	0.00303423
-2.126	0.00304601
-2.125	0.00305791
-2.124	0.00306992
-2.123	0.00308205
-2.122	0.00309429
-2.121	0.00310664
-2.12	0.00311908
-2.119	0.00313161
-2.118	0.00314424
-2.117	0.00315694
-2.116	0.00316972
-2.115	0.00318257
-2.114	0.00319548
-2.113	0.00320846
-2.112	0.00322148
-2.111	0.00323455
-2.11	0.00324766
-2.109	0.00326081
-2.108	0.00327398
-2.107	0.00328718
-2.106	0.0033004
-2.105	0.00331362
-2.104	0.00332685
-2.103	0.00334008
-2.102	0.0033533
-2.101	0.00336651
-2.1	0.0033797
-2.099	0.00339288
-2.098	0.00340602
-2.097	0.00341913
-2.096	0.0034322
-2.095	0.00344524
-2.094	0.00345823
-2.093	0.00347117
-2.092	0.00348405
-2.091	0.00349688
-2.09	0.00350965
-2.089	0.00352235
-2.088	0.00353499
-2.087	0.00354755
-2.086	0.00356005
-2.085	0.00357247
-2.084	0.00358481
-2.083	0.00359707
-2.082	0.00360925
-2.081	0.00362135
-2.08	0.00363336
-2.079	0.0036453
-2.078	0.00365714
-2.077	0.00366891
-2.076	0.00368058
-2.075	0.00369218
-2.074	0.00370368
-2.073	0.00371511
-2.072	0.00372645
-2.071	0.00373772
-2.07	0.00374889
-2.069	0.00376
-2.068	0.00377102
-2.067	0.00378197
-2.066	0.00379285
-2.065	0.00380366
-2.064	0.0038144
-2.063	0.00382508
-2.062	0.0038357
-2.061	0.00384626
-2.06	0.00385677
-2.059	0.00386723
-2.058	0.00387765
-2.057	0.00388802
-2.056	0.00389835
-2.055	0.00390865
-2.054	0.00391892
-2.053	0.00392917
-2.052	0.0039394
-2.051	0.00394961
-2.05	0.00395982
-2.049	0.00397002
-2.048	0.00398022
-2.047	0.00399042
-2.046	0.00400064
-2.045	0.00401088
-2.044	0.00402113
-2.043	0.00403141
-2.042	0.00404173
-2.041	0.00405208
-2.04	0.00406247
-2.039	0.00407291
-2.038	0.0040834
-2.037	0.00409395
-2.036	0.00410457
-2.035	0.00411525
-2.034	0.004126
-2.033	0.00413682
-2.032	0.00414773
-2.031	0.00415873
-2.03	0.00416981
-2.029	0.00418099
-2.028	0.00419227
-2.027	0.00420364
-2.026	0.00421513
-2.025	0.00422671
-2.024	0.00423842
-2.023	0.00425023
-2.022	0.00426217
-2.021	0.00427422
-2.02	0.00428639
-2.019	0.0042987
-2.018	0.00431112
-2.017	0.00432368
-2.016	0.00433636
-2.015	0.00434918
-2.014	0.00436212
-2.013	0.0043752
-2.012	0.00438842
-2.011	0.00440176
-2.01	0.00441524
-2.009	0.00442885
-2.008	0.0044426
-2.007	0.00445647
-2.006	0.00447048
-2.005	0.00448462
-2.004	0.00449889
-2.003	0.00451328
-2.002	0.0045278
-2.001	0.00454244
-2	0.0045572
-1.999	0.00457209
-1.998	0.00458708
-1.997	0.0046022
-1.996	0.00461742
-1.995	0.00463276
-1.994	0.00464819
-1.993	0.00466373
-1.992	0.00467937
-1.991	0.0046951
-1.99	0.00471093
-1.989	0.00472683
-1.988	0.00474283
-1.987	0.00475891
-1.986	0.00477506
-1.985	0.00479127
-1.984	0.00480756
-1.983	0.00482392
-1.982	0.00484033
-1.981	0.0048568
-1.98	0.00487332
-1.979	0.00488988
-1.978	0.00490649
-1.977	0.00492313
-1.976	0.00493981
-1.975	0.00495653
-1.974	0.00497326
-1.973	0.00499002
-1.972	0.0050068
-1.971	0.0050236
-1.97	0.0050404
-1.969	0.00505721
-1.968	0.00507403
-1.967	0.00509085
-1.966	0.00510766
-1.965	0.00512448
-1.964	0.00514127
-1.963	0.00515806
-1.962	0.00517484
-1.961	0.0051916
-1.96	0.00520834
-1.959	0.00522505
-1.958	0.00524175
-1.957	0.00525841
-1.956	0.00527505
-1.955	0.00529167
-1.954	0.00530824
-1.953	0.00532479
-1.952	0.00534131
-1.951	0.00535779
-1.95	0.00537424
-1.949	0.00539065
-1.948	0.00540703
-1.947	0.00542337
-1.946	0.00543968
-1.945	0.00545595
-1.944	0.00547218
-1.943	0.00548839
-1.942	0.00550455
-1.941	0.00552069
-1.94	0.00553679
-1.939	0.00555286
-1.938	0.0055689
-1.937	0.00558492
-1.936	0.00560091
-1.935	0.00561687
-1.934	0.00563282
-1.933	0.00564874
-1.932	0.00566464
-1.931	0.00568053
-1.93	0.00569641
-1.929	0.00571228
-1.928	0.00572814
-1.927	0.00574399
-1.926	0.00575984
-1.925	0.00577569
-1.924	0.00579155
-1.923	0.00580742
-1.922	0.00582329
-1.921	0.00583918
-1.92	0.00585509
-1.919	0.00587102
-1.918	0.00588698
-1.917	0.00590296
-1.916	0.00591897
-1.915	0.00593502
-1.914	0.00595111
-1.913	0.00596724
-1.912	0.00598341
-1.911	0.00599963
-1.91	0.00601591
-1.909	0.00603224
-1.908	0.00604863
-1.907	0.00606509
-1.906	0.0060816
-1.905	0.00609819
-1.904	0.00611485
-1.903	0.00613158
-1.902	0.0061484
-1.901	0.00616529
-1.9	0.00618227
-1.899	0.00619933
-1.898	0.00621648
-1.897	0.00623372
-1.896	0.00625106
-1.895	0.00626849
-1.894	0.00628602
-1.893	0.00630365
-1.892	0.00632139
-1.891	0.00633922
-1.89	0.00635716
-1.889	0.00637521
-1.888	0.00639337
-1.887	0.00641163
-1.886	0.00643
-1.885	0.00644849
-1.884	0.00646708
-1.883	0.00648579
-1.882	0.0065046
-1.881	0.00652354
-1.88	0.00654258
-1.879	0.00656173
-1.878	0.006581
-1.877	0.00660038
-1.876	0.00661987
-1.875	0.00663947
-1.874	0.00665918
-1.873	0.006679
-1.872	0.00669894
-1.871	0.00671897
-1.87	0.00673911
-1.869	0.00675935
-1.868	0.0067797
-1.867	0.00680015
-1.866	0.0068207
-1.865	0.00684134
-1.864	0.00686208
-1.863	0.00688292
-1.862	0.00690384
-1.861	0.00692486
-1.86	0.00694597
-1.859	0.00696716
-1.858	0.00698843
-1.857	0.00700979
-1.856	0.00703122
-1.855	0.00705273
-1.854	0.00707432
-1.853	0.00709597
-1.852	0.0071177
-1.851	0.00713949
-1.85	0.00716135
-1.849	0.00718326
-1.848	0.00720524
-1.847	0.00722727
-1.846	0.00724936
-1.845	0.0072715
-1.844	0.00729369
-1.843	0.00731593
-1.842	0.00733821
-1.841	0.00736054
-1.84	0.0073829
-1.839	0.00740531
-1.838	0.00742775
-1.837	0.00745023
-1.836	0.00747274
-1.835	0.00749529
-1.834	0.00751786
-1.833	0.00754046
-1.832	0.00756308
-1.831	0.00758574
-1.83	0.00760842
-1.829	0.00763112
-1.828	0.00765384
-1.827	0.00767658
-1.826	0.00769934
-1.825	0.00772213
-1.824	0.00774493
-1.823	0.00776775
-1.822	0.00779058
-1.821	0.00781343
-1.82	0.00783629
-1.819	0.00785917
-1.818	0.00788207
-1.817	0.00790499
-1.816	0.00792792
-1.815	0.00795087
-1.814	0.00797384
-1.813	0.00799682
-1.812	0.00801982
-1.811	0.00804284
-1.81	0.00806589
-1.809	0.00808895
-1.808	0.00811203
-1.807	0.00813513
-1.806	0.00815826
-1.805	0.00818142
-1.804	0.00820461
-1.803	0.00822781
-1.802	0.00825104
-1.801	0.00827432
-1.8	0.00829762
-1.799	0.00832096
-1.798	0.00834433
-1.797	0.00836774
-1.796	0.00839119
-1.795	0.00841468
-1.794	0.00843822
-1.793	0.0084618
-1.792	0.00848542
-1.791	0.00850911
-1.79	0.00853283
-1.789	0.00855661
-1.788	0.00858045
-1.787	0.00860435
-1.786	0.00862831
-1.785	0.00865232
-1.784	0.0086764
-1.783	0.00870055
-1.782	0.00872477
-1.781	0.00874906
-1.78	0.00877342
-1.779	0.00879785
-1.778	0.00882236
-1.777	0.00884695
-1.776	0.00887162
-1.775	0.00889637
-1.774	0.00892121
-1.773	0.00894613
-1.772	0.00897114
-1.771	0.00899624
-1.77	0.00902142
-1.769	0.0090467
-1.768	0.00907208
-1.767	0.00909755
-1.766	0.00912312
-1.765	0.00914879
-1.764	0.00917455
-1.763	0.00920041
-1.762	0.00922638
-1.761	0.00925245
-1.76	0.00927862
-1.759	0.00930489
-1.758	0.00933126
-1.757	0.00935775
-1.756	0.00938434
-1.755	0.00941104
-1.754	0.00943785
-1.753	0.00946476
-1.752	0.00949178
-1.751	0.0095189
-1.75	0.00954614
-1.749	0.00957348
-1.748	0.00960093
-1.747	0.00962849
-1.746	0.00965616
-1.745	0.00968393
-1.744	0.0097118
-1.743	0.00973979
-1.742	0.00976788
-1.741	0.00979607
-1.74	0.00982438
-1.739	0.00985277
-1.738	0.00988128
-1.737	0.0099099
-1.736	0.00993861
-1.735	0.00996742
-1.734	0.00999634
-1.733	0.0100254
-1.732	0.0100545
-1.731	0.0100837
-1.73	0.010113
-1.729	0.0101424
-1.728	0.0101719
-1.727	0.0102015
-1.726	0.0102311
-1.725	0.0102609
-1.724	0.0102908
-1.723	0.0103207
-1.722	0.0103508
-1.721	0.0103809
-1.72	0.0104111
-1.719	0.0104414
-1.718	0.0104718
-1.717	0.0105022
-1.716	0.0105327
-1.715	0.0105634
-1.714	0.0105941
-1.713	0.0106248
-1.712	0.0106557
-1.711	0.0106866
-1.71	0.0107176
-1.709	0.0107487
-1.708	0.0107798
-1.707	0.0108111
-1.706	0.0108424
-1.705	0.0108737
-1.704	0.0109051
-1.703	0.0109367
-1.702	0.0109682
-1.701	0.0109999
-1.7	0.0110316
-1.699	0.0110634
-1.698	0.0110952
-1.697	0.0111271
-1.696	0.0111591
-1.695	0.0111911
-1.694	0.0112232
-1.693	0.0112554
-1.692	0.0112877
-1.691	0.01132
-1.69	0.0113524
-1.689	0.0113848
-1.688	0.0114173
-1.687	0.0114499
-1.686	0.0114826
-1.685	0.0115153
-1.684	0.0115481
-1.683	0.0115809
-1.682	0.0116138
-1.681	0.0116468
-1.68	0.0116799
-1.679	0.011713
-1.678	0.0117463
-1.677	0.0117795
-1.676	0.0118129
-1.675	0.0118463
-1.674	0.0118798
-1.673	0.0119134
-1.672	0.0119471
-1.671	0.0119808
-1.67	0.0120147
-1.669	0.0120486
-1.668	0.0120826
-1.667	0.0121166
-1.666	0.0121508
-1.665	0.012185
-1.664	0.0122194
-1.663	0.0122538
-1.662	0.0122883
-1.661	0.0123229
-1.66	0.0123576
-1.659	0.0123923
-1.658	0.0124272
-1.657	0.0124622
-1.656	0.0124973
-1.655	0.0125324
-1.654	0.0125677
-1.653	0.012603
-1.652	0.0126385
-1.651	0.0126741
-1.65	0.0127097
-1.649	0.0127455
-1.648	0.0127814
-1.647	0.0128174
-1.646	0.0128535
-1.645	0.0128897
-1.644	0.012926
-1.643	0.0129624
-1.642	0.012999
-1.641	0.0130356
-1.64	0.0130724
-1.639	0.0131093
-1.638	0.0131463
-1.637	0.0131834
-1.636	0.0132206
-1.635	0.013258
-1.634	0.0132954
-1.633	0.013333
-1.632	0.0133707
-1.631	0.0134085
-1.63	0.0134465
-1.629	0.0134846
-1.628	0.0135227
-1.627	0.0135611
-1.626	0.0135995
-1.625	0.0136381
-1.624	0.0136767
-1.623	0.0137155
-1.622	0.0137545
-1.621	0.0137935
-1.62	0.0138327
-1.619	0.013872
-1.618	0.0139114
-1.617	0.013951
-1.616	0.0139907
-1.615	0.0140305
-1.614	0.0140704
-1.613	0.0141104
-1.612	0.0141506
-1.611	0.0141909
-1.61	0.0142313
-1.609	0.0142719
-1.608	0.0143126
-1.607	0.0143534
-1.606	0.0143943
-1.605	0.0144353
-1.604	0.0144765
-1.603	0.0145178
-1.602	0.0145592
-1.601	0.0146007
-1.6	0.0146424
-1.599	0.0146842
-1.598	0.0147261
-1.597	0.0147681
-1.596	0.0148102
-1.595	0.0148525
-1.594	0.0148949
-1.593	0.0149374
-1.592	0.01498
-1.591	0.0150228
-1.59	0.0150656
-1.589	0.0151086
-1.588	0.0151517
-1.587	0.0151949
-1.586	0.0152383
-1.585	0.0152817
-1.584	0.0153253
-1.583	0.015369
-1.582	0.0154128
-1.581	0.0154568
-1.58	0.0155008
-1.579	0.015545
-1.578	0.0155893
-1.577	0.0156336
-1.576	0.0156782
-1.575	0.0157228
-1.574	0.0157676
-1.573	0.0158124
-1.572	0.0158574
-1.571	0.0159025
-1.57	0.0159477
-1.569	0.0159931
-1.568	0.0160385
-1.567	0.0160841
-1.566	0.0161298
-1.565	0.0161756
-1.564	0.0162215
-1.563	0.0162676
-1.562	0.0163138
-1.561	0.0163601
-1.56	0.0164065
-1.559	0.016453
-1.558	0.0164997
-1.557	0.0165464
-1.556	0.0165933
-1.555	0.0166404
-1.554	0.0166875
-1.553	0.0167348
-1.552	0.0167822
-1.551	0.0168297
-1.55	0.0168773
-1.549	0.0169251
-1.548	0.016973
-1.547	0.017021
-1.546	0.0170692
-1.545	0.0171174
-1.544	0.0171659
-1.543	0.0172144
-1.542	0.0172631
-1.541	0.0173119
-1.54	0.0173608
-1.539	0.0174099
-1.538	0.0174591
-1.537	0.0175084
-1.536	0.0175579
-1.535	0.0176075
-1.534	0.0176572
-1.533	0.0177071
-1.532	0.0177571
-1.531	0.0178073
-1.53	0.0178576
-1.529	0.0179081
-1.528	0.0179587
-1.527	0.0180094
-1.526	0.0180603
-1.525	0.0181113
-1.524	0.0181624
-1.523	0.0182138
-1.522	0.0182652
-1.521	0.0183168
-1.52	0.0183686
-1.519	0.0184205
-1.518	0.0184725
-1.517	0.0185248
-1.516	0.0185771
-1.515	0.0186296
-1.514	0.0186823
-1.513	0.0187351
-1.512	0.0187881
-1.511	0.0188412
-1.51	0.0188945
-1.509	0.0189479
-1.508	0.0190015
-1.507	0.0190552
-1.506	0.0191091
-1.505	0.0191632
-1.504	0.0192174
-1.503	0.0192718
-1.502	0.0193263
-1.501	0.019381
-1.5	0.0194359
-1.499	0.0194909
-1.498	0.0195461
-1.497	0.0196015
-1.496	0.019657
-1.495	0.0197127
-1.494	0.0197685
-1.493	0.0198245
-1.492	0.0198807
-1.491	0.019937
-1.49	0.0199935
-1.489	0.0200501
-1.488	0.020107
-1.487	0.0201639
-1.486	0.0202211
-1.485	0.0202784
-1.484	0.0203359
-1.483	0.0203936
-1.482	0.0204514
-1.481	0.0205094
-1.48	0.0205675
-1.479	0.0206259
-1.478	0.0206844
-1.477	0.020743
-1.476	0.0208018
-1.475	0.0208608
-1.474	0.02092
-1.473	0.0209793
-1.472	0.0210388
-1.471	0.0210985
-1.47	0.0211583
-1.469	0.0212184
-1.468	0.0212786
-1.467	0.0213389
-1.466	0.0213994
-1.465	0.0214601
-1.464	0.021521
-1.463	0.021582
-1.462	0.0216432
-1.461	0.0217046
-1.46	0.0217662
-1.459	0.0218279
-1.458	0.0218898
-1.457	0.0219518
-1.456	0.0220141
-1.455	0.0220765
-1.454	0.0221391
-1.453	0.0222019
-1.452	0.0222648
-1.451	0.0223279
-1.45	0.0223912
-1.449	0.0224547
-1.448	0.0225183
-1.447	0.0225821
-1.446	0.0226461
-1.445	0.0227103
-1.444	0.0227746
-1.443	0.0228391
-1.442	0.0229038
-1.441	0.0229687
-1.44	0.0230338
-1.439	0.023099
-1.438	0.0231645
-1.437	0.0232301
-1.436	0.0232958
-1.435	0.0233618
-1.434	0.0234279
-1.433	0.0234943
-1.432	0.0235608
-1.431	0.0236275
-1.43	0.0236944
-1.429	0.0237615
-1.428	0.0238287
-1.427	0.0238962
-1.426	0.0239638
-1.425	0.0240316
-1.424	0.0240996
-1.423	0.0241678
-1.422	0.0242362
-1.421	0.0243048
-1.42	0.0243736
-1.419	0.0244425
-1.418	0.0245117
-1.417	0.0245811
-1.416	0.0246506
-1.415	0.0247203
-1.414	0.0247903
-1.413	0.0248604
-1.412	0.0249307
-1.411	0.0250013
-1.41	0.025072
-1.409	0.0251429
-1.408	0.025214
-1.407	0.0252854
-1.406	0.0253569
-1.405	0.0254286
-1.404	0.0255006
-1.403	0.0255727
-1.402	0.025645
-1.401	0.0257176
-1.4	0.0257903
-1.399	0.0258633
-1.398	0.0259365
-1.397	0.0260098
-1.396	0.0260834
-1.395	0.0261572
-1.394	0.0262312
-1.393	0.0263054
-1.392	0.0263798
-1.391	0.0264545
-1.39	0.0265293
-1.389	0.0266044
-1.388	0.0266797
-1.387	0.0267551
-1.386	0.0268309
-1.385	0.0269068
-1.384	0.0269829
-1.383	0.0270593
-1.382	0.0271358
-1.381	0.0272126
-1.38	0.0272897
-1.379	0.0273669
-1.378	0.0274443
-1.377	0.027522
-1.376	0.0275999
-1.375	0.027678
-1.374	0.0277564
-1.373	0.027835
-1.372	0.0279137
-1.371	0.0279927
-1.37	0.028072
-1.369	0.0281515
-1.368	0.0282312
-1.367	0.0283111
-1.366	0.0283912
-1.365	0.0284716
-1.364	0.0285522
-1.363	0.0286331
-1.362	0.0287142
-1.361	0.0287955
-1.36	0.028877
-1.359	0.0289588
-1.358	0.0290407
-1.357	0.029123
-1.356	0.0292055
-1.355	0.0292881
-1.354	0.0293711
-1.353	0.0294543
-1.352	0.0295376
-1.351	0.0296213
-1.35	0.0297052
-1.349	0.0297893
-1.348	0.0298737
-1.347	0.0299583
-1.346	0.0300431
-1.345	0.0301282
-1.344	0.0302135
-1.343	0.030299
-1.342	0.0303848
-1.341	0.0304709
-1.34	0.0305572
-1.339	0.0306437
-1.338	0.0307305
-1.337	0.0308175
-1.336	0.0309048
-1.335	0.0309923
-1.334	0.03108
-1.333	0.031168
-1.332	0.0312563
-1.331	0.0313448
-1.33	0.0314336
-1.329	0.0315226
-1.328	0.0316118
-1.327	0.0317013
-1.326	0.0317911
-1.325	0.0318811
-1.324	0.0319714
-1.323	0.0320619
-1.322	0.0321526
-1.321	0.0322437
-1.32	0.0323349
-1.319	0.0324265
-1.318	0.0325183
-1.317	0.0326104
-1.316	0.0327027
-1.315	0.0327952
-1.314	0.0328881
-1.313	0.0329812
-1.312	0.0330746
-1.311	0.0331682
-1.31	0.033262
-1.309	0.0333562
-1.308	0.0334506
-1.307	0.0335453
-1.306	0.0336402
-1.305	0.0337354
-1.304	0.0338309
-1.303	0.0339267
-1.302	0.0340227
-1.301	0.034119
-1.3	0.0342156
-1.299	0.0343124
-1.298	0.0344095
-1.297	0.0345069
-1.296	0.0346045
-1.295	0.0347025
-1.294	0.0348007
-1.293	0.0348992
-1.292	0.0349979
-1.291	0.035097
-1.29	0.0351963
-1.289	0.0352959
-1.288	0.0353958
-1.287	0.035496
-1.286	0.0355964
-1.285	0.0356972
-1.284	0.0357982
-1.283	0.0358995
-1.282	0.0360011
-1.281	0.036103
-1.28	0.0362052
-1.279	0.0363076
-1.278	0.0364104
-1.277	0.0365134
-1.276	0.0366167
-1.275	0.0367203
-1.274	0.0368243
-1.273	0.0369285
-1.272	0.037033
-1.271	0.0371378
-1.27	0.0372429
-1.269	0.0373483
-1.268	0.037454
-1.267	0.03756
-1.266	0.0376663
-1.265	0.0377729
-1.264	0.0378799
-1.263	0.0379871
-1.262	0.0380946
-1.261	0.0382024
-1.26	0.0383105
-1.259	0.038419
-1.258	0.0385277
-1.257	0.0386367
-1.256	0.0387461
-1.255	0.0388558
-1.254	0.0389658
-1.253	0.0390761
-1.252	0.0391867
-1.251	0.0392976
-1.25	0.0394089
-1.249	0.0395204
-1.248	0.0396323
-1.247	0.0397445
-1.246	0.039857
-1.245	0.0399698
-1.244	0.040083
-1.243	0.0401964
-1.242	0.0403102
-1.241	0.0404243
-1.24	0.0405388
-1.239	0.0406535
-1.238	0.0407686
-1.237	0.040884
-1.236	0.0409998
-1.235	0.0411158
-1.234	0.0412322
-1.233	0.0413489
-1.232	0.041466
-1.231	0.0415834
-1.23	0.0417011
-1.229	0.0418191
-1.228	0.0419375
-1.227	0.0420563
-1.226	0.0421753
-1.225	0.0422947
-1.224	0.0424144
-1.223	0.0425345
-1.222	0.0426549
-1.221	0.0427757
-1.22	0.0428967
-1.219	0.0430182
-1.218	0.04314
-1.217	0.0432621
-1.216	0.0433845
-1.215	0.0435073
-1.214	0.0436305
-1.213	0.043754
-1.212	0.0438779
-1.211	0.0440021
-1.21	0.0441267
-1.209	0.0442516
-1.208	0.0443768
-1.207	0.0445025
-1.206	0.0446284
-1.205	0.0447548
-1.204	0.0448815
-1.203	0.0450085
-1.202	0.0451359
-1.201	0.0452637
-1.2	0.0453918
-1.199	0.0455203
-1.198	0.0456491
-1.197	0.0457783
-1.196	0.0459079
-1.195	0.0460379
-1.194	0.0461682
-1.193	0.0462989
-1.192	0.04643
-1.191	0.0465614
-1.19	0.0466932
-1.189	0.0468253
-1.188	0.0469579
-1.187	0.0470908
-1.186	0.0472241
-1.185	0.0473577
-1.184	0.0474917
-1.183	0.0476262
-1.182	0.047761
-1.181	0.0478962
-1.18	0.0480318
-1.179	0.0481677
-1.178	0.0483041
-1.177	0.0484408
-1.176	0.0485779
-1.175	0.0487154
-1.174	0.0488533
-1.173	0.0489916
-1.172	0.0491302
-1.171	0.0492693
-1.17	0.0494088
-1.169	0.0495486
-1.168	0.0496889
-1.167	0.0498295
-1.166	0.0499705
-1.165	0.050112
-1.164	0.0502538
-1.163	0.0503961
-1.162	0.0505387
-1.161	0.0506818
-1.16	0.0508252
-1.159	0.0509691
-1.158	0.0511134
-1.157	0.051258
-1.156	0.0514031
-1.155	0.0515486
-1.154	0.0516945
-1.153	0.0518408
-1.152	0.0519876
-1.151	0.0521347
-1.15	0.0522823
-1.149	0.0524303
-1.148	0.0525787
-1.147	0.0527275
-1.146	0.0528768
-1.145	0.0530264
-1.144	0.0531765
-1.143	0.053327
-1.142	0.053478
-1.141	0.0536293
-1.14	0.0537811
-1.139	0.0539333
-1.138	0.054086
-1.137	0.0542391
-1.136	0.0543926
-1.135	0.0545466
-1.134	0.054701
-1.133	0.0548558
-1.132	0.0550111
-1.131	0.0551668
-1.13	0.055323
-1.129	0.0554796
-1.128	0.0556366
-1.127	0.0557941
-1.126	0.055952
-1.125	0.0561104
-1.124	0.0562693
-1.123	0.0564285
-1.122	0.0565882
-1.121	0.0567484
-1.12	0.0569091
-1.119	0.0570702
-1.118	0.0572317
-1.117	0.0573937
-1.116	0.0575562
-1.115	0.0577191
-1.114	0.0578825
-1.113	0.0580463
-1.112	0.0582106
-1.111	0.0583754
-1.11	0.0585406
-1.109	0.0587064
-1.108	0.0588725
-1.107	0.0590392
-1.106	0.0592063
-1.105	0.0593739
-1.104	0.059542
-1.103	0.0597106
-1.102	0.0598796
-1.101	0.0600491
-1.1	0.0602191
-1.099	0.0603895
-1.098	0.0605605
-1.097	0.0607319
-1.096	0.0609039
-1.095	0.0610763
-1.094	0.0612492
-1.093	0.0614225
-1.092	0.0615964
-1.091	0.0617708
-1.09	0.0619456
-1.089	0.062121
-1.088	0.0622968
-1.087	0.0624732
-1.086	0.06265
-1.085	0.0628274
-1.084	0.0630053
-1.083	0.0631836
-1.082	0.0633625
-1.081	0.0635418
-1.08	0.0637217
-1.079	0.0639021
-1.078	0.064083
-1.077	0.0642644
-1.076	0.0644463
-1.075	0.0646287
-1.074	0.0648116
-1.073	0.0649951
-1.072	0.0651791
-1.071	0.0653636
-1.07	0.0655486
-1.069	0.0657342
-1.068	0.0659202
-1.067	0.0661068
-1.066	0.066294
-1.065	0.0664816
-1.064	0.0666697
-1.063	0.0668584
-1.062	0.0670477
-1.061	0.0672375
-1.06	0.0674278
-1.059	0.0676187
-1.058	0.0678101
-1.057	0.068002
-1.056	0.0681945
-1.055	0.0683875
-1.054	0.0685811
-1.053	0.0687752
-1.052	0.0689699
-1.051	0.0691651
-1.05	0.0693609
-1.049	0.0695572
-1.048	0.0697541
-1.047	0.0699515
-1.046	0.0701495
-1.045	0.070348
-1.044	0.0705472
-1.043	0.0707469
-1.042	0.0709471
-1.041	0.0711479
-1.04	0.0713493
-1.039	0.0715513
-1.038	0.0717538
-1.037	0.071957
-1.036	0.0721606
-1.035	0.0723648
-1.034	0.0725697
-1.033	0.0727751
-1.032	0.0729811
-1.031	0.0731876
-1.03	0.0733948
-1.029	0.0736026
-1.028	0.0738109
-1.027	0.0740198
-1.026	0.0742294
-1.025	0.0744395
-1.024	0.0746502
-1.023	0.0748615
-1.022	0.0750734
-1.021	0.0752859
-1.02	0.075499
-1.019	0.0757128
-1.018	0.0759271
-1.017	0.076142
-1.016	0.0763575
-1.015	0.0765737
-1.014	0.0767904
-1.013	0.0770078
-1.012	0.0772258
-1.011	0.0774444
-1.01	0.0776636
-1.009	0.0778835
-1.008	0.078104
-1.007	0.0783251
-1.006	0.0785468
-1.005	0.0787691
-1.004	0.0789921
-1.003	0.0792157
-1.002	0.07944
-1.001	0.0796648
-1	0.0798903
-0.999	0.0801165
-0.998	0.0803433
-0.997	0.0805707
-0.996	0.0807988
-0.995	0.0810275
-0.994	0.0812569
-0.993	0.0814869
-0.992	0.0817176
-0.991	0.0819489
-0.99	0.0821809
-0.989	0.0824135
-0.988	0.0826468
-0.987	0.0828807
-0.986	0.0831153
-0.985	0.0833506
-0.984	0.0835866
-0.983	0.0838231
-0.982	0.0840604
-0.981	0.0842984
-0.98	0.084537
-0.979	0.0847763
-0.978	0.0850163
-0.977	0.0852569
-0.976	0.0854982
-0.975	0.0857403
-0.974	0.085983
-0.973	0.0862264
-0.972	0.0864705
-0.971	0.0867152
-0.97	0.0869606
-0.969	0.0872068
-0.968	0.0874537
-0.967	0.0877012
-0.966	0.0879494
-0.965	0.0881984
-0.964	0.0884481
-0.963	0.0886984
-0.962	0.0889495
-0.961	0.0892013
-0.96	0.0894538
-0.959	0.089707
-0.958	0.0899609
-0.957	0.0902156
-0.956	0.0904709
-0.955	0.090727
-0.954	0.0909838
-0.953	0.0912413
-0.952	0.0914996
-0.951	0.0917587
-0.95	0.0920184
-0.949	0.0922789
-0.948	0.09254
-0.947	0.092802
-0.946	0.0930647
-0.945	0.0933281
-0.944	0.0935923
-0.943	0.0938572
-0.942	0.094123
-0.941	0.0943894
-0.94	0.0946566
-0.939	0.0949245
-0.938	0.0951932
-0.937	0.0954627
-0.936	0.0957329
-0.935	0.0960039
-0.934	0.0962756
-0.933	0.0965482
-0.932	0.0968215
-0.931	0.0970956
-0.93	0.0973704
-0.929	0.0976461
-0.928	0.0979225
-0.927	0.0981997
-0.926	0.0984777
-0.925	0.0987564
-0.924	0.099036
-0.923	0.0993164
-0.922	0.0995975
-0.921	0.0998794
-0.92	0.100162
-0.919	0.100446
-0.918	0.10073
-0.917	0.101015
-0.916	0.101301
-0.915	0.101588
-0.914	0.101875
-0.913	0.102164
-0.912	0.102453
-0.911	0.102743
-0.91	0.103034
-0.909	0.103325
-0.908	0.103618
-0.907	0.103911
-0.906	0.104205
-0.905	0.1045
-0.904	0.104796
-0.903	0.105093
-0.902	0.10539
-0.901	0.105689
-0.9	0.105988
-0.899	0.106288
-0.898	0.106589
-0.897	0.10689
-0.896	0.107193
-0.895	0.107496
-0.894	0.107801
-0.893	0.108106
-0.892	0.108412
-0.891	0.108719
-0.89	0.109026
-0.889	0.109335
-0.888	0.109644
-0.887	0.109955
-0.886	0.110266
-0.885	0.110578
-0.884	0.110891
-0.883	0.111205
-0.882	0.11152
-0.881	0.111836
-0.88	0.112152
-0.879	0.11247
-0.878	0.112788
-0.877	0.113107
-0.876	0.113427
-0.875	0.113748
-0.874	0.11407
-0.873	0.114393
-0.872	0.114717
-0.871	0.115042
-0.87	0.115367
-0.869	0.115694
-0.868	0.116022
-0.867	0.11635
-0.866	0.116679
-0.865	0.11701
-0.864	0.117341
-0.863	0.117673
-0.862	0.118006
-0.861	0.11834
-0.86	0.118675
-0.859	0.119011
-0.858	0.119348
-0.857	0.119686
-0.856	0.120025
-0.855	0.120364
-0.854	0.120705
-0.853	0.121047
-0.852	0.12139
-0.851	0.121733
-0.85	0.122078
-0.849	0.122423
-0.848	0.12277
-0.847	0.123117
-0.846	0.123466
-0.845	0.123815
-0.844	0.124166
-0.843	0.124517
-0.842	0.12487
-0.841	0.125223
-0.84	0.125578
-0.839	0.125933
-0.838	0.12629
-0.837	0.126647
-0.836	0.127006
-0.835	0.127365
-0.834	0.127726
-0.833	0.128087
-0.832	0.12845
-0.831	0.128814
-0.83	0.129178
-0.829	0.129544
-0.828	0.129911
-0.827	0.130278
-0.826	0.130647
-0.825	0.131017
-0.824	0.131388
-0.823	0.13176
-0.822	0.132133
-0.821	0.132507
-0.82	0.132882
-0.819	0.133258
-0.818	0.133635
-0.817	0.134013
-0.816	0.134393
-0.815	0.134773
-0.814	0.135155
-0.813	0.135537
-0.812	0.135921
-0.811	0.136305
-0.81	0.136691
-0.809	0.137078
-0.808	0.137466
-0.807	0.137855
-0.806	0.138246
-0.805	0.138637
-0.804	0.139029
-0.803	0.139423
-0.802	0.139817
-0.801	0.140213
-0.8	0.14061
-0.799	0.141008
-0.798	0.141407
-0.797	0.141808
-0.796	0.142209
-0.795	0.142612
-0.794	0.143015
-0.793	0.14342
-0.792	0.143826
-0.791	0.144233
-0.79	0.144641
-0.789	0.145051
-0.788	0.145462
-0.787	0.145873
-0.786	0.146286
-0.785	0.1467
-0.784	0.147116
-0.783	0.147532
-0.782	0.14795
-0.781	0.148368
-0.78	0.148788
-0.779	0.14921
-0.778	0.149632
-0.777	0.150056
-0.776	0.15048
-0.775	0.150906
-0.774	0.151334
-0.773	0.151762
-0.772	0.152192
-0.771	0.152622
-0.77	0.153054
-0.769	0.153488
-0.768	0.153922
-0.767	0.154358
-0.766	0.154795
-0.765	0.155233
-0.764	0.155672
-0.763	0.156113
-0.762	0.156555
-0.761	0.156998
-0.76	0.157443
-0.759	0.157888
-0.758	0.158335
-0.757	0.158783
-0.756	0.159233
-0.755	0.159684
-0.754	0.160136
-0.753	0.160589
-0.752	0.161043
-0.751	0.161499
-0.75	0.161956
-0.749	0.162415
-0.748	0.162875
-0.747	0.163336
-0.746	0.163798
-0.745	0.164262
-0.744	0.164727
-0.743	0.165193
-0.742	0.165661
-0.741	0.16613
-0.74	0.1666
-0.739	0.167071
-0.738	0.167544
-0.737	0.168018
-0.736	0.168494
-0.735	0.168971
-0.734	0.169449
-0.733	0.169929
-0.732	0.17041
-0.731	0.170892
-0.73	0.171376
-0.729	0.171861
-0.728	0.172348
-0.727	0.172835
-0.726	0.173325
-0.725	0.173815
-0.724	0.174307
-0.723	0.174801
-0.722	0.175296
-0.721	0.175792
-0.72	0.176289
-0.719	0.176788
-0.718	0.177289
-0.717	0.177791
-0.716	0.178294
-0.715	0.178799
-0.714	0.179305
-0.713	0.179812
-0.712	0.180321
-0.711	0.180832
-0.71	0.181344
-0.709	0.181857
-0.708	0.182372
-0.707	0.182888
-0.706	0.183406
-0.705	0.183925
-0.704	0.184445
-0.703	0.184968
-0.702	0.185491
-0.701	0.186016
-0.7	0.186543
-0.699	0.187071
-0.698	0.187601
-0.697	0.188132
-0.696	0.188664
-0.695	0.189198
-0.694	0.189734
-0.693	0.190271
-0.692	0.190809
-0.691	0.19135
-0.69	0.191891
-0.689	0.192435
-0.688	0.192979
-0.687	0.193526
-0.686	0.194073
-0.685	0.194623
-0.684	0.195174
-0.683	0.195726
-0.682	0.19628
-0.681	0.196836
-0.68	0.197393
-0.679	0.197952
-0.678	0.198512
-0.677	0.199074
-0.676	0.199637
-0.675	0.200203
-0.674	0.200769
-0.673	0.201337
-0.672	0.201908
-0.671	0.202479
-0.67	0.203052
-0.669	0.203627
-0.668	0.204203
-0.667	0.204781
-0.666	0.205361
-0.665	0.205942
-0.664	0.206525
-0.663	0.20711
-0.662	0.207696
-0.661	0.208284
-0.66	0.208874
-0.659	0.209465
-0.658	0.210058
-0.657	0.210652
-0.656	0.211249
-0.655	0.211847
-0.654	0.212446
-0.653	0.213048
-0.652	0.213651
-0.651	0.214255
-0.65	0.214862
-0.649	0.21547
-0.648	0.21608
-0.647	0.216692
-0.646	0.217305
-0.645	0.21792
-0.644	0.218537
-0.643	0.219156
-0.642	0.219776
-0.641	0.220398
-0.64	0.221022
-0.639	0.221647
-0.638	0.222275
-0.637	0.222904
-0.636	0.223535
-0.635	0.224168
-0.634	0.224802
-0.633	0.225439
-0.632	0.226077
-0.631	0.226717
-0.63	0.227359
-0.629	0.228002
-0.628	0.228648
-0.627	0.229295
-0.626	0.229944
-0.625	0.230595
-0.624	0.231248
-0.623	0.231902
-0.622	0.232559
-0.621	0.233217
-0.62	0.233877
-0.619	0.234539
-0.618	0.235203
-0.617	0.235869
-0.616	0.236537
-0.615	0.237206
-0.614	0.237878
-0.613	0.238551
-0.612	0.239227
-0.611	0.239904
-0.61	0.240583
-0.609	0.241264
-0.608	0.241947
-0.607	0.242632
-0.606	0.243319
-0.605	0.244007
-0.604	0.244698
-0.603	0.245391
-0.602	0.246085
-0.601	0.246782
-0.6	0.24748
-0.599	0.248181
-0.598	0.248883
-0.597	0.249588
-0.596	0.250295
-0.595	0.251003
-0.594	0.251713
-0.593	0.252426
-0.592	0.253141
-0.591	0.253857
-0.59	0.254576
-0.589	0.255296
-0.588	0.256019
-0.587	0.256744
-0.586	0.25747
-0.585	0.258199
-0.584	0.25893
-0.583	0.259663
-0.582	0.260398
-0.581	0.261135
-0.58	0.261874
-0.579	0.262615
-0.578	0.263359
-0.577	0.264104
-0.576	0.264852
-0.575	0.265602
-0.574	0.266353
-0.573	0.267107
-0.572	0.267863
-0.571	0.268622
-0.57	0.269382
-0.569	0.270145
-0.568	0.270909
-0.567	0.271676
-0.566	0.272445
-0.565	0.273216
-0.564	0.27399
-0.563	0.274765
-0.562	0.275543
-0.561	0.276323
-0.56	0.277105
-0.559	0.27789
-0.558	0.278676
-0.557	0.279465
-0.556	0.280256
-0.555	0.28105
-0.554	0.281845
-0.553	0.282643
-0.552	0.283443
-0.551	0.284245
-0.55	0.28505
-0.549	0.285857
-0.548	0.286666
-0.547	0.287478
-0.546	0.288291
-0.545	0.289108
-0.544	0.289926
-0.543	0.290747
-0.542	0.29157
-0.541	0.292395
-0.54	0.293223
-0.539	0.294053
-0.538	0.294885
-0.537	0.29572
-0.536	0.296557
-0.535	0.297396
-0.534	0.298238
-0.533	0.299083
-0.532	0.299929
-0.531	0.300778
-0.53	0.30163
-0.529	0.302483
-0.528	0.30334
-0.527	0.304198
-0.526	0.305059
-0.525	0.305923
-0.524	0.306789
-0.523	0.307657
-0.522	0.308528
-0.521	0.309402
-0.52	0.310277
-0.519	0.311156
-0.518	0.312037
-0.517	0.31292
-0.516	0.313806
-0.515	0.314694
-0.514	0.315584
-0.513	0.316478
-0.512	0.317374
-0.511	0.318272
-0.51	0.319173
-0.509	0.320077
-0.508	0.320982
-0.507	0.321891
-0.506	0.322802
-0.505	0.323716
-0.504	0.324632
-0.503	0.325551
-0.502	0.326473
-0.501	0.327397
-0.5	0.328323
-0.499	0.329253
-0.498	0.330185
-0.497	0.331119
-0.496	0.332057
-0.495	0.332997
-0.494	0.333939
-0.493	0.334884
-0.492	0.335833
-0.491	0.336783
-0.49	0.337736
-0.489	0.338692
-0.488	0.339651
-0.487	0.340613
-0.486	0.341577
-0.485	0.342544
-0.484	0.343513
-0.483	0.344486
-0.482	0.345461
-0.481	0.346439
-0.48	0.347419
-0.479	0.348403
-0.478	0.349389
-0.477	0.350378
-0.476	0.35137
-0.475	0.352364
-0.474	0.353362
-0.473	0.354362
-0.472	0.355365
-0.471	0.356371
-0.47	0.35738
-0.469	0.358392
-0.468	0.359406
-0.467	0.360424
-0.466	0.361444
-0.465	0.362467
-0.464	0.363493
-0.463	0.364522
-0.462	0.365554
-0.461	0.366589
-0.46	0.367627
-0.459	0.368667
-0.458	0.369711
-0.457	0.370758
-0.456	0.371807
-0.455	0.372859
-0.454	0.373915
-0.453	0.374973
-0.452	0.376035
-0.451	0.377099
-0.45	0.378167
-0.449	0.379237
-0.448	0.380311
-0.447	0.381387
-0.446	0.382467
-0.445	0.38355
-0.444	0.384635
-0.443	0.385724
-0.442	0.386816
-0.441	0.387911
-0.44	0.389009
-0.439	0.39011
-0.438	0.391214
-0.437	0.392321
-0.436	0.393432
-0.435	0.394546
-0.434	0.395663
-0.433	0.396783
-0.432	0.397906
-0.431	0.399032
-0.43	0.400162
-0.429	0.401294
-0.428	0.40243
-0.427	0.403569
-0.426	0.404712
-0.425	0.405857
-0.424	0.407006
-0.423	0.408158
-0.422	0.409313
-0.421	0.410472
-0.42	0.411634
-0.419	0.412799
-0.418	0.413968
-0.417	0.415139
-0.416	0.416315
-0.415	0.417493
-0.414	0.418675
-0.413	0.41986
-0.412	0.421048
-0.411	0.42224
-0.41	0.423435
-0.409	0.424634
-0.408	0.425836
-0.407	0.427041
-0.406	0.42825
-0.405	0.429462
-0.404	0.430678
-0.403	0.431897
-0.402	0.43312
-0.401	0.434346
-0.4	0.435575
-0.399	0.436808
-0.398	0.438045
-0.397	0.439285
-0.396	0.440528
-0.395	0.441775
-0.394	0.443026
-0.393	0.44428
-0.392	0.445538
-0.391	0.446799
-0.39	0.448064
-0.389	0.449332
-0.388	0.450604
-0.387	0.451879
-0.386	0.453159
-0.385	0.454442
-0.384	0.455728
-0.383	0.457018
-0.382	0.458312
-0.381	0.459609
-0.38	0.46091
-0.379	0.462215
-0.378	0.463523
-0.377	0.464835
-0.376	0.466151
-0.375	0.467471
-0.374	0.468794
-0.373	0.470121
-0.372	0.471452
-0.371	0.472786
-0.37	0.474125
-0.369	0.475467
-0.368	0.476813
-0.367	0.478162
-0.366	0.479516
-0.365	0.480873
-0.364	0.482234
-0.363	0.483599
-0.362	0.484968
-0.361	0.486341
-0.36	0.487718
-0.359	0.489099
-0.358	0.490483
-0.357	0.491871
-0.356	0.493264
-0.355	0.49466
-0.354	0.49606
-0.353	0.497464
-0.352	0.498872
-0.351	0.500284
-0.35	0.501701
-0.349	0.50321
-0.348	0.504907
-0.347	0.506785
-0.346	0.508844
-0.345	0.511078
-0.344	0.513486
-0.343	0.516062
-0.342	0.518802
-0.341	0.521701
-0.34	0.524758
-0.339	0.527952
-0.338	0.531269
-0.337	0.534704
-0.336	0.53825
-0.335	0.541904
-0.334	0.545658
-0.333	0.549509
-0.332	0.553451
-0.331	0.557479
-0.33	0.561586
-0.329	0.565768
-0.328	0.570021
-0.327	0.574338
-0.326	0.578714
-0.325	0.583145
-0.324	0.587625
-0.323	0.592149
-0.322	0.596712
-0.321	0.601311
-0.32	0.60594
-0.319	0.610592
-0.318	0.615268
-0.317	0.619957
-0.316	0.624659
-0.315	0.629369
-0.314	0.634082
-0.313	0.638795
-0.312	0.643502
-0.311	0.648201
-0.31	0.652887
-0.309	0.657557
-0.308	0.662207
-0.307	0.666832
-0.306	0.671431
-0.305	0.676
-0.304	0.680534
-0.303	0.685033
-0.302	0.68949
-0.301	0.693904
-0.3	0.698272
-0.299	0.702591
-0.298	0.706859
-0.297	0.711071
-0.296	0.715227
-0.295	0.719322
-0.294	0.723354
-0.293	0.727324
-0.292	0.731225
-0.291	0.735056
-0.29	0.738817
-0.289	0.742503
-0.288	0.746113
-0.287	0.749645
-0.286	0.753098
-0.285	0.756469
-0.284	0.759756
-0.283	0.762958
-0.282	0.766073
-0.281	0.769099
-0.28	0.772036
-0.279	0.77488
-0.278	0.777631
-0.277	0.780288
-0.276	0.782848
-0.275	0.785313
-0.274	0.787677
-0.273	0.789943
-0.272	0.792109
-0.271	0.794172
-0.27	0.796134
-0.269	0.79799
-0.268	0.799743
-0.267	0.801392
-0.266	0.802932
-0.265	0.804367
-0.264	0.805694
-0.263	0.806912
-0.262	0.808023
-0.261	0.809024
-0.26	0.809915
-0.259	0.810698
-0.258	0.811373
-0.257	0.811939
-0.256	0.812397
-0.255	0.812746
-0.254	0.812988
-0.253	0.81312
-0.252	0.813145
-0.251	0.813061
-0.25	0.812869
-0.249	0.81257
-0.248	0.812162
-0.247	0.81165
-0.246	0.811028
-0.245	0.810301
-0.244	0.809469
-0.243	0.80853
-0.242	0.807487
-0.241	0.80634
-0.24	0.80509
-0.239	0.803737
-0.238	0.802282
-0.237	0.800725
-0.236	0.799069
-0.235	0.797314
-0.234	0.795461
-0.233	0.79351
-0.232	0.791462
-0.231	0.789321
-0.23	0.787086
-0.229	0.784759
-0.228	0.78234
-0.227	0.779831
-0.226	0.777235
-0.225	0.774551
-0.224	0.771784
-0.223	0.768932
-0.222	0.765998
-0.221	0.762984
-0.22	0.759892
-0.219	0.756723
-0.218	0.75348
-0.217	0.750164
-0.216	0.746779
-0.215	0.743325
-0.214	0.739803
-0.213	0.73622
-0.212	0.732573
-0.211	0.728868
-0.21	0.725107
-0.209	0.72129
-0.208	0.717423
-0.207	0.713506
-0.206	0.709543
-0.205	0.705537
-0.204	0.70149
-0.203	0.697406
-0.202	0.693287
-0.201	0.689137
-0.2	0.684959
-0.199	0.680756
-0.198	0.676531
-0.197	0.672289
-0.196	0.668031
-0.195	0.663764
-0.194	0.659487
-0.193	0.655208
-0.192	0.650929
-0.191	0.646655
-0.19	0.642388
-0.189	0.638133
-0.188	0.633895
-0.187	0.629677
-0.186	0.625483
-0.185	0.621319
-0.184	0.617189
-0.183	0.613095
-0.182	0.609045
-0.181	0.605041
-0.18	0.601089
-0.179	0.597199
-0.178	0.593379
-0.177	0.589636
-0.176	0.585974
-0.175	0.582396
-0.174	0.57891
-0.173	0.575516
-0.172	0.572223
-0.171	0.569033
-0.17	0.56595
-0.169	0.562983
-0.168	0.560129
-0.167	0.557398
-0.166	0.554793
-0.165	0.552316
-0.164	0.549972
-0.163	0.547765
-0.162	0.5457
-0.161	0.543778
-0.16	0.542003
-0.159	0.540379
-0.158	0.538908
-0.157	0.537593
-0.156	0.536437
-0.155	0.53544
-0.154	0.534606
-0.153	0.533936
-0.152	0.533431
-0.151	0.533093
-0.15	0.532922
-0.149	0.532918
-0.148	0.533083
-0.147	0.533415
-0.146	0.533915
-0.145	0.534582
-0.144	0.535414
-0.143	0.536412
-0.142	0.537572
-0.141	0.538894
-0.14	0.540375
-0.139	0.542014
-0.138	0.543808
-0.137	0.545753
-0.136	0.547848
-0.135	0.550088
-0.134	0.552471
-0.133	0.554994
-0.132	0.557651
-0.131	0.560441
-0.13	0.563358
-0.129	0.566399
-0.128	0.56956
-0.127	0.572836
-0.126	0.576223
-0.125	0.579717
-0.124	0.583312
-0.123	0.587006
-0.122	0.590793
-0.121	0.594669
-0.12	0.598628
-0.119	0.602667
-0.118	0.606782
-0.117	0.610967
-0.116	0.615218
-0.115	0.619531
-0.114	0.6239
-0.113	0.628323
-0.112	0.632794
-0.111	0.637309
-0.11	0.641863
-0.109	0.646453
-0.108	0.651075
-0.107	0.655724
-0.106	0.660397
-0.105	0.665088
-0.104	0.669796
-0.103	0.674515
-0.102	0.679242
-0.101	0.683973
-0.1	0.688706