-3.037	6.66761e-008
-3.036	6.66325e-008
-3.035	6.65686e-008
-3.034	6.64281e-008
-3.033	6.70771e-008
-3.032	6.67324e-008
-3.031	6.6226e-008
-3.03	6.6647e-008
-3.029	6.65878e-008
-3.028	6.61749e-008
-3.027	6.64229e-008
-3.026	6.68128e-008
-3.025	6.69396e-008
-3.024	6.70187e-008
-3.023	6.73857e-008
-3.022	6.73245e-008
-3.021	6.74199e-008
-3.02	6.80294e-008
-3.019	6.87084e-008
-3.018	6.97204e-008
-3.017	6.96711e-008
-3.016	7.01494e-008
-3.015	7.14369e-008
-3.014	7.21229e-008
-3.013	7.37437e-008
-3.012	7.47025e-008
-3.011	7.53243e-008
-3.01	7.70879e-008
-3.009	7.88312e-008
-3.008	8.09275e-008
-3.007	8.20038e-008
-3.006	8.3621e-008
-3.005	8.64139e-008
-3.004	8.76706e-008
-3.003	9.03343e-008
-3.002	9.35577e-008
-3.001	9.59345e-008
-3	9.92064e-008
-2.999	1.01767e-007
-2.998	1.04376e-007
-2.997	1.07842e-007
-2.996	1.11229e-007
-2.995	1.14765e-007
-2.994	1.19059e-007
-2.993	1.22718e-007
-2.992	1.25954e-007
-2.991	1.3052e-007
-2.99	1.35219e-007
-2.989	1.39784e-007
-2.988	1.43872e-007
-2.987	1.49023e-007
-2.986	1.54483e-007
-2.985	1.58554e-007
-2.984	1.64144e-007
-2.983	1.70157e-007
-2.982	1.75441e-007
-2.981	1.80731e-007
-2.98	1.86957e-007
-2.979	1.92805e-007
-2.978	1.98321e-007
-2.977	2.06426e-007
-2.976	2.12752e-007
-2.975	2.18099e-007
-2.974	2.25678e-007
-2.973	2.32553e-007
-2.972	2.39917e-007
-2.971	2.47165e-007
-2.97	2.54872e-007
-2.969	2.62666e-007
-2.968	2.68651e-007
-2.967	2.78346e-007
-2.966	2.87581e-007
-2.965	2.93971e-007
-2.964	3.03511e-007
-2.963	3.12246e-007
-2.962	3.20222e-007
-2.961	3.29892e-007
-2.96	3.38995e-007
-2.959	3.47961e-007
-2.958	3.57907e-007
-2.957	3.67728e-007
-2.956	3.77138e-007
-2.955	3.87137e-007
-2.954	3.97537e-007
-2.953	4.08208e-007
-2.952	4.18183e-007
-2.951	4.29838e-007
-2.95	4.40593e-007
-2.949	4.50832e-007
-2.948	4.63497e-007
-2.947	4.73439e-007
-2.946	4.85545e-007
-2.945	4.98197e-007
-2.944	5.09301e-007
-2.943	5.22163e-007
-2.942	5.34081e-007
-2.941	5.46948e-007
-2.94	5.59479e-007
-2.939	5.72658e-007
-2.938	5.85847e-007
-2.937	5.98391e-007
-2.936	6.13133e-007
-2.935	6.26702e-007
-2.934	6.40426e-007
-2.933	6.55397e-007
-2.932	6.69239e-007
-2.931	6.83869e-007
-2.93	6.98621e-007
-2.929	7.13324e-007
-2.928	7.29455e-007
-2.927	7.45282e-007
-2.926	7.60935e-007
-2.925	7.76782e-007
-2.924	7.93585e-007
-2.923	8.10629e-007
-2.922	8.2764e-007
-2.921	8.44889e-007
-2.92	8.62338e-007
-2.919	8.80864e-007
-2.918	8.98948e-007
-2.917	9.182e-007
-2.916	9.37519e-007
-2.915	9.5656e-007
-2.914	9.77057e-007
-2.913	9.97733e-007
-2.912	1.01883e-006
-2.911	1.04015e-006
-2.91	1.062e-006
-2.909	1.085e-006
-2.908	1.10937e-006
-2.907	1.13264e-006
-2.906	1.15646e-006
-2.905	1.18251e-006
-2.904	1.20805e-006
-2.903	1.2353e-006
-2.902	1.26377e-006
-2.901	1.29168e-006
-2.9	1.32105e-006
-2.899	1.35165e-006
-2.898	1.38269e-006
-2.897	1.41546e-006
-2.896	1.44924e-006
-2.895	1.48412e-006
-2.894	1.52048e-006
-2.893	1.55667e-006
-2.892	1.59527e-006
-2.891	1.63607e-006
-2.89	1.67763e-006
-2.889	1.72092e-006
-2.888	1.76378e-006
-2.887	1.81055e-006
-2.886	1.85953e-006
-2.885	1.90793e-006
-2.884	1.96061e-006
-2.883	2.01338e-006
-2.882	2.06763e-006
-2.881	2.12579e-006
-2.88	2.18544e-006
-2.879	2.24709e-006
-2.878	2.31032e-006
-2.877	2.37699e-006
-2.876	2.44547e-006
-2.875	2.51576e-006
-2.874	2.59056e-006
-2.873	2.66624e-006
-2.872	2.74397e-006
-2.871	2.82591e-006
-2.87	2.91061e-006
-2.869	2.99748e-006
-2.868	3.08666e-006
-2.867	3.18022e-006
-2.866	3.27644e-006
-2.865	3.37567e-006
-2.864	3.47752e-006
-2.863	3.58274e-006
-2.862	3.69207e-006
-2.861	3.80361e-006
-2.86	3.92019e-006
-2.859	4.03968e-006
-2.858	4.16111e-006
-2.857	4.28838e-006
-2.856	4.41887e-006
-2.855	4.55169e-006
-2.854	4.69023e-006
-2.853	4.83224e-006
-2.852	4.9769e-006
-2.851	5.12588e-006
-2.85	5.27955e-006
-2.849	5.43741e-006
-2.848	5.59888e-006
-2.847	5.76517e-006
-2.846	5.9345e-006
-2.845	6.10843e-006
-2.844	6.28877e-006
-2.843	6.47187e-006
-2.842	6.65866e-006
-2.841	6.85042e-006
-2.84	7.04776e-006
-2.839	7.24999e-006
-2.838	7.45545e-006
-2.837	7.66581e-006
-2.836	7.88104e-006
-2.835	8.10154e-006
-2.834	8.32723e-006
-2.833	8.55633e-006
-2.832	8.79015e-006
-2.831	9.03039e-006
-2.83	9.2748e-006
-2.829	9.52499e-006
-2.828	9.77919e-006
-2.827	1.0039e-005
-2.826	1.03051e-005
-2.825	1.05737e-005
-2.824	1.08499e-005
-2.823	1.11313e-005
-2.822	1.14172e-005
-2.821	1.17079e-005
-2.82	1.20053e-005
-2.819	1.23078e-005
-2.818	1.2614e-005
-2.817	1.2929e-005
-2.816	1.3247e-005
-2.815	1.35719e-005
-2.814	1.39037e-005
-2.813	1.42396e-005
-2.812	1.45816e-005
-2.811	1.49288e-005
-2.81	1.52842e-005
-2.809	1.56438e-005
-2.808	1.60102e-005
-2.807	1.63848e-005
-2.806	1.6764e-005
-2.805	1.71497e-005
-2.804	1.75418e-005
-2.803	1.79428e-005
-2.802	1.83517e-005
-2.801	1.87649e-005
-2.8	1.91854e-005
-2.799	1.96161e-005
-2.798	2.00527e-005
-2.797	2.04987e-005
-2.796	2.09524e-005
-2.795	2.14153e-005
-2.794	2.18858e-005
-2.793	2.23657e-005
-2.792	2.28584e-005
-2.791	2.33578e-005
-2.79	2.3868e-005
-2.789	2.43897e-005
-2.788	2.49231e-005
-2.787	2.54686e-005
-2.786	2.6024e-005
-2.785	2.65949e-005
-2.784	2.71779e-005
-2.783	2.77742e-005
-2.782	2.83866e-005
-2.781	2.90138e-005
-2.78	2.96572e-005
-2.779	3.03175e-005
-2.778	3.09938e-005
-2.777	3.169e-005
-2.776	3.2406e-005
-2.775	3.31423e-005
-2.774	3.39001e-005
-2.773	3.46789e-005
-2.772	3.54819e-005
-2.771	3.63078e-005
-2.77	3.71624e-005
-2.769	3.80408e-005
-2.768	3.8949e-005
-2.767	3.98867e-005
-2.766	4.08513e-005
-2.765	4.18522e-005
-2.764	4.28834e-005
-2.763	4.39507e-005
-2.762	4.50529e-005
-2.761	4.61924e-005
-2.76	4.73738e-005
-2.759	4.85939e-005
-2.758	4.98559e-005
-2.757	5.11622e-005
-2.756	5.25133e-005
-2.755	5.39117e-005
-2.754	5.53585e-005
-2.753	5.68573e-005
-2.752	5.84058e-005
-2.751	6.00085e-005
-2.75	6.16681e-005
-2.749	6.3385e-005
-2.748	6.51592e-005
-2.747	6.69959e-005
-2.746	6.88932e-005
-2.745	7.0857e-005
-2.744	7.28842e-005
-2.743	7.49827e-005
-2.742	7.71483e-005
-2.741	7.93851e-005
-2.74	8.16974e-005
-2.739	8.40817e-005
-2.738	8.65448e-005
-2.737	8.90855e-005
-2.736	9.17069e-005
-2.735	9.44089e-005
-2.734	9.71961e-005
-2.733	0.000100068
-2.732	0.000103027
-2.731	0.000106077
-2.73	0.000109214
-2.729	0.000112445
-2.728	0.00011577
-2.727	0.00011919
-2.726	0.000122708
-2.725	0.000126324
-2.724	0.00013004
-2.723	0.000133859
-2.722	0.000137781
-2.721	0.000141807
-2.72	0.000145944
-2.719	0.000150183
-2.718	0.000154537
-2.717	0.000158999
-2.716	0.000163577
-2.715	0.000168265
-2.714	0.00017307
-2.713	0.000177995
-2.712	0.000183034
-2.711	0.000188197
-2.71	0.00019348
-2.709	0.000198883
-2.708	0.000204416
-2.707	0.000210069
-2.706	0.000215853
-2.705	0.000221763
-2.704	0.000227803
-2.703	0.000233974
-2.702	0.000240277
-2.701	0.000246715
-2.7	0.000253288
-2.699	0.000259997
-2.698	0.000266846
-2.697	0.000273834
-2.696	0.00028096
-2.695	0.000288232
-2.694	0.000295649
-2.693	0.000303212
-2.692	0.000310921
-2.691	0.000318781
-2.69	0.000326793
-2.689	0.000334956
-2.688	0.00034328
-2.687	0.000351755
-2.686	0.000360397
-2.685	0.000369195
-2.684	0.000378163
-2.683	0.000387296
-2.682	0.000396603
-2.681	0.000406082
-2.68	0.000415739
-2.679	0.000425578
-2.678	0.000435601
-2.677	0.000445812
-2.676	0.000456217
-2.675	0.000466821
-2.674	0.000477627
-2.673	0.000488642
-2.672	0.000499872
-2.671	0.000511319
-2.67	0.000522999
-2.669	0.000534905
-2.668	0.000547063
-2.667	0.00055946
-2.666	0.000572124
-2.665	0.000585047
-2.664	0.000598254
-2.663	0.000611742
-2.662	0.000625532
-2.661	0.000639629
-2.66	0.000654051
-2.659	0.000668802
-2.658	0.000683908
-2.657	0.000699373
-2.656	0.00071522
-2.655	0.000731458
-2.654	0.00074811
-2.653	0.000765189
-2.652	0.000782718
-2.651	0.000800713
-2.65	0.000819199
-2.649	0.000838188
-2.648	0.00085772
-2.647	0.000877795
-2.646	0.00089846
-2.645	0.000919722
-2.644	0.000941618
-2.643	0.000964172
-2.642	0.000987411
-2.641	0.00101137
-2.64	0.00103606
-2.639	0.00106154
-2.638	0.00108782
-2.637	0.00111494
-2.636	0.00114293
-2.635	0.00117119
-2.634	0.00119966
-2.633	0.00122826
-2.632	0.00125697
-2.631	0.00128571
-2.63	0.00131446
-2.629	0.00134316
-2.628	0.00137178
-2.627	0.00140027
-2.626	0.00142861
-2.625	0.00145675
-2.624	0.00148466
-2.623	0.00151232
-2.622	0.0015397
-2.621	0.00156676
-2.62	0.00159349
-2.619	0.00161986
-2.618	0.00164585
-2.617	0.00167143
-2.616	0.00169659
-2.615	0.00172131
-2.614	0.00174556
-2.613	0.00176933
-2.612	0.00179261
-2.611	0.00181538
-2.61	0.00183762
-2.609	0.00185932
-2.608	0.00188047
-2.607	0.00190105
-2.606	0.00192106
-2.605	0.00194048
-2.604	0.0019593
-2.603	0.00197752
-2.602	0.00199513
-2.601	0.00201211
-2.6	0.00202847
-2.599	0.00204419
-2.598	0.00205927
-2.597	0.0020737
-2.596	0.00208749
-2.595	0.00210062
-2.594	0.00211309
-2.593	0.00212491
-2.592	0.00213606
-2.591	0.00214656
-2.59	0.00215639
-2.589	0.00216556
-2.588	0.00217407
-2.587	0.00218193
-2.586	0.00218912
-2.585	0.00219566
-2.584	0.00220156
-2.583	0.0022068
-2.582	0.00221141
-2.581	0.00221538
-2.58	0.00221872
-2.579	0.00222144
-2.578	0.00222355
-2.577	0.00222505
-2.576	0.00222596
-2.575	0.00222628
-2.574	0.00222602
-2.573	0.0022252
-2.572	0.00222383
-2.571	0.00222191
-2.57	0.00221947
-2.569	0.00221652
-2.568	0.00221306
-2.567	0.00220913
-2.566	0.00220473
-2.565	0.00219988
-2.564	0.0021946
-2.563	0.00218891
-2.562	0.00218283
-2.561	0.00217637
-2.56	0.00216956
-2.559	0.00216242
-2.558	0.00215497
-2.557	0.00214724
-2.556	0.00213924
-2.555	0.00213101
-2.554	0.00212257
-2.553	0.00211394
-2.552	0.00210515
-2.551	0.00209623
-2.55	0.00208721
-2.549	0.0020781
-2.548	0.00206896
-2.547	0.00205979
-2.546	0.00205064
-2.545	0.00204154
-2.544	0.0020325
-2.543	0.00202358
-2.542	0.00201479
-2.541	0.00200617
-2.54	0.00199775
-2.539	0.00198956
-2.538	0.00198164
-2.537	0.00197401
-2.536	0.00196671
-2.535	0.00195977
-2.534	0.00195322
-2.533	0.00194709
-2.532	0.0019414
-2.531	0.0019362
-2.53	0.00193149
-2.529	0.00192732
-2.528	0.00192371
-2.527	0.00192067
-2.526	0.00191824
-2.525	0.00191643
-2.524	0.00191527
-2.523	0.00191477
-2.522	0.00191494
-2.521	0.0019158
-2.52	0.00191736
-2.519	0.00191964
-2.518	0.00192263
-2.517	0.00192635
-2.516	0.00193079
-2.515	0.00193596
-2.514	0.00194186
-2.513	0.00194849
-2.512	0.00195583
-2.511	0.00196388
-2.51	0.00197264
-2.509	0.00198209
-2.508	0.00199221
-2.507	0.002003
-2.506	0.00201444
-2.505	0.00202651
-2.504	0.00203918
-2.503	0.00205245
-2.502	0.00206628
-2.501	0.00208066
-2.5	0.00209557
-2.499	0.00211097
-2.498	0.00212685
-2.497	0.00214318
-2.496	0.00215993
-2.495	0.00217707
-2.494	0.00219459
-2.493	0.00221245
-2.492	0.00223063
-2.491	0.0022491
-2.49	0.00226783
-2.489	0.0022868
-2.488	0.00230598
-2.487	0.00232535
-2.486	0.00234489
-2.485	0.00236455
-2.484	0.00238433
-2.483	0.00240419
-2.482	0.00242412
-2.481	0.00244408
-2.48	0.00246407
-2.479	0.00248404
-2.478	0.00250399
-2.477	0.00252389
-2.476	0.00254373
-2.475	0.00256347
-2.474	0.00258311
-2.473	0.00260262
-2.472	0.00262198
-2.471	0.00264119
-2.47	0.00266022
-2.469	0.00267905
-2.468	0.00269768
-2.467	0.00271608
-2.466	0.00273425
-2.465	0.00275217
-2.464	0.00276982
-2.463	0.0027872
-2.462	0.0028043
-2.461	0.0028211
-2.46	0.00283759
-2.459	0.00285377
-2.458	0.00286962
-2.457	0.00288515
-2.456	0.00290033
-2.455	0.00291517
-2.454	0.00292966
-2.453	0.00294379
-2.452	0.00295757
-2.451	0.00297097
-2.45	0.00298401
-2.449	0.00299668
-2.448	0.00300897
-2.447	0.00302089
-2.446	0.00303243
-2.445	0.0030436
-2.444	0.00305439
-2.443	0.0030648
-2.442	0.00307484
-2.441	0.00308451
-2.44	0.00309381
-2.439	0.00310274
-2.438	0.00311131
-2.437	0.00311951
-2.436	0.00312737
-2.435	0.00313487
-2.434	0.00314203
-2.433	0.00314885
-2.432	0.00315535
-2.431	0.00316151
-2.43	0.00316736
-2.429	0.00317291
-2.428	0.00317816
-2.427	0.00318311
-2.426	0.00318779
-2.425	0.0031922
-2.424	0.00319634
-2.423	0.00320024
-2.422	0.0032039
-2.421	0.00320733
-2.42	0.00321055
-2.419	0.00321357
-2.418	0.00321639
-2.417	0.00321904
-2.416	0.00322152
-2.415	0.00322386
-2.414	0.00322605
-2.413	0.00322813
-2.412	0.00323009
-2.411	0.00323197
-2.41	0.00323376
-2.409	0.00323548
-2.408	0.00323716
-2.407	0.0032388
-2.406	0.00324041
-2.405	0.00324203
-2.404	0.00324365
-2.403	0.00324529
-2.402	0.00324697
-2.401	0.00324871
-2.4	0.00325052
-2.399	0.0032524
-2.398	0.00325439
-2.397	0.00325648
-2.396	0.0032587
-2.395	0.00326106
-2.394	0.00326357
-2.393	0.00326624
-2.392	0.0032691
-2.391	0.00327214
-2.39	0.00327539
-2.389	0.00327884
-2.388	0.00328253
-2.387	0.00328645
-2.386	0.00329062
-2.385	0.00329504
-2.384	0.00329973
-2.383	0.00330469
-2.382	0.00330994
-2.381	0.00331547
-2.38	0.0033213
-2.379	0.00332743
-2.378	0.00333387
-2.377	0.00334062
-2.376	0.00334769
-2.375	0.00335508
-2.374	0.00336278
-2.373	0.00337082
-2.372	0.00337919
-2.371	0.00338789
-2.37	0.00339691
-2.369	0.00340626
-2.368	0.00341594
-2.367	0.00342594
-2.366	0.00343627
-2.365	0.00344692
-2.364	0.00345789
-2.363	0.00346917
-2.362	0.00348076
-2.361	0.00349265
-2.36	0.00350484
-2.359	0.00351733
-2.358	0.0035301
-2.357	0.00354315
-2.356	0.00355647
-2.355	0.00357005
-2.354	0.00358388
-2.353	0.00359797
-2.352	0.00361229
-2.351	0.00362684
-2.35	0.0036416
-2.349	0.00365658
-2.348	0.00367175
-2.347	0.00368711
-2.346	0.00370265
-2.345	0.00371836
-2.344	0.00373422
-2.343	0.00375023
-2.342	0.00376638
-2.341	0.00378265
-2.34	0.00379903
-2.339	0.00381552
-2.338	0.00383209
-2.337	0.00384875
-2.336	0.00386548
-2.335	0.00388226
-2.334	0.00389909
-2.333	0.00391596
-2.332	0.00393286
-2.331	0.00394977
-2.33	0.00396669
-2.329	0.00398361
-2.328	0.00400051
-2.327	0.00401739
-2.326	0.00403424
-2.325	0.00405104
-2.324	0.0040678
-2.323	0.0040845
-2.322	0.00410113
-2.321	0.00411769
-2.32	0.00413416
-2.319	0.00415054
-2.318	0.00416683
-2.317	0.00418301
-2.316	0.00419908
-2.315	0.00421503
-2.314	0.00423086
-2.313	0.00424656
-2.312	0.00426213
-2.311	0.00427755
-2.31	0.00429283
-2.309	0.00430797
-2.308	0.00432295
-2.307	0.00433778
-2.306	0.00435245
-2.305	0.00436695
-2.304	0.0043813
-2.303	0.00439547
-2.302	0.00440948
-2.301	0.00442332
-2.3	0.00443698
-2.299	0.00445048
-2.298	0.0044638
-2.297	0.00447695
-2.296	0.00448993
-2.295	0.00450274
-2.294	0.00451537
-2.293	0.00452784
-2.292	0.00454014
-2.291	0.00455227
-2.29	0.00456424
-2.289	0.00457604
-2.288	0.00458769
-2.287	0.00459918
-2.286	0.00461052
-2.285	0.00462171
-2.284	0.00463275
-2.283	0.00464365
-2.282	0.00465442
-2.281	0.00466505
-2.28	0.00467556
-2.279	0.00468594
-2.278	0.0046962
-2.277	0.00470636
-2.276	0.0047164
-2.275	0.00472635
-2.274	0.0047362
-2.273	0.00474596
-2.272	0.00475565
-2.271	0.00476525
-2.27	0.00477479
-2.269	0.00478426
-2.268	0.00479368
-2.267	0.00480305
-2.266	0.00481238
-2.265	0.00482167
-2.264	0.00483094
-2.263	0.00484018
-2.262	0.00484942
-2.261	0.00485865
-2.26	0.00486788
-2.259	0.00487712
-2.258	0.00488637
-2.257	0.00489565
-2.256	0.00490495
-2.255	0.0049143
-2.254	0.00492368
-2.253	0.00493312
-2.252	0.00494262
-2.251	0.00495218
-2.25	0.00496182
-2.249	0.00497153
-2.248	0.00498132
-2.247	0.00499121
-2.246	0.00500119
-2.245	0.00501127
-2.244	0.00502146
-2.243	0.00503176
-2.242	0.00504219
-2.241	0.00505273
-2.24	0.00506341
-2.239	0.00507422
-2.238	0.00508516
-2.237	0.00509625
-2.236	0.00510749
-2.235	0.00511887
-2.234	0.0051304
-2.233	0.0051421
-2.232	0.00515395
-2.231	0.00516596
-2.23	0.00517813
-2.229	0.00519047
-2.228	0.00520298
-2.227	0.00521566
-2.226	0.0052285
-2.225	0.00524152
-2.224	0.00525471
-2.223	0.00526807
-2.222	0.00528161
-2.221	0.00529531
-2.22	0.00530919
-2.219	0.00532324
-2.218	0.00533746
-2.217	0.00535185
-2.216	0.0053664
-2.215	0.00538113
-2.214	0.00539601
-2.213	0.00541106
-2.212	0.00542627
-2.211	0.00544163
-2.21	0.00545715
-2.209	0.00547281
-2.208	0.00548863
-2.207	0.00550459
-2.206	0.0055207
-2.205	0.00553694
-2.204	0.0055533
-2.203	0.00556981
-2.202	0.00558643
-2.201	0.00560318
-2.2	0.00562004
-2.199	0.00563701
-2.198	0.00565409
-2.197	0.00567127
-2.196	0.00568855
-2.195	0.00570592
-2.194	0.00572338
-2.193	0.00574092
-2.192	0.00575854
-2.191	0.00577623
-2.19	0.00579398
-2.189	0.0058118
-2.188	0.00582968
-2.187	0.00584761
-2.186	0.00586558
-2.185	0.0058836
-2.184	0.00590165
-2.183	0.00591973
-2.182	0.00593785
-2.181	0.00595598
-2.18	0.00597413
-2.179	0.0059923
-2.178	0.00601047
-2.177	0.00602864
-2.176	0.00604682
-2.175	0.00606499
-2.174	0.00608315
-2.173	0.00610129
-2.172	0.00611942
-2.171	0.00613753
-2.17	0.00615561
-2.169	0.00617366
-2.168	0.00619169
-2.167	0.00620968
-2.166	0.00622762
-2.165	0.00624553
-2.164	0.00626339
-2.163	0.00628121
-2.162	0.00629898
-2.161	0.0063167
-2.16	0.00633437
-2.159	0.00635198
-2.158	0.00636953
-2.157	0.00638704
-2.156	0.00640448
-2.155	0.00642186
-2.154	0.00643917
-2.153	0.00645643
-2.152	0.00647363
-2.151	0.00649076
-2.15	0.00650782
-2.149	0.00652483
-2.148	0.00654177
-2.147	0.00655865
-2.146	0.00657547
-2.145	0.00659222
-2.144	0.00660892
-2.143	0.00662555
-2.142	0.00664213
-2.141	0.00665865
-2.14	0.00667512
-2.139	0.00669153
-2.138	0.00670788
-2.137	0.00672419
-2.136	0.00674045
-2.135	0.00675667
-2.134	0.00677284
-2.133	0.00678897
-2.132	0.00680506
-2.131	0.00682111
-2.13	0.00683714
-2.129	0.00685313
-2.128	0.00686909
-2.127	0.00688503
-2.126	0.00690096
-2.125	0.00691686
-2.124	0.00693275
-2.123	0.00694863
-2.122	0.0069645
-2.121	0.00698037
-2.12	0.00699624
-2.119	0.00701211
-2.118	0.00702799
-2.117	0.00704388
-2.116	0.00705979
-2.115	0.00707572
-2.114	0.00709167
-2.113	0.00710764
-2.112	0.00712364
-2.111	0.00713968
-2.11	0.00715575
-2.109	0.00717186
-2.108	0.00718802
-2.107	0.00720423
-2.106	0.00722049
-2.105	0.0072368
-2.104	0.00725317
-2.103	0.00726961
-2.102	0.00728611
-2.101	0.00730268
-2.1	0.00731932
-2.099	0.00733603
-2.098	0.00735283
-2.097	0.0073697
-2.096	0.00738666
-2.095	0.0074037
-2.094	0.00742083
-2.093	0.00743805
-2.092	0.00745537
-2.091	0.00747278
-2.09	0.0074903
-2.089	0.0075079
-2.088	0.00752561
-2.087	0.00754343
-2.086	0.00756135
-2.085	0.00757937
-2.084	0.0075975
-2.083	0.00761574
-2.082	0.0076341
-2.081	0.00765255
-2.08	0.00767113
-2.079	0.00768981
-2.078	0.00770861
-2.077	0.00772753
-2.076	0.00774655
-2.075	0.00776569
-2.074	0.00778494
-2.073	0.0078043
-2.072	0.00782378
-2.071	0.00784337
-2.07	0.00786307
-2.069	0.00788288
-2.068	0.00790281
-2.067	0.00792283
-2.066	0.00794297
-2.065	0.00796321
-2.064	0.00798356
-2.063	0.00800402
-2.062	0.00802457
-2.061	0.00804523
-2.06	0.00806599
-2.059	0.00808685
-2.058	0.00810779
-2.057	0.00812884
-2.056	0.00814998
-2.055	0.0081712
-2.054	0.00819252
-2.053	0.00821392
-2.052	0.0082354
-2.051	0.00825696
-2.05	0.0082786
-2.049	0.00830032
-2.048	0.00832211
-2.047	0.00834397
-2.046	0.0083659
-2.045	0.0083879
-2.044	0.00840997
-2.043	0.00843209
-2.042	0.00845427
-2.041	0.00847651
-2.04	0.0084988
-2.039	0.00852114
-2.038	0.00854353
-2.037	0.00856597
-2.036	0.00858846
-2.035	0.00861098
-2.034	0.00863354
-2.033	0.00865614
-2.032	0.00867878
-2.031	0.00870145
-2.03	0.00872415
-2.029	0.00874688
-2.028	0.00876963
-2.027	0.00879241
-2.026	0.0088152
-2.025	0.00883803
-2.024	0.00886087
-2.023	0.00888372
-2.022	0.00890659
-2.021	0.00892948
-2.02	0.00895238
-2.019	0.0089753
-2.018	0.00899822
-2.017	0.00902115
-2.016	0.0090441
-2.015	0.00906704
-2.014	0.00908999
-2.013	0.00911295
-2.012	0.00913591
-2.011	0.00915888
-2.01	0.00918186
-2.009	0.00920483
-2.008	0.00922781
-2.007	0.00925079
-2.006	0.00927378
-2.005	0.00929676
-2.004	0.00931975
-2.003	0.00934274
-2.002	0.00936573
-2.001	0.00938873
-2	0.00941173
-1.999	0.00943474
-1.998	0.00945775
-1.997	0.00948077
-1.996	0.0095038
-1.995	0.00952684
-1.994	0.00954987
-1.993	0.00957293
-1.992	0.00959599
-1.991	0.00961907
-1.99	0.00964217
-1.989	0.00966527
-1.988	0.00968839
-1.987	0.00971153
-1.986	0.00973468
-1.985	0.00975786
-1.984	0.00978106
-1.983	0.00980429
-1.982	0.00982754
-1.981	0.00985082
-1.98	0.00987413
-1.979	0.00989746
-1.978	0.00992084
-1.977	0.00994424
-1.976	0.00996768
-1.975	0.00999116
-1.974	0.0100147
-1.973	0.0100383
-1.972	0.0100619
-1.971	0.0100855
-1.97	0.0101092
-1.969	0.010133
-1.968	0.0101568
-1.967	0.0101806
-1.966	0.0102046
-1.965	0.0102285
-1.964	0.0102526
-1.963	0.0102767
-1.962	0.0103008
-1.961	0.0103251
-1.96	0.0103493
-1.959	0.0103737
-1.958	0.0103982
-1.957	0.0104227
-1.956	0.0104472
-1.955	0.0104719
-1.954	0.0104966
-1.953	0.0105214
-1.952	0.0105463
-1.951	0.0105713
-1.95	0.0105963
-1.949	0.0106215
-1.948	0.0106467
-1.947	0.010672
-1.946	0.0106974
-1.945	0.0107229
-1.944	0.0107484
-1.943	0.0107741
-1.942	0.0107998
-1.941	0.0108257
-1.94	0.0108516
-1.939	0.0108777
-1.938	0.0109038
-1.937	0.01093
-1.936	0.0109563
-1.935	0.0109827
-1.934	0.0110092
-1.933	0.0110358
-1.932	0.0110625
-1.931	0.0110892
-1.93	0.0111161
-1.929	0.0111431
-1.928	0.0111701
-1.927	0.0111973
-1.926	0.0112245
-1.925	0.0112519
-1.924	0.0112793
-1.923	0.0113069
-1.922	0.0113345
-1.921	0.0113622
-1.92	0.01139
-1.919	0.0114179
-1.918	0.0114459
-1.917	0.0114739
-1.916	0.0115021
-1.915	0.0115304
-1.914	0.0115587
-1.913	0.0115871
-1.912	0.0116156
-1.911	0.0116442
-1.91	0.0116729
-1.909	0.0117017
-1.908	0.0117305
-1.907	0.0117594
-1.906	0.0117884
-1.905	0.0118175
-1.904	0.0118467
-1.903	0.0118759
-1.902	0.0119052
-1.901	0.0119346
-1.9	0.011964
-1.899	0.0119936
-1.898	0.0120231
-1.897	0.0120528
-1.896	0.0120826
-1.895	0.0121124
-1.894	0.0121422
-1.893	0.0121722
-1.892	0.0122022
-1.891	0.0122322
-1.89	0.0122624
-1.889	0.0122925
-1.888	0.0123228
-1.887	0.0123531
-1.886	0.0123835
-1.885	0.0124139
-1.884	0.0124444
-1.883	0.012475
-1.882	0.0125056
-1.881	0.0125362
-1.88	0.0125669
-1.879	0.0125977
-1.878	0.0126285
-1.877	0.0126594
-1.876	0.0126903
-1.875	0.0127213
-1.874	0.0127524
-1.873	0.0127835
-1.872	0.0128146
-1.871	0.0128458
-1.87	0.0128771
-1.869	0.0129084
-1.868	0.0129397
-1.867	0.0129711
-1.866	0.0130026
-1.865	0.0130341
-1.864	0.0130657
-1.863	0.0130973
-1.862	0.0131289
-1.861	0.0131607
-1.86	0.0131924
-1.859	0.0132243
-1.858	0.0132561
-1.857	0.0132881
-1.856	0.0133201
-1.855	0.0133521
-1.854	0.0133842
-1.853	0.0134164
-1.852	0.0134486
-1.851	0.0134808
-1.85	0.0135132
-1.849	0.0135456
-1.848	0.013578
-1.847	0.0136105
-1.846	0.0136431
-1.845	0.0136757
-1.844	0.0137084
-1.843	0.0137412
-1.842	0.013774
-1.841	0.0138069
-1.84	0.0138398
-1.839	0.0138729
-1.838	0.013906
-1.837	0.0139391
-1.836	0.0139724
-1.835	0.0140057
-1.834	0.014039
-1.833	0.0140725
-1.832	0.014106
-1.831	0.0141396
-1.83	0.0141733
-1.829	0.014207
-1.828	0.0142409
-1.827	0.0142748
-1.826	0.0143088
-1.825	0.0143428
-1.824	0.014377
-1.823	0.0144112
-1.822	0.0144455
-1.821	0.0144799
-1.82	0.0145144
-1.819	0.014549
-1.818	0.0145837
-1.817	0.0146184
-1.816	0.0146532
-1.815	0.0146882
-1.814	0.0147232
-1.813	0.0147583
-1.812	0.0147935
-1.811	0.0148288
-1.81	0.0148642
-1.809	0.0148997
-1.808	0.0149353
-1.807	0.0149709
-1.806	0.0150067
-1.805	0.0150426
-1.804	0.0150785
-1.803	0.0151146
-1.802	0.0151508
-1.801	0.015187
-1.8	0.0152234
-1.799	0.0152598
-1.798	0.0152964
-1.797	0.015333
-1.796	0.0153698
-1.795	0.0154066
-1.794	0.0154436
-1.793	0.0154806
-1.792	0.0155178
-1.791	0.0155551
-1.79	0.0155924
-1.789	0.0156299
-1.788	0.0156674
-1.787	0.0157051
-1.786	0.0157429
-1.785	0.0157807
-1.784	0.0158187
-1.783	0.0158568
-1.782	0.0158949
-1.781	0.0159332
-1.78	0.0159716
-1.779	0.01601
-1.778	0.0160486
-1.777	0.0160873
-1.776	0.0161261
-1.775	0.0161649
-1.774	0.0162039
-1.773	0.016243
-1.772	0.0162822
-1.771	0.0163214
-1.77	0.0163608
-1.769	0.0164003
-1.768	0.0164399
-1.767	0.0164795
-1.766	0.0165193
-1.765	0.0165592
-1.764	0.0165992
-1.763	0.0166392
-1.762	0.0166794
-1.761	0.0167196
-1.76	0.01676
-1.759	0.0168004
-1.758	0.016841
-1.757	0.0168816
-1.756	0.0169224
-1.755	0.0169632
-1.754	0.0170041
-1.753	0.0170452
-1.752	0.0170863
-1.751	0.0171275
-1.75	0.0171688
-1.749	0.0172102
-1.748	0.0172517
-1.747	0.0172933
-1.746	0.017335
-1.745	0.0173768
-1.744	0.0174187
-1.743	0.0174607
-1.742	0.0175027
-1.741	0.0175449
-1.74	0.0175872
-1.739	0.0176295
-1.738	0.017672
-1.737	0.0177145
-1.736	0.0177571
-1.735	0.0177999
-1.734	0.0178427
-1.733	0.0178856
-1.732	0.0179286
-1.731	0.0179717
-1.73	0.0180149
-1.729	0.0180582
-1.728	0.0181016
-1.727	0.0181451
-1.726	0.0181887
-1.725	0.0182323
-1.724	0.0182761
-1.723	0.01832
-1.722	0.0183639
-1.721	0.018408
-1.72	0.0184522
-1.719	0.0184964
-1.718	0.0185408
-1.717	0.0185852
-1.716	0.0186298
-1.715	0.0186745
-1.714	0.0187192
-1.713	0.018764
-1.712	0.018809
-1.711	0.018854
-1.71	0.0188992
-1.709	0.0189445
-1.708	0.0189898
-1.707	0.0190353
-1.706	0.0190808
-1.705	0.0191265
-1.704	0.0191723
-1.703	0.0192182
-1.702	0.0192642
-1.701	0.0193102
-1.7	0.0193564
-1.699	0.0194027
-1.698	0.0194491
-1.697	0.0194956
-1.696	0.0195423
-1.695	0.019589
-1.694	0.0196359
-1.693	0.0196828
-1.692	0.0197299
-1.691	0.0197771
-1.69	0.0198243
-1.689	0.0198718
-1.688	0.0199193
-1.687	0.0199669
-1.686	0.0200146
-1.685	0.0200625
-1.684	0.0201105
-1.683	0.0201586
-1.682	0.0202068
-1.681	0.0202551
-1.68	0.0203035
-1.679	0.0203521
-1.678	0.0204007
-1.677	0.0204495
-1.676	0.0204985
-1.675	0.0205475
-1.674	0.0205966
-1.673	0.0206459
-1.672	0.0206953
-1.671	0.0207448
-1.67	0.0207944
-1.669	0.0208442
-1.668	0.0208941
-1.667	0.0209441
-1.666	0.0209942
-1.665	0.0210445
-1.664	0.0210948
-1.663	0.0211453
-1.662	0.021196
-1.661	0.0212467
-1.66	0.0212976
-1.659	0.0213486
-1.658	0.0213997
-1.657	0.021451
-1.656	0.0215023
-1.655	0.0215538
-1.654	0.0216055
-1.653	0.0216573
-1.652	0.0217091
-1.651	0.0217612
-1.65	0.0218133
-1.649	0.0218656
-1.648	0.021918
-1.647	0.0219705
-1.646	0.0220232
-1.645	0.022076
-1.644	0.0221289
-1.643	0.022182
-1.642	0.0222351
-1.641	0.0222884
-1.64	0.0223419
-1.639	0.0223955
-1.638	0.0224492
-1.637	0.022503
-1.636	0.022557
-1.635	0.0226111
-1.634	0.0226653
-1.633	0.0227196
-1.632	0.0227741
-1.631	0.0228288
-1.63	0.0228835
-1.629	0.0229384
-1.628	0.0229934
-1.627	0.0230486
-1.626	0.0231039
-1.625	0.0231593
-1.624	0.0232148
-1.623	0.0232705
-1.622	0.0233264
-1.621	0.0233823
-1.62	0.0234384
-1.619	0.0234946
-1.618	0.0235509
-1.617	0.0236074
-1.616	0.023664
-1.615	0.0237208
-1.614	0.0237777
-1.613	0.0238347
-1.612	0.0238919
-1.611	0.0239492
-1.61	0.0240066
-1.609	0.0240641
-1.608	0.0241219
-1.607	0.0241797
-1.606	0.0242377
-1.605	0.0242958
-1.604	0.024354
-1.603	0.0244124
-1.602	0.024471
-1.601	0.0245296
-1.6	0.0245884
-1.599	0.0246473
-1.598	0.0247064
-1.597	0.0247656
-1.596	0.024825
-1.595	0.0248845
-1.594	0.0249441
-1.593	0.0250039
-1.592	0.0250638
-1.591	0.0251239
-1.59	0.0251841
-1.589	0.0252444
-1.588	0.0253049
-1.587	0.0253655
-1.586	0.0254263
-1.585	0.0254872
-1.584	0.0255482
-1.583	0.0256094
-1.582	0.0256708
-1.581	0.0257323
-1.58	0.0257939
-1.579	0.0258557
-1.578	0.0259176
-1.577	0.0259796
-1.576	0.0260419
-1.575	0.0261042
-1.574	0.0261667
-1.573	0.0262294
-1.572	0.0262922
-1.571	0.0263551
-1.57	0.0264182
-1.569	0.0264815
-1.568	0.0265449
-1.567	0.0266084
-1.566	0.0266722
-1.565	0.026736
-1.564	0.0268
-1.563	0.0268642
-1.562	0.0269285
-1.561	0.026993
-1.56	0.0270576
-1.559	0.0271224
-1.558	0.0271873
-1.557	0.0272524
-1.556	0.0273176
-1.555	0.027383
-1.554	0.0274486
-1.553	0.0275143
-1.552	0.0275801
-1.551	0.0276462
-1.55	0.0277123
-1.549	0.0277787
-1.548	0.0278452
-1.547	0.0279118
-1.546	0.0279787
-1.545	0.0280456
-1.544	0.0281128
-1.543	0.0281801
-1.542	0.0282476
-1.541	0.0283152
-1.54	0.028383
-1.539	0.0284509
-1.538	0.028519
-1.537	0.0285873
-1.536	0.0286557
-1.535	0.0287243
-1.534	0.0287931
-1.533	0.0288621
-1.532	0.0289312
-1.531	0.0290004
-1.53	0.0290699
-1.529	0.0291395
-1.528	0.0292092
-1.527	0.0292792
-1.526	0.0293493
-1.525	0.0294196
-1.524	0.02949
-1.523	0.0295606
-1.522	0.0296314
-1.521	0.0297024
-1.52	0.0297735
-1.519	0.0298448
-1.518	0.0299163
-1.517	0.0299879
-1.516	0.0300597
-1.515	0.0301317
-1.514	0.0302039
-1.513	0.0302762
-1.512	0.0303487
-1.511	0.0304214
-1.51	0.0304942
-1.509	0.0305673
-1.508	0.0306405
-1.507	0.0307139
-1.506	0.0307874
-1.505	0.0308612
-1.504	0.0309351
-1.503	0.0310092
-1.502	0.0310834
-1.501	0.0311579
-1.5	0.0312325
-1.499	0.0313073
-1.498	0.0313823
-1.497	0.0314575
-1.496	0.0315328
-1.495	0.0316083
-1.494	0.031684
-1.493	0.03176
-1.492	0.031836
-1.491	0.0319123
-1.49	0.0319887
-1.489	0.0320653
-1.488	0.0321421
-1.487	0.0322191
-1.486	0.0322963
-1.485	0.0323737
-1.484	0.0324512
-1.483	0.0325289
-1.482	0.0326068
-1.481	0.0326849
-1.48	0.0327632
-1.479	0.0328417
-1.478	0.0329204
-1.477	0.0329992
-1.476	0.0330782
-1.475	0.0331575
-1.474	0.0332369
-1.473	0.0333165
-1.472	0.0333963
-1.471	0.0334763
-1.47	0.0335565
-1.469	0.0336368
-1.468	0.0337174
-1.467	0.0337981
-1.466	0.0338791
-1.465	0.0339602
-1.464	0.0340416
-1.463	0.0341231
-1.462	0.0342048
-1.461	0.0342868
-1.46	0.0343689
-1.459	0.0344512
-1.458	0.0345337
-1.457	0.0346164
-1.456	0.0346992
-1.455	0.0347824
-1.454	0.0348657
-1.453	0.0349492
-1.452	0.0350329
-1.451	0.0351167
-1.45	0.0352008
-1.449	0.0352851
-1.448	0.0353696
-1.447	0.0354543
-1.446	0.0355392
-1.445	0.0356243
-1.444	0.0357096
-1.443	0.0357951
-1.442	0.0358808
-1.441	0.0359667
-1.44	0.0360529
-1.439	0.0361392
-1.438	0.0362258
-1.437	0.0363125
-1.436	0.0363995
-1.435	0.0364866
-1.434	0.036574
-1.433	0.0366616
-1.432	0.0367493
-1.431	0.0368373
-1.43	0.0369256
-1.429	0.037014
-1.428	0.0371026
-1.427	0.0371914
-1.426	0.0372805
-1.425	0.0373697
-1.424	0.0374592
-1.423	0.0375489
-1.422	0.0376388
-1.421	0.037729
-1.42	0.0378193
-1.419	0.0379098
-1.418	0.0380006
-1.417	0.0380916
-1.416	0.0381828
-1.415	0.0382742
-1.414	0.0383659
-1.413	0.0384578
-1.412	0.0385499
-1.411	0.0386421
-1.41	0.0387347
-1.409	0.0388274
-1.408	0.0389204
-1.407	0.0390136
-1.406	0.039107
-1.405	0.0392007
-1.404	0.0392945
-1.403	0.0393886
-1.402	0.0394829
-1.401	0.0395775
-1.4	0.0396722
-1.399	0.0397672
-1.398	0.0398625
-1.397	0.0399579
-1.396	0.0400536
-1.395	0.0401495
-1.394	0.0402457
-1.393	0.040342
-1.392	0.0404387
-1.391	0.0405355
-1.39	0.0406326
-1.389	0.0407298
-1.388	0.0408274
-1.387	0.0409251
-1.386	0.0410231
-1.385	0.0411214
-1.384	0.0412198
-1.383	0.0413186
-1.382	0.0414175
-1.381	0.0415167
-1.38	0.0416162
-1.379	0.0417158
-1.378	0.0418157
-1.377	0.0419158
-1.376	0.0420162
-1.375	0.0421168
-1.374	0.0422177
-1.373	0.0423188
-1.372	0.0424201
-1.371	0.0425217
-1.37	0.0426235
-1.369	0.0427256
-1.368	0.0428279
-1.367	0.0429305
-1.366	0.0430332
-1.365	0.0431363
-1.364	0.0432396
-1.363	0.0433431
-1.362	0.0434469
-1.361	0.043551
-1.36	0.0436552
-1.359	0.0437598
-1.358	0.0438646
-1.357	0.0439696
-1.356	0.0440749
-1.355	0.0441805
-1.354	0.0442863
-1.353	0.0443923
-1.352	0.0444986
-1.351	0.0446051
-1.35	0.044712
-1.349	0.044819
-1.348	0.0449264
-1.347	0.0450339
-1.346	0.0451418
-1.345	0.0452499
-1.344	0.0453582
-1.343	0.0454668
-1.342	0.0455757
-1.341	0.0456849
-1.34	0.0457943
-1.339	0.0459039
-1.338	0.0460138
-1.337	0.046124
-1.336	0.0462345
-1.335	0.0463452
-1.334	0.0464562
-1.333	0.0465674
-1.332	0.0466789
-1.331	0.0467907
-1.33	0.0469027
-1.329	0.047015
-1.328	0.0471276
-1.327	0.0472405
-1.326	0.0473536
-1.325	0.047467
-1.324	0.0475807
-1.323	0.0476946
-1.322	0.0478088
-1.321	0.0479233
-1.32	0.0480381
-1.319	0.0481531
-1.318	0.0482684
-1.317	0.048384
-1.316	0.0484998
-1.315	0.048616
-1.314	0.0487324
-1.313	0.0488491
-1.312	0.0489661
-1.311	0.0490833
-1.31	0.0492009
-1.309	0.0493187
-1.308	0.0494368
-1.307	0.0495552
-1.306	0.0496738
-1.305	0.0497928
-1.304	0.049912
-1.303	0.0500315
-1.302	0.0501514
-1.301	0.0502715
-1.3	0.0503919
-1.299	0.0505125
-1.298	0.0506334
-1.297	0.0507547
-1.296	0.0508762
-1.295	0.0509981
-1.294	0.0511202
-1.293	0.0512426
-1.292	0.0513653
-1.291	0.0514883
-1.29	0.0516116
-1.289	0.0517352
-1.288	0.0518591
-1.287	0.0519833
-1.286	0.0521077
-1.285	0.0522325
-1.284	0.0523576
-1.283	0.052483
-1.282	0.0526086
-1.281	0.0527346
-1.28	0.0528609
-1.279	0.0529874
-1.278	0.0531143
-1.277	0.0532415
-1.276	0.053369
-1.275	0.0534968
-1.274	0.0536249
-1.273	0.0537533
-1.272	0.053882
-1.271	0.054011
-1.27	0.0541404
-1.269	0.05427
-1.268	0.0544
-1.267	0.0545302
-1.266	0.0546608
-1.265	0.0547917
-1.264	0.0549229
-1.263	0.0550544
-1.262	0.0551862
-1.261	0.0553183
-1.26	0.0554508
-1.259	0.0555836
-1.258	0.0557167
-1.257	0.0558501
-1.256	0.0559838
-1.255	0.0561179
-1.254	0.0562523
-1.253	0.056387
-1.252	0.056522
-1.251	0.0566573
-1.25	0.056793
-1.249	0.056929
-1.248	0.0570654
-1.247	0.057202
-1.246	0.057339
-1.245	0.0574763
-1.244	0.0576139
-1.243	0.0577519
-1.242	0.0578902
-1.241	0.0580288
-1.24	0.0581677
-1.239	0.058307
-1.238	0.0584467
-1.237	0.0585866
-1.236	0.0587269
-1.235	0.0588675
-1.234	0.0590085
-1.233	0.0591498
-1.232	0.0592914
-1.231	0.0594335
-1.23	0.0595758
-1.229	0.0597185
-1.228	0.0598614
-1.227	0.0600048
-1.226	0.0601485
-1.225	0.0602925
-1.224	0.0604368
-1.223	0.0605816
-1.222	0.0607267
-1.221	0.0608722
-1.22	0.0610179
-1.219	0.061164
-1.218	0.0613105
-1.217	0.0614573
-1.216	0.0616045
-1.215	0.061752
-1.214	0.0618999
-1.213	0.0620481
-1.212	0.0621967
-1.211	0.0623456
-1.21	0.062495
-1.209	0.0626446
-1.208	0.0627946
-1.207	0.062945
-1.206	0.0630957
-1.205	0.0632468
-1.204	0.0633982
-1.203	0.06355
-1.202	0.0637022
-1.201	0.0638547
-1.2	0.0640076
-1.199	0.0641609
-1.198	0.0643146
-1.197	0.0644686
-1.196	0.0646229
-1.195	0.0647777
-1.194	0.0649328
-1.193	0.0650883
-1.192	0.0652442
-1.191	0.0654004
-1.19	0.065557
-1.189	0.065714
-1.188	0.0658713
-1.187	0.066029
-1.186	0.0661871
-1.185	0.0663456
-1.184	0.0665044
-1.183	0.0666637
-1.182	0.0668233
-1.181	0.0669834
-1.18	0.0671437
-1.179	0.0673045
-1.178	0.0674657
-1.177	0.0676272
-1.176	0.0677892
-1.175	0.0679515
-1.174	0.0681142
-1.173	0.0682773
-1.172	0.0684408
-1.171	0.0686047
-1.17	0.0687689
-1.169	0.0689336
-1.168	0.0690987
-1.167	0.0692641
-1.166	0.06943
-1.165	0.0695962
-1.164	0.0697629
-1.163	0.0699299
-1.162	0.0700974
-1.161	0.0702653
-1.16	0.0704335
-1.159	0.0706022
-1.158	0.0707712
-1.157	0.0709407
-1.156	0.0711105
-1.155	0.0712808
-1.154	0.0714515
-1.153	0.0716226
-1.152	0.0717941
-1.151	0.0719661
-1.15	0.0721384
-1.149	0.0723112
-1.148	0.0724843
-1.147	0.0726579
-1.146	0.0728318
-1.145	0.0730063
-1.144	0.0731811
-1.143	0.0733563
-1.142	0.073532
-1.141	0.0737081
-1.14	0.0738846
-1.139	0.0740616
-1.138	0.0742389
-1.137	0.0744167
-1.136	0.0745949
-1.135	0.0747735
-1.134	0.0749526
-1.133	0.0751321
-1.132	0.075312
-1.131	0.0754923
-1.13	0.0756731
-1.129	0.0758543
-1.128	0.076036
-1.127	0.0762181
-1.126	0.0764006
-1.125	0.0765836
-1.124	0.0767669
-1.123	0.0769507
-1.122	0.077135
-1.121	0.0773197
-1.12	0.0775048
-1.119	0.0776905
-1.118	0.0778765
-1.117	0.078063
-1.116	0.0782499
-1.115	0.0784373
-1.114	0.0786251
-1.113	0.0788134
-1.112	0.0790021
-1.111	0.0791913
-1.11	0.0793809
-1.109	0.0795711
-1.108	0.0797615
-1.107	0.0799525
-1.106	0.0801439
-1.105	0.0803359
-1.104	0.0805283
-1.103	0.0807211
-1.102	0.0809144
-1.101	0.0811081
-1.1	0.0813023
-1.099	0.081497
-1.098	0.0816922
-1.097	0.0818877
-1.096	0.0820838
-1.095	0.0822805
-1.094	0.0824775
-1.093	0.0826749
-1.092	0.0828729
-1.091	0.0830713
-1.09	0.0832702
-1.089	0.0834696
-1.088	0.0836695
-1.087	0.0838698
-1.086	0.0840707
-1.085	0.084272
-1.084	0.0844738
-1.083	0.0846761
-1.082	0.0848788
-1.081	0.085082
-1.08	0.0852858
-1.079	0.08549
-1.078	0.0856948
-1.077	0.0859
-1.076	0.0861057
-1.075	0.0863118
-1.074	0.0865185
-1.073	0.0867257
-1.072	0.0869334
-1.071	0.0871415
-1.07	0.0873503
-1.069	0.0875594
-1.068	0.0877691
-1.067	0.0879793
-1.066	0.0881899
-1.065	0.0884011
-1.064	0.0886128
-1.063	0.088825
-1.062	0.0890377
-1.061	0.0892509
-1.06	0.0894646
-1.059	0.0896789
-1.058	0.0898937
-1.057	0.090109
-1.056	0.0903247
-1.055	0.0905411
-1.054	0.0907579
-1.053	0.0909752
-1.052	0.091193
-1.051	0.0914114
-1.05	0.0916303
-1.049	0.0918498
-1.048	0.0920697
-1.047	0.0922902
-1.046	0.0925112
-1.045	0.0927327
-1.044	0.0929548
-1.043	0.0931774
-1.042	0.0934005
-1.041	0.0936242
-1.04	0.0938483
-1.039	0.094073
-1.038	0.0942983
-1.037	0.0945241
-1.036	0.0947504
-1.035	0.0949773
-1.034	0.0952048
-1.033	0.0954328
-1.032	0.0956613
-1.031	0.0958904
-1.03	0.09612
-1.029	0.0963502
-1.028	0.0965808
-1.027	0.0968122
-1.026	0.097044
-1.025	0.0972763
-1.024	0.0975092
-1.023	0.0977428
-1.022	0.0979768
-1.021	0.0982114
-1.02	0.0984466
-1.019	0.0986823
-1.018	0.0989186
-1.017	0.0991555
-1.016	0.0993929
-1.015	0.0996309
-1.014	0.0998694
-1.013	0.100109
-1.012	0.100348
-1.011	0.100589
-1.01	0.100829
-1.009	0.101071
-1.008	0.101313
-1.007	0.101556
-1.006	0.101799
-1.005	0.102042
-1.004	0.102287
-1.003	0.102532
-1.002	0.102777
-1.001	0.103023
-1	0.10327
-0.999	0.103517
-0.998	0.103765
-0.997	0.104014
-0.996	0.104263
-0.995	0.104512
-0.994	0.104763
-0.993	0.105014
-0.992	0.105265
-0.991	0.105517
-0.99	0.10577
-0.989	0.106023
-0.988	0.106277
-0.987	0.106531
-0.986	0.106787
-0.985	0.107042
-0.984	0.107299
-0.983	0.107556
-0.982	0.107813
-0.981	0.108071
-0.98	0.10833
-0.979	0.10859
-0.978	0.108849
-0.977	0.10911
-0.976	0.109372
-0.975	0.109633
-0.974	0.109896
-0.973	0.110159
-0.972	0.110423
-0.971	0.110687
-0.97	0.110952
-0.969	0.111218
-0.968	0.111484
-0.967	0.111751
-0.966	0.112019
-0.965	0.112287
-0.964	0.112556
-0.963	0.112826
-0.962	0.113096
-0.961	0.113367
-0.96	0.113638
-0.959	0.11391
-0.958	0.114183
-0.957	0.114456
-0.956	0.114731
-0.955	0.115005
-0.954	0.115281
-0.953	0.115557
-0.952	0.115833
-0.951	0.116111
-0.95	0.116389
-0.949	0.116668
-0.948	0.116947
-0.947	0.117227
-0.946	0.117508
-0.945	0.117789
-0.944	0.118071
-0.943	0.118354
-0.942	0.118637
-0.941	0.118921
-0.94	0.119206
-0.939	0.119492
-0.938	0.119778
-0.937	0.120064
-0.936	0.120352
-0.935	0.12064
-0.934	0.120929
-0.933	0.121219
-0.932	0.121509
-0.931	0.1218
-0.93	0.122091
-0.929	0.122384
-0.928	0.122677
-0.927	0.122971
-0.926	0.123265
-0.925	0.12356
-0.924	0.123856
-0.923	0.124153
-0.922	0.12445
-0.921	0.124748
-0.92	0.125047
-0.919	0.125346
-0.918	0.125646
-0.917	0.125947
-0.916	0.126249
-0.915	0.126551
-0.914	0.126854
-0.913	0.127158
-0.912	0.127462
-0.911	0.127768
-0.91	0.128073
-0.909	0.12838
-0.908	0.128688
-0.907	0.128996
-0.906	0.129305
-0.905	0.129614
-0.904	0.129925
-0.903	0.130236
-0.902	0.130548
-0.901	0.13086
-0.9	0.131174
-0.899	0.131488
-0.898	0.131803
-0.897	0.132118
-0.896	0.132435
-0.895	0.132752
-0.894	0.13307
-0.893	0.133388
-0.892	0.133708
-0.891	0.134028
-0.89	0.134349
-0.889	0.134671
-0.888	0.134993
-0.887	0.135316
-0.886	0.135641
-0.885	0.135965
-0.884	0.136291
-0.883	0.136617
-0.882	0.136944
-0.881	0.137272
-0.88	0.137601
-0.879	0.137931
-0.878	0.138261
-0.877	0.138592
-0.876	0.138924
-0.875	0.139256
-0.874	0.13959
-0.873	0.139924
-0.872	0.140259
-0.871	0.140595
-0.87	0.140932
-0.869	0.141269
-0.868	0.141608
-0.867	0.141947
-0.866	0.142287
-0.865	0.142627
-0.864	0.142969
-0.863	0.143311
-0.862	0.143654
-0.861	0.143998
-0.86	0.144343
-0.859	0.144689
-0.858	0.145035
-0.857	0.145382
-0.856	0.145731
-0.855	0.14608
-0.854	0.146429
-0.853	0.14678
-0.852	0.147131
-0.851	0.147484
-0.85	0.147837
-0.849	0.148191
-0.848	0.148546
-0.847	0.148901
-0.846	0.149258
-0.845	0.149615
-0.844	0.149974
-0.843	0.150333
-0.842	0.150693
-0.841	0.151054
-0.84	0.151415
-0.839	0.151778
-0.838	0.152141
-0.837	0.152506
-0.836	0.152871
-0.835	0.153237
-0.834	0.153604
-0.833	0.153972
-0.832	0.15434
-0.831	0.15471
-0.83	0.15508
-0.829	0.155452
-0.828	0.155824
-0.827	0.156197
-0.826	0.156571
-0.825	0.156946
-0.824	0.157322
-0.823	0.157699
-0.822	0.158076
-0.821	0.158455
-0.82	0.158834
-0.819	0.159215
-0.818	0.159596
-0.817	0.159978
-0.816	0.160361
-0.815	0.160745
-0.814	0.16113
-0.813	0.161516
-0.812	0.161903
-0.811	0.162291
-0.81	0.162679
-0.809	0.163069
-0.808	0.163459
-0.807	0.163851
-0.806	0.164243
-0.805	0.164636
-0.804	0.16503
-0.803	0.165426
-0.802	0.165822
-0.801	0.166219
-0.8	0.166617
-0.799	0.167016
-0.798	0.167416
-0.797	0.167817
-0.796	0.168219
-0.795	0.168622
-0.794	0.169025
-0.793	0.16943
-0.792	0.169836
-0.791	0.170242
-0.79	0.17065
-0.789	0.171059
-0.788	0.171468
-0.787	0.171879
-0.786	0.172291
-0.785	0.172703
-0.784	0.173117
-0.783	0.173531
-0.782	0.173947
-0.781	0.174363
-0.78	0.174781
-0.779	0.175199
-0.778	0.175619
-0.777	0.176039
-0.776	0.176461
-0.775	0.176883
-0.774	0.177307
-0.773	0.177732
-0.772	0.178157
-0.771	0.178584
-0.77	0.179011
-0.769	0.17944
-0.768	0.17987
-0.767	0.1803
-0.766	0.180732
-0.765	0.181165
-0.764	0.181599
-0.763	0.182034
-0.762	0.182469
-0.761	0.182906
-0.76	0.183344
-0.759	0.183783
-0.758	0.184223
-0.757	0.184665
-0.756	0.185107
-0.755	0.18555
-0.754	0.185994
-0.753	0.18644
-0.752	0.186886
-0.751	0.187334
-0.75	0.187782
-0.749	0.188232
-0.748	0.188683
-0.747	0.189134
-0.746	0.189587
-0.745	0.190041
-0.744	0.190496
-0.743	0.190953
-0.742	0.19141
-0.741	0.191868
-0.74	0.192328
-0.739	0.192788
-0.738	0.19325
-0.737	0.193713
-0.736	0.194177
-0.735	0.194642
-0.734	0.195108
-0.733	0.195575
-0.732	0.196043
-0.731	0.196513
-0.73	0.196983
-0.729	0.197455
-0.728	0.197928
-0.727	0.198402
-0.726	0.198877
-0.725	0.199353
-0.724	0.199831
-0.723	0.200309
-0.722	0.200789
-0.721	0.20127
-0.72	0.201752
-0.719	0.202235
-0.718	0.202719
-0.717	0.203204
-0.716	0.203691
-0.715	0.204179
-0.714	0.204668
-0.713	0.205158
-0.712	0.205649
-0.711	0.206142
-0.71	0.206635
-0.709	0.20713
-0.708	0.207626
-0.707	0.208123
-0.706	0.208622
-0.705	0.209121
-0.704	0.209622
-0.703	0.210124
-0.702	0.210627
-0.701	0.211131
-0.7	0.211637
-0.699	0.212144
-0.698	0.212652
-0.697	0.213161
-0.696	0.213671
-0.695	0.214183
-0.694	0.214696
-0.693	0.21521
-0.692	0.215725
-0.691	0.216242
-0.69	0.21676
-0.689	0.217279
-0.688	0.217799
-0.687	0.21832
-0.686	0.218843
-0.685	0.219367
-0.684	0.219892
-0.683	0.220419
-0.682	0.220947
-0.681	0.221476
-0.68	0.222006
-0.679	0.222538
-0.678	0.223071
-0.677	0.223605
-0.676	0.22414
-0.675	0.224677
-0.674	0.225215
-0.673	0.225754
-0.672	0.226295
-0.671	0.226837
-0.67	0.22738
-0.669	0.227924
-0.668	0.22847
-0.667	0.229017
-0.666	0.229566
-0.665	0.230116
-0.664	0.230666
-0.663	0.231219
-0.662	0.231772
-0.661	0.232327
-0.66	0.232884
-0.659	0.233442
-0.658	0.234
-0.657	0.234561
-0.656	0.235122
-0.655	0.235686
-0.654	0.23625
-0.653	0.236816
-0.652	0.237383
-0.651	0.237951
-0.65	0.238521
-0.649	0.239092
-0.648	0.239665
-0.647	0.240239
-0.646	0.240814
-0.645	0.241391
-0.644	0.241969
-0.643	0.242548
-0.642	0.243129
-0.641	0.243711
-0.64	0.244295
-0.639	0.24488
-0.638	0.245467
-0.637	0.246054
-0.636	0.246643
-0.635	0.247234
-0.634	0.247826
-0.633	0.24842
-0.632	0.249014
-0.631	0.249611
-0.63	0.250208
-0.629	0.250808
-0.628	0.251408
-0.627	0.25201
-0.626	0.252614
-0.625	0.253219
-0.624	0.253825
-0.623	0.254433
-0.622	0.255042
-0.621	0.255653
-0.62	0.256265
-0.619	0.256879
-0.618	0.257494
-0.617	0.25811
-0.616	0.258728
-0.615	0.259348
-0.614	0.259969
-0.613	0.260591
-0.612	0.261215
-0.611	0.261841
-0.61	0.262468
-0.609	0.263096
-0.608	0.263726
-0.607	0.264358
-0.606	0.264991
-0.605	0.265625
-0.604	0.266261
-0.603	0.266899
-0.602	0.267538
-0.601	0.268179
-0.6	0.268821
-0.599	0.269464
-0.598	0.27011
-0.597	0.270756
-0.596	0.271405
-0.595	0.272055
-0.594	0.272706
-0.593	0.273359
-0.592	0.274014
-0.591	0.27467
-0.59	0.275328
-0.589	0.275987
-0.588	0.276648
-0.587	0.27731
-0.586	0.277974
-0.585	0.27864
-0.584	0.279307
-0.583	0.279976
-0.582	0.280646
-0.581	0.281318
-0.58	0.281992
-0.579	0.282667
-0.578	0.283344
-0.577	0.284023
-0.576	0.284703
-0.575	0.285385
-0.574	0.286068
-0.573	0.286753
-0.572	0.28744
-0.571	0.288128
-0.57	0.288818
-0.569	0.28951
-0.568	0.290203
-0.567	0.290898
-0.566	0.291595
-0.565	0.292293
-0.564	0.292993
-0.563	0.293695
-0.562	0.294398
-0.561	0.295103
-0.56	0.29581
-0.559	0.296518
-0.558	0.297228
-0.557	0.29794
-0.556	0.298653
-0.555	0.299368
-0.554	0.300085
-0.553	0.300804
-0.552	0.301524
-0.551	0.302246
-0.55	0.30297
-0.549	0.303695
-0.548	0.304423
-0.547	0.305152
-0.546	0.305882
-0.545	0.306615
-0.544	0.307349
-0.543	0.308085
-0.542	0.308823
-0.541	0.309562
-0.54	0.310303
-0.539	0.311047
-0.538	0.311791
-0.537	0.312538
-0.536	0.313286
-0.535	0.314037
-0.534	0.314788
-0.533	0.315542
-0.532	0.316298
-0.531	0.317055
-0.53	0.317815
-0.529	0.318575
-0.528	0.319338
-0.527	0.320103
-0.526	0.320869
-0.525	0.321638
-0.524	0.322408
-0.523	0.32318
-0.522	0.323954
-0.521	0.324729
-0.52	0.325507
-0.519	0.326286
-0.518	0.327068
-0.517	0.327851
-0.516	0.328636
-0.515	0.329423
-0.514	0.330212
-0.513	0.331002
-0.512	0.331795
-0.511	0.332589
-0.51	0.333386
-0.509	0.334184
-0.508	0.334985
-0.507	0.335787
-0.506	0.336591
-0.505	0.337397
-0.504	0.338205
-0.503	0.339015
-0.502	0.339827
-0.501	0.34064
-0.5	0.341456
-0.499	0.342273
-0.498	0.343093
-0.497	0.343915
-0.496	0.344738
-0.495	0.345564
-0.494	0.346391
-0.493	0.347221
-0.492	0.348052
-0.491	0.348886
-0.49	0.349721
-0.489	0.350559
-0.488	0.351398
-0.487	0.35224
-0.486	0.353083
-0.485	0.353929
-0.484	0.354776
-0.483	0.355626
-0.482	0.356478
-0.481	0.357331
-0.48	0.358187
-0.479	0.359045
-0.478	0.359904
-0.477	0.360766
-0.476	0.36163
-0.475	0.362496
-0.474	0.363364
-0.473	0.364235
-0.472	0.365107
-0.471	0.365981
-0.47	0.366857
-0.469	0.367736
-0.468	0.368616
-0.467	0.369499
-0.466	0.370384
-0.465	0.371271
-0.464	0.37216
-0.463	0.373051
-0.462	0.373944
-0.461	0.37484
-0.46	0.375737
-0.459	0.376637
-0.458	0.377539
-0.457	0.378443
-0.456	0.379349
-0.455	0.380257
-0.454	0.381168
-0.453	0.382081
-0.452	0.382996
-0.451	0.383913
-0.45	0.384832
-0.449	0.385753
-0.448	0.386677
-0.447	0.387603
-0.446	0.388531
-0.445	0.389461
-0.444	0.390394
-0.443	0.391329
-0.442	0.392266
-0.441	0.393205
-0.44	0.394147
-0.439	0.395091
-0.438	0.396037
-0.437	0.396985
-0.436	0.397936
-0.435	0.398888
-0.434	0.399844
-0.433	0.400801
-0.432	0.401761
-0.431	0.402723
-0.43	0.403687
-0.429	0.404654
-0.428	0.405623
-0.427	0.406594
-0.426	0.407568
-0.425	0.408544
-0.424	0.409522
-0.423	0.410503
-0.422	0.411486
-0.421	0.412471
-0.42	0.413459
-0.419	0.414449
-0.418	0.415441
-0.417	0.416436
-0.416	0.417433
-0.415	0.418433
-0.414	0.419435
-0.413	0.420439
-0.412	0.421446
-0.411	0.422455
-0.41	0.423467
-0.409	0.424481
-0.408	0.425498
-0.407	0.426517
-0.406	0.427538
-0.405	0.428562
-0.404	0.429588
-0.403	0.430617
-0.402	0.431648
-0.401	0.432682
-0.4	0.433718
-0.399	0.434756
-0.398	0.435797
-0.397	0.436841
-0.396	0.437887
-0.395	0.438936
-0.394	0.439987
-0.393	0.441041
-0.392	0.442097
-0.391	0.443155
-0.39	0.444216
-0.389	0.44528
-0.388	0.446346
-0.387	0.447416
-0.386	0.448487
-0.385	0.449561
-0.384	0.450637
-0.383	0.451716
-0.382	0.452798
-0.381	0.453882
-0.38	0.454969
-0.379	0.456059
-0.378	0.457151
-0.377	0.458245
-0.376	0.459343
-0.375	0.460443
-0.374	0.461545
-0.373	0.46265
-0.372	0.463758
-0.371	0.464869
-0.37	0.465982
-0.369	0.467098
-0.368	0.468216
-0.367	0.469337
-0.366	0.470461
-0.365	0.471588
-0.364	0.472717
-0.363	0.473849
-0.362	0.474984
-0.361	0.476121
-0.36	0.477261
-0.359	0.478403
-0.358	0.479549
-0.357	0.480697
-0.356	0.481848
-0.355	0.483002
-0.354	0.484159
-0.353	0.485318
-0.352	0.48648
-0.351	0.487645
-0.35	0.488813
-0.349	0.490065
-0.348	0.491483
-0.347	0.493067
-0.346	0.494813
-0.345	0.496719
-0.344	0.498781
-0.343	0.500998
-0.342	0.503364
-0.341	0.505878
-0.34	0.508534
-0.339	0.51132
-0.338	0.51422
-0.337	0.517229
-0.336	0.520347
-0.335	0.523566
-0.334	0.526882
-0.333	0.530292
-0.332	0.533791
-0.331	0.537373
-0.33	0.541037
-0.329	0.544777
-0.328	0.548587
-0.327	0.552465
-0.326	0.556406
-0.325	0.560405
-0.324	0.564459
-0.323	0.568563
-0.322	0.572712
-0.321	0.576904
-0.32	0.581133
-0.319	0.585396
-0.318	0.58969
-0.317	0.594008
-0.316	0.59835
-0.315	0.602709
-0.314	0.607084
-0.313	0.611469
-0.312	0.615862
-0.311	0.620261
-0.31	0.624658
-0.309	0.629054
-0.308	0.633444
-0.307	0.637825
-0.306	0.642194
-0.305	0.646547
-0.304	0.650883
-0.303	0.655198
-0.302	0.659489
-0.301	0.663753
-0.3	0.667988
-0.299	0.672191
-0.298	0.67636
-0.297	0.680492
-0.296	0.684585
-0.295	0.688634
-0.294	0.692641
-0.293	0.696601
-0.292	0.700513
-0.291	0.704374
-0.29	0.708182
-0.289	0.711936
-0.288	0.715631
-0.287	0.71927
-0.286	0.722848
-0.285	0.726362
-0.284	0.729814
-0.283	0.733199
-0.282	0.736517
-0.281	0.739766
-0.28	0.742945
-0.279	0.746051
-0.278	0.749084
-0.277	0.752041
-0.276	0.754924
-0.275	0.757728
-0.274	0.760453
-0.273	0.763099
-0.272	0.765663
-0.271	0.768144
-0.27	0.770543
-0.269	0.772858
-0.268	0.775087
-0.267	0.777228
-0.266	0.779284
-0.265	0.781251
-0.264	0.783129
-0.263	0.784917
-0.262	0.786615
-0.261	0.788222
-0.26	0.789736
-0.259	0.791161
-0.258	0.792496
-0.257	0.79374
-0.256	0.794896
-0.255	0.79596
-0.254	0.796934
-0.253	0.797816
-0.252	0.798608
-0.251	0.799309
-0.25	0.799917
-0.249	0.800433
-0.248	0.800859
-0.247	0.801191
-0.246	0.801433
-0.245	0.801582
-0.244	0.80164
-0.243	0.801605
-0.242	0.801479
-0.241	0.801263
-0.24	0.800955
-0.239	0.800555
-0.238	0.800065
-0.237	0.799485
-0.236	0.798815
-0.235	0.798055
-0.234	0.797205
-0.233	0.796268
-0.232	0.795242
-0.231	0.794129
-0.23	0.792927
-0.229	0.79164
-0.228	0.790267
-0.227	0.78881
-0.226	0.787266
-0.225	0.78564
-0.224	0.783931
-0.223	0.78214
-0.222	0.780268
-0.221	0.778317
-0.22	0.776286
-0.219	0.774176
-0.218	0.77199
-0.217	0.769727
-0.216	0.76739
-0.215	0.764979
-0.214	0.762495
-0.213	0.759941
-0.212	0.757318
-0.211	0.754624
-0.21	0.751864
-0.209	0.749039
-0.208	0.74615
-0.207	0.743196
-0.206	0.740183
-0.205	0.737111
-0.204	0.73398
-0.203	0.730793
-0.202	0.727553
-0.201	0.72426
-0.2	0.720916
-0.199	0.717524
-0.198	0.714085
-0.197	0.710602
-0.196	0.707076
-0.195	0.703511
-0.194	0.699906
-0.193	0.696266
-0.192	0.692592
-0.191	0.688887
-0.19	0.685152
-0.189	0.681393
-0.188	0.677608
-0.187	0.673802
-0.186	0.669978
-0.185	0.666138
-0.184	0.662284
-0.183	0.65842
-0.182	0.65455
-0.181	0.650673
-0.18	0.646795
-0.179	0.642923
-0.178	0.639066
-0.177	0.635226
-0.176	0.631406
-0.175	0.627609
-0.174	0.623839
-0.173	0.6201
-0.172	0.616394
-0.171	0.612723
-0.17	0.609093
-0.169	0.605507
-0.168	0.601966
-0.167	0.598475
-0.166	0.595039
-0.165	0.591659
-0.164	0.588338
-0.163	0.585082
-0.162	0.581893
-0.161	0.578775
-0.16	0.575731
-0.159	0.572764
-0.158	0.569879
-0.157	0.567077
-0.156	0.564364
-0.155	0.561741
-0.154	0.559213
-0.153	0.556782
-0.152	0.554451
-0.151	0.552224
-0.15	0.550104
-0.149	0.548092
-0.148	0.546194
-0.147	0.544409
-0.146	0.542742
-0.145	0.541195
-0.144	0.53977
-0.143	0.538469
-0.142	0.537293
-0.141	0.536246
-0.14	0.535328
-0.139	0.53454
-0.138	0.533886
-0.137	0.533365
-0.136	0.532977
-0.135	0.532725
-0.134	0.532608
-0.133	0.532628
-0.132	0.532782
-0.131	0.533074
-0.13	0.533501
-0.129	0.534063
-0.128	0.53476
-0.127	0.535591
-0.126	0.536553
-0.125	0.537649
-0.124	0.538874
-0.123	0.540229
-0.122	0.54171
-0.121	0.543317
-0.12	0.545046
-0.119	0.546897
-0.118	0.548866
-0.117	0.550952
-0.116	0.553151
-0.115	0.555462
-0.114	0.55788
-0.113	0.560404
-0.112	0.563031
-0.111	0.565756
-0.11	0.568579
-0.109	0.571494
-0.108	0.574499
-0.107	0.577591
-0.106	0.580767
-0.105	0.584022
-0.104	0.587355
-0.103	0.59076
-0.102	0.594235
-0.101	0.597777
-0.1	0.601382