-3.037	5.18531e-007
-3.036	5.13564e-007
-3.035	5.17577e-007
-3.034	5.15265e-007
-3.033	5.17227e-007
-3.032	5.19093e-007
-3.031	5.1674e-007
-3.03	5.15644e-007
-3.029	5.15068e-007
-3.028	5.21146e-007
-3.027	5.20541e-007
-3.026	5.22249e-007
-3.025	5.27797e-007
-3.024	5.25947e-007
-3.023	5.27936e-007
-3.022	5.3262e-007
-3.021	5.32195e-007
-3.02	5.38838e-007
-3.019	5.36799e-007
-3.018	5.43772e-007
-3.017	5.52495e-007
-3.016	5.50937e-007
-3.015	5.60917e-007
-3.014	5.61858e-007
-3.013	5.74488e-007
-3.012	5.8016e-007
-3.011	5.83938e-007
-3.01	5.98953e-007
-3.009	6.03124e-007
-3.008	6.16254e-007
-3.007	6.24165e-007
-3.006	6.34846e-007
-3.005	6.49483e-007
-3.004	6.54644e-007
-3.003	6.69458e-007
-3.002	6.88565e-007
-3.001	6.96931e-007
-3	7.09662e-007
-2.999	7.28685e-007
-2.998	7.43223e-007
-2.997	7.62438e-007
-2.996	7.79452e-007
-2.995	7.97786e-007
-2.994	8.2275e-007
-2.993	8.41524e-007
-2.992	8.62763e-007
-2.991	8.81961e-007
-2.99	9.0388e-007
-2.989	9.30679e-007
-2.988	9.49281e-007
-2.987	9.80653e-007
-2.986	1.00951e-006
-2.985	1.0292e-006
-2.984	1.06097e-006
-2.983	1.0931e-006
-2.982	1.11658e-006
-2.981	1.14321e-006
-2.98	1.17955e-006
-2.979	1.20985e-006
-2.978	1.24305e-006
-2.977	1.27896e-006
-2.976	1.31225e-006
-2.975	1.35378e-006
-2.974	1.38712e-006
-2.973	1.42501e-006
-2.972	1.4619e-006
-2.971	1.50116e-006
-2.97	1.54674e-006
-2.969	1.57729e-006
-2.968	1.62979e-006
-2.967	1.67196e-006
-2.966	1.71093e-006
-2.965	1.76281e-006
-2.964	1.80721e-006
-2.963	1.86119e-006
-2.962	1.9085e-006
-2.961	1.96251e-006
-2.96	2.00907e-006
-2.959	2.06016e-006
-2.958	2.11882e-006
-2.957	2.17166e-006
-2.956	2.23019e-006
-2.955	2.28413e-006
-2.954	2.34813e-006
-2.953	2.40815e-006
-2.952	2.46156e-006
-2.951	2.52919e-006
-2.95	2.59303e-006
-2.949	2.65996e-006
-2.948	2.72807e-006
-2.947	2.79458e-006
-2.946	2.87109e-006
-2.945	2.94354e-006
-2.944	3.01556e-006
-2.943	3.08658e-006
-2.942	3.16778e-006
-2.941	3.24427e-006
-2.94	3.32047e-006
-2.939	3.40548e-006
-2.938	3.48824e-006
-2.937	3.57487e-006
-2.936	3.66116e-006
-2.935	3.75425e-006
-2.934	3.83924e-006
-2.933	3.93204e-006
-2.932	4.03639e-006
-2.931	4.12767e-006
-2.93	4.23012e-006
-2.929	4.33217e-006
-2.928	4.43262e-006
-2.927	4.54614e-006
-2.926	4.649e-006
-2.925	4.7629e-006
-2.924	4.87282e-006
-2.923	4.99148e-006
-2.922	5.11238e-006
-2.921	5.22313e-006
-2.92	5.35565e-006
-2.919	5.47946e-006
-2.918	5.60748e-006
-2.917	5.73462e-006
-2.916	5.8733e-006
-2.915	6.01478e-006
-2.914	6.14971e-006
-2.913	6.29938e-006
-2.912	6.44391e-006
-2.911	6.60161e-006
-2.91	6.75724e-006
-2.909	6.91258e-006
-2.908	7.07639e-006
-2.907	7.23131e-006
-2.906	7.41149e-006
-2.905	7.58437e-006
-2.904	7.75703e-006
-2.903	7.9469e-006
-2.902	8.12703e-006
-2.901	8.32327e-006
-2.9	8.5128e-006
-2.899	8.71257e-006
-2.898	8.91928e-006
-2.897	9.1287e-006
-2.896	9.34218e-006
-2.895	9.56057e-006
-2.894	9.79244e-006
-2.893	1.002e-005
-2.892	1.02562e-005
-2.891	1.04979e-005
-2.89	1.07461e-005
-2.889	1.10041e-005
-2.888	1.12668e-005
-2.887	1.15359e-005
-2.886	1.18103e-005
-2.885	1.20812e-005
-2.884	1.23827e-005
-2.883	1.26772e-005
-2.882	1.29785e-005
-2.881	1.32926e-005
-2.88	1.36086e-005
-2.879	1.39397e-005
-2.878	1.42734e-005
-2.877	1.46248e-005
-2.876	1.49791e-005
-2.875	1.53376e-005
-2.874	1.57114e-005
-2.873	1.61003e-005
-2.872	1.64868e-005
-2.871	1.68935e-005
-2.87	1.73075e-005
-2.869	1.7736e-005
-2.868	1.81828e-005
-2.867	1.86253e-005
-2.866	1.90815e-005
-2.865	1.95656e-005
-2.864	2.00418e-005
-2.863	2.05385e-005
-2.862	2.10496e-005
-2.861	2.15714e-005
-2.86	2.2118e-005
-2.859	2.266e-005
-2.858	2.32394e-005
-2.857	2.38127e-005
-2.856	2.44133e-005
-2.855	2.50327e-005
-2.854	2.56603e-005
-2.853	2.63078e-005
-2.852	2.69689e-005
-2.851	2.76525e-005
-2.85	2.83522e-005
-2.849	2.907e-005
-2.848	2.98093e-005
-2.847	3.05663e-005
-2.846	3.13364e-005
-2.845	3.21355e-005
-2.844	3.29461e-005
-2.843	3.37869e-005
-2.842	3.46427e-005
-2.841	3.55299e-005
-2.84	3.64282e-005
-2.839	3.73539e-005
-2.838	3.83105e-005
-2.837	3.92789e-005
-2.836	4.02849e-005
-2.835	4.13086e-005
-2.834	4.23629e-005
-2.833	4.34392e-005
-2.832	4.45421e-005
-2.831	4.56768e-005
-2.83	4.68331e-005
-2.829	4.80221e-005
-2.828	4.92414e-005
-2.827	5.04894e-005
-2.826	5.17708e-005
-2.825	5.30756e-005
-2.824	5.44248e-005
-2.823	5.58025e-005
-2.822	5.72137e-005
-2.821	5.86511e-005
-2.82	6.01366e-005
-2.819	6.1646e-005
-2.818	6.31996e-005
-2.817	6.47971e-005
-2.816	6.64148e-005
-2.815	6.80853e-005
-2.814	6.97835e-005
-2.813	7.15403e-005
-2.812	7.33211e-005
-2.811	7.51469e-005
-2.81	7.70196e-005
-2.809	7.89366e-005
-2.808	8.09017e-005
-2.807	8.29063e-005
-2.806	8.49607e-005
-2.805	8.70662e-005
-2.804	8.92168e-005
-2.803	9.14187e-005
-2.802	9.367e-005
-2.801	9.59738e-005
-2.8	9.83374e-005
-2.799	0.000100742
-2.798	0.000103222
-2.797	0.000105742
-2.796	0.000108323
-2.795	0.000110969
-2.794	0.00011367
-2.793	0.000116443
-2.792	0.000119263
-2.791	0.000122157
-2.79	0.000125122
-2.789	0.000128145
-2.788	0.000131252
-2.787	0.000134422
-2.786	0.00013766
-2.785	0.00014099
-2.784	0.000144375
-2.783	0.000147857
-2.782	0.000151406
-2.781	0.000155038
-2.78	0.000158758
-2.779	0.000162562
-2.778	0.000166448
-2.777	0.000170435
-2.776	0.000174512
-2.775	0.000178677
-2.774	0.000182954
-2.773	0.000187314
-2.772	0.000191789
-2.771	0.000196365
-2.77	0.000201052
-2.769	0.000205847
-2.768	0.000210756
-2.767	0.000215777
-2.766	0.000220925
-2.765	0.000226193
-2.764	0.000231587
-2.763	0.000237105
-2.762	0.000242767
-2.761	0.000248566
-2.76	0.000254494
-2.759	0.000260569
-2.758	0.000266799
-2.757	0.000273175
-2.756	0.000279716
-2.755	0.000286413
-2.754	0.000293262
-2.753	0.000300303
-2.752	0.000307501
-2.751	0.000314896
-2.75	0.000322465
-2.749	0.00033022
-2.748	0.000338181
-2.747	0.000346331
-2.746	0.000354691
-2.745	0.000363259
-2.744	0.000372054
-2.743	0.000381069
-2.742	0.000390309
-2.741	0.000399783
-2.74	0.000409517
-2.739	0.00041948
-2.738	0.000429706
-2.737	0.000440206
-2.736	0.000450963
-2.735	0.000462007
-2.734	0.000473334
-2.733	0.00048496
-2.732	0.000496889
-2.731	0.000509115
-2.73	0.000521674
-2.729	0.000534548
-2.728	0.000547768
-2.727	0.000561324
-2.726	0.00057524
-2.725	0.000589518
-2.724	0.00060416
-2.723	0.000619208
-2.722	0.00063462
-2.721	0.000650459
-2.72	0.000666701
-2.719	0.000683368
-2.718	0.000700474
-2.717	0.00071802
-2.716	0.000736034
-2.715	0.000754505
-2.714	0.000773469
-2.713	0.00079291
-2.712	0.000812871
-2.711	0.000833346
-2.71	0.000854352
-2.709	0.0008759
-2.708	0.00089801
-2.707	0.000920687
-2.706	0.000943954
-2.705	0.000967821
-2.704	0.000992293
-2.703	0.00101739
-2.702	0.00104314
-2.701	0.00106954
-2.7	0.00109662
-2.699	0.00112439
-2.698	0.00115285
-2.697	0.00118205
-2.696	0.00121197
-2.695	0.00124266
-2.694	0.00127412
-2.693	0.00130635
-2.692	0.00133941
-2.691	0.00137329
-2.69	0.00140801
-2.689	0.0014436
-2.688	0.00148006
-2.687	0.00151744
-2.686	0.00155573
-2.685	0.00159497
-2.684	0.00163517
-2.683	0.00167635
-2.682	0.00171855
-2.681	0.00176177
-2.68	0.00180605
-2.679	0.00185139
-2.678	0.00189785
-2.677	0.00194542
-2.676	0.00199413
-2.675	0.00204403
-2.674	0.00209512
-2.673	0.00214744
-2.672	0.002201
-2.671	0.00225585
-2.67	0.002312
-2.669	0.00236949
-2.668	0.00242834
-2.667	0.0024886
-2.666	0.00255026
-2.665	0.00261341
-2.664	0.00267802
-2.663	0.00274418
-2.662	0.00281188
-2.661	0.00288119
-2.66	0.00295211
-2.659	0.0030247
-2.658	0.00309901
-2.657	0.00317503
-2.656	0.00325287
-2.655	0.0033325
-2.654	0.00341401
-2.653	0.00349742
-2.652	0.00358278
-2.651	0.00367015
-2.65	0.00375955
-2.649	0.00385105
-2.648	0.00394469
-2.647	0.00404052
-2.646	0.0041386
-2.645	0.00423898
-2.644	0.00434171
-2.643	0.00444685
-2.642	0.00455446
-2.641	0.00466461
-2.64	0.00477734
-2.639	0.00489273
-2.638	0.00501086
-2.637	0.00513177
-2.636	0.00525554
-2.635	0.00537921
-2.634	0.00550259
-2.633	0.0056255
-2.632	0.00574779
-2.631	0.0058693
-2.63	0.00598989
-2.629	0.00610942
-2.628	0.00622777
-2.627	0.00634482
-2.626	0.00646046
-2.625	0.00657457
-2.624	0.00668705
-2.623	0.00679782
-2.622	0.00690677
-2.621	0.00701382
-2.62	0.00711889
-2.619	0.0072219
-2.618	0.00732277
-2.617	0.00742143
-2.616	0.00751781
-2.615	0.00761186
-2.614	0.0077035
-2.613	0.00779267
-2.612	0.00787933
-2.611	0.00796341
-2.61	0.00804488
-2.609	0.00812368
-2.608	0.00819977
-2.607	0.0082731
-2.606	0.00834364
-2.605	0.00841134
-2.604	0.00847619
-2.603	0.00853813
-2.602	0.00859714
-2.601	0.0086532
-2.6	0.00870628
-2.599	0.00875635
-2.598	0.0088034
-2.597	0.00884741
-2.596	0.00888837
-2.595	0.00892625
-2.594	0.00896104
-2.593	0.00899275
-2.592	0.00902137
-2.591	0.00904688
-2.59	0.00906928
-2.589	0.00908859
-2.588	0.00910479
-2.587	0.0091179
-2.586	0.00912791
-2.585	0.00913485
-2.584	0.00913873
-2.583	0.00913956
-2.582	0.00913735
-2.581	0.00913213
-2.58	0.00912392
-2.579	0.00911274
-2.578	0.00909862
-2.577	0.00908159
-2.576	0.00906168
-2.575	0.00903894
-2.574	0.00901338
-2.573	0.00898507
-2.572	0.00895403
-2.571	0.00892032
-2.57	0.00888399
-2.569	0.00884509
-2.568	0.00880366
-2.567	0.00875978
-2.566	0.0087135
-2.565	0.00866489
-2.564	0.00861402
-2.563	0.00856096
-2.562	0.00850577
-2.561	0.00844855
-2.56	0.00838937
-2.559	0.00832831
-2.558	0.00826548
-2.557	0.00820097
-2.556	0.00813486
-2.555	0.00806727
-2.554	0.00799829
-2.553	0.00792804
-2.552	0.00785664
-2.551	0.0077842
-2.55	0.00771086
-2.549	0.00763673
-2.548	0.00756196
-2.547	0.00748668
-2.546	0.00741103
-2.545	0.00733518
-2.544	0.00725926
-2.543	0.00718346
-2.542	0.00710792
-2.541	0.00703282
-2.54	0.00695833
-2.539	0.00688464
-2.538	0.00681193
-2.537	0.00674039
-2.536	0.00667022
-2.535	0.00660161
-2.534	0.00653476
-2.533	0.00646988
-2.532	0.00640717
-2.531	0.00634683
-2.53	0.00628908
-2.529	0.00623411
-2.528	0.00618213
-2.527	0.00613334
-2.526	0.00608794
-2.525	0.0060461
-2.524	0.00600801
-2.523	0.00597384
-2.522	0.00594375
-2.521	0.00591788
-2.52	0.00589638
-2.519	0.00587935
-2.518	0.00586689
-2.517	0.00585909
-2.516	0.00585602
-2.515	0.00585771
-2.514	0.00586419
-2.513	0.00587546
-2.512	0.00589151
-2.511	0.0059123
-2.51	0.00593778
-2.509	0.00596788
-2.508	0.00600248
-2.507	0.00604152
-2.506	0.00608484
-2.505	0.00613231
-2.504	0.0061838
-2.503	0.00623913
-2.502	0.00629814
-2.501	0.00636066
-2.5	0.00642649
-2.499	0.00649548
-2.498	0.0065674
-2.497	0.00664208
-2.496	0.00671932
-2.495	0.00679895
-2.494	0.00688075
-2.493	0.00696453
-2.492	0.00705012
-2.491	0.00713733
-2.49	0.00722596
-2.489	0.00731586
-2.488	0.00740683
-2.487	0.00749872
-2.486	0.00759136
-2.485	0.00768458
-2.484	0.00777824
-2.483	0.00787217
-2.482	0.00796624
-2.481	0.00806031
-2.48	0.00815423
-2.479	0.00824788
-2.478	0.00834113
-2.477	0.00843386
-2.476	0.00852595
-2.475	0.00861728
-2.474	0.00870775
-2.473	0.00879727
-2.472	0.00888571
-2.471	0.00897299
-2.47	0.00905902
-2.469	0.00914371
-2.468	0.00922698
-2.467	0.00930874
-2.466	0.00938892
-2.465	0.00946744
-2.464	0.00954424
-2.463	0.00961926
-2.462	0.00969242
-2.461	0.00976366
-2.46	0.00983295
-2.459	0.00990021
-2.458	0.00996541
-2.457	0.0100285
-2.456	0.0100894
-2.455	0.0101481
-2.454	0.0102046
-2.453	0.0102588
-2.452	0.0103107
-2.451	0.0103603
-2.45	0.0104075
-2.449	0.0104523
-2.448	0.0104948
-2.447	0.0105348
-2.446	0.0105724
-2.445	0.0106075
-2.444	0.0106402
-2.443	0.0106705
-2.442	0.0106982
-2.441	0.0107235
-2.44	0.0107464
-2.439	0.0107668
-2.438	0.0107847
-2.437	0.0108002
-2.436	0.0108133
-2.435	0.0108239
-2.434	0.0108322
-2.433	0.0108381
-2.432	0.0108416
-2.431	0.0108428
-2.43	0.0108418
-2.429	0.0108384
-2.428	0.0108329
-2.427	0.0108251
-2.426	0.0108152
-2.425	0.0108032
-2.424	0.0107891
-2.423	0.010773
-2.422	0.0107549
-2.421	0.0107349
-2.42	0.0107131
-2.419	0.0106895
-2.418	0.0106641
-2.417	0.0106371
-2.416	0.0106085
-2.415	0.0105783
-2.414	0.0105467
-2.413	0.0105136
-2.412	0.0104793
-2.411	0.0104438
-2.41	0.0104071
-2.409	0.0103694
-2.408	0.0103306
-2.407	0.0102911
-2.406	0.0102507
-2.405	0.0102096
-2.404	0.010168
-2.403	0.0101258
-2.402	0.0100833
-2.401	0.0100405
-2.4	0.0099975
-2.399	0.00995444
-2.398	0.00991143
-2.397	0.00986857
-2.396	0.00982597
-2.395	0.00978376
-2.394	0.00974203
-2.393	0.00970092
-2.392	0.00966052
-2.391	0.00962097
-2.39	0.00958237
-2.389	0.00954485
-2.388	0.00950851
-2.387	0.00947346
-2.386	0.00943982
-2.385	0.00940771
-2.384	0.00937722
-2.383	0.00934846
-2.382	0.00932154
-2.381	0.00929656
-2.38	0.0092736
-2.379	0.00925277
-2.378	0.00923414
-2.377	0.0092178
-2.376	0.00920383
-2.375	0.00919229
-2.374	0.00918327
-2.373	0.00917681
-2.372	0.00917296
-2.371	0.00917176
-2.37	0.00917327
-2.369	0.00917751
-2.368	0.00918451
-2.367	0.00919427
-2.366	0.00920684
-2.365	0.00922217
-2.364	0.00924029
-2.363	0.00926118
-2.362	0.00928482
-2.361	0.00931118
-2.36	0.00934023
-2.359	0.00937193
-2.358	0.00940623
-2.357	0.00944307
-2.356	0.00948241
-2.355	0.00952417
-2.354	0.00956829
-2.353	0.0096147
-2.352	0.00966331
-2.351	0.00971404
-2.35	0.00976681
-2.349	0.00982153
-2.348	0.00987811
-2.347	0.00993644
-2.346	0.00999643
-2.345	0.010058
-2.344	0.010121
-2.343	0.0101854
-2.342	0.010251
-2.341	0.0103179
-2.34	0.0103857
-2.339	0.0104545
-2.338	0.0105242
-2.337	0.0105946
-2.336	0.0106656
-2.335	0.0107372
-2.334	0.0108093
-2.333	0.0108817
-2.332	0.0109543
-2.331	0.0110271
-2.33	0.0111
-2.329	0.0111728
-2.328	0.0112455
-2.327	0.011318
-2.326	0.0113902
-2.325	0.011462
-2.324	0.0115334
-2.323	0.0116042
-2.322	0.0116745
-2.321	0.011744
-2.32	0.0118128
-2.319	0.0118807
-2.318	0.0119478
-2.317	0.0120139
-2.316	0.0120789
-2.315	0.0121429
-2.314	0.0122058
-2.313	0.0122674
-2.312	0.0123279
-2.311	0.012387
-2.31	0.0124448
-2.309	0.0125012
-2.308	0.0125562
-2.307	0.0126098
-2.306	0.0126618
-2.305	0.0127123
-2.304	0.0127613
-2.303	0.0128086
-2.302	0.0128544
-2.301	0.0128985
-2.3	0.012941
-2.299	0.0129818
-2.298	0.0130209
-2.297	0.0130584
-2.296	0.0130941
-2.295	0.013128
-2.294	0.0131603
-2.293	0.0131909
-2.292	0.0132197
-2.291	0.0132468
-2.29	0.0132722
-2.289	0.0132958
-2.288	0.0133178
-2.287	0.0133381
-2.286	0.0133567
-2.285	0.0133737
-2.284	0.013389
-2.283	0.0134027
-2.282	0.0134148
-2.281	0.0134254
-2.28	0.0134344
-2.279	0.0134419
-2.278	0.0134479
-2.277	0.0134525
-2.276	0.0134557
-2.275	0.0134575
-2.274	0.013458
-2.273	0.0134572
-2.272	0.0134552
-2.271	0.013452
-2.27	0.0134477
-2.269	0.0134423
-2.268	0.0134358
-2.267	0.0134284
-2.266	0.01342
-2.265	0.0134108
-2.264	0.0134007
-2.263	0.01339
-2.262	0.0133785
-2.261	0.0133664
-2.26	0.0133538
-2.259	0.0133406
-2.258	0.0133271
-2.257	0.0133131
-2.256	0.0132989
-2.255	0.0132845
-2.254	0.0132699
-2.253	0.0132552
-2.252	0.0132406
-2.251	0.013226
-2.25	0.0132115
-2.249	0.0131972
-2.248	0.0131832
-2.247	0.0131696
-2.246	0.0131564
-2.245	0.0131436
-2.244	0.0131314
-2.243	0.0131199
-2.242	0.013109
-2.241	0.0130989
-2.24	0.0130896
-2.239	0.0130811
-2.238	0.0130737
-2.237	0.0130672
-2.236	0.0130618
-2.235	0.0130576
-2.234	0.0130545
-2.233	0.0130526
-2.232	0.013052
-2.231	0.0130528
-2.23	0.0130549
-2.229	0.0130584
-2.228	0.0130633
-2.227	0.0130698
-2.226	0.0130777
-2.225	0.0130872
-2.224	0.0130982
-2.223	0.0131109
-2.222	0.0131251
-2.221	0.013141
-2.22	0.0131585
-2.219	0.0131777
-2.218	0.0131984
-2.217	0.0132209
-2.216	0.013245
-2.215	0.0132707
-2.214	0.0132981
-2.213	0.013327
-2.212	0.0133576
-2.211	0.0133898
-2.21	0.0134235
-2.209	0.0134588
-2.208	0.0134955
-2.207	0.0135338
-2.206	0.0135735
-2.205	0.0136146
-2.204	0.013657
-2.203	0.0137008
-2.202	0.0137459
-2.201	0.0137923
-2.2	0.0138398
-2.199	0.0138884
-2.198	0.0139382
-2.197	0.013989
-2.196	0.0140408
-2.195	0.0140935
-2.194	0.0141471
-2.193	0.0142016
-2.192	0.0142567
-2.191	0.0143126
-2.19	0.0143692
-2.189	0.0144264
-2.188	0.014484
-2.187	0.0145422
-2.186	0.0146007
-2.185	0.0146597
-2.184	0.0147189
-2.183	0.0147783
-2.182	0.014838
-2.181	0.0148977
-2.18	0.0149576
-2.179	0.0150174
-2.178	0.0150772
-2.177	0.0151369
-2.176	0.0151964
-2.175	0.0152558
-2.174	0.0153149
-2.173	0.0153737
-2.172	0.0154321
-2.171	0.0154901
-2.17	0.0155477
-2.169	0.0156048
-2.168	0.0156614
-2.167	0.0157174
-2.166	0.0157727
-2.165	0.0158275
-2.164	0.0158815
-2.163	0.0159348
-2.162	0.0159874
-2.161	0.0160391
-2.16	0.0160901
-2.159	0.0161402
-2.158	0.0161894
-2.157	0.0162377
-2.156	0.0162852
-2.155	0.0163316
-2.154	0.0163771
-2.153	0.0164217
-2.152	0.0164652
-2.151	0.0165078
-2.15	0.0165493
-2.149	0.0165898
-2.148	0.0166292
-2.147	0.0166677
-2.146	0.016705
-2.145	0.0167413
-2.144	0.0167766
-2.143	0.0168108
-2.142	0.016844
-2.141	0.0168761
-2.14	0.0169072
-2.139	0.0169373
-2.138	0.0169664
-2.137	0.0169944
-2.136	0.0170215
-2.135	0.0170475
-2.134	0.0170727
-2.133	0.0170968
-2.132	0.0171201
-2.131	0.0171424
-2.13	0.0171638
-2.129	0.0171844
-2.128	0.0172042
-2.127	0.0172231
-2.126	0.0172413
-2.125	0.0172587
-2.124	0.0172754
-2.123	0.0172914
-2.122	0.0173068
-2.121	0.0173215
-2.12	0.0173356
-2.119	0.0173492
-2.118	0.0173623
-2.117	0.0173749
-2.116	0.017387
-2.115	0.0173987
-2.114	0.0174101
-2.113	0.0174211
-2.112	0.0174319
-2.111	0.0174424
-2.11	0.0174527
-2.109	0.0174628
-2.108	0.0174729
-2.107	0.0174828
-2.106	0.0174927
-2.105	0.0175026
-2.104	0.0175126
-2.103	0.0175226
-2.102	0.0175328
-2.101	0.0175432
-2.1	0.0175537
-2.099	0.0175645
-2.098	0.0175756
-2.097	0.0175871
-2.096	0.0175989
-2.095	0.0176111
-2.094	0.0176237
-2.093	0.0176369
-2.092	0.0176506
-2.091	0.0176648
-2.09	0.0176796
-2.089	0.017695
-2.088	0.017711
-2.087	0.0177278
-2.086	0.0177452
-2.085	0.0177634
-2.084	0.0177823
-2.083	0.017802
-2.082	0.0178225
-2.081	0.0178439
-2.08	0.0178661
-2.079	0.0178891
-2.078	0.017913
-2.077	0.0179378
-2.076	0.0179636
-2.075	0.0179902
-2.074	0.0180178
-2.073	0.0180463
-2.072	0.0180757
-2.071	0.018106
-2.07	0.0181374
-2.069	0.0181696
-2.068	0.0182028
-2.067	0.018237
-2.066	0.0182721
-2.065	0.0183081
-2.064	0.018345
-2.063	0.0183828
-2.062	0.0184216
-2.061	0.0184612
-2.06	0.0185017
-2.059	0.0185431
-2.058	0.0185853
-2.057	0.0186283
-2.056	0.0186722
-2.055	0.0187168
-2.054	0.0187622
-2.053	0.0188083
-2.052	0.0188551
-2.051	0.0189026
-2.05	0.0189508
-2.049	0.0189997
-2.048	0.0190491
-2.047	0.0190991
-2.046	0.0191497
-2.045	0.0192008
-2.044	0.0192524
-2.043	0.0193044
-2.042	0.0193569
-2.041	0.0194098
-2.04	0.019463
-2.039	0.0195166
-2.038	0.0195705
-2.037	0.0196246
-2.036	0.019679
-2.035	0.0197336
-2.034	0.0197884
-2.033	0.0198434
-2.032	0.0198984
-2.031	0.0199536
-2.03	0.0200088
-2.029	0.020064
-2.028	0.0201192
-2.027	0.0201743
-2.026	0.0202294
-2.025	0.0202844
-2.024	0.0203393
-2.023	0.020394
-2.022	0.0204486
-2.021	0.0205029
-2.02	0.0205571
-2.019	0.0206109
-2.018	0.0206645
-2.017	0.0207179
-2.016	0.0207708
-2.015	0.0208235
-2.014	0.0208758
-2.013	0.0209277
-2.012	0.0209792
-2.011	0.0210303
-2.01	0.021081
-2.009	0.0211312
-2.008	0.021181
-2.007	0.0212304
-2.006	0.0212792
-2.005	0.0213276
-2.004	0.0213754
-2.003	0.0214228
-2.002	0.0214696
-2.001	0.0215159
-2	0.0215617
-1.999	0.021607
-1.998	0.0216517
-1.997	0.0216959
-1.996	0.0217395
-1.995	0.0217827
-1.994	0.0218253
-1.993	0.0218673
-1.992	0.0219089
-1.991	0.0219499
-1.99	0.0219904
-1.989	0.0220304
-1.988	0.0220699
-1.987	0.0221089
-1.986	0.0221474
-1.985	0.0221854
-1.984	0.022223
-1.983	0.0222602
-1.982	0.0222969
-1.981	0.0223331
-1.98	0.022369
-1.979	0.0224044
-1.978	0.0224395
-1.977	0.0224742
-1.976	0.0225086
-1.975	0.0225427
-1.974	0.0225764
-1.973	0.0226099
-1.972	0.022643
-1.971	0.022676
-1.97	0.0227087
-1.969	0.0227411
-1.968	0.0227734
-1.967	0.0228056
-1.966	0.0228375
-1.965	0.0228694
-1.964	0.0229011
-1.963	0.0229328
-1.962	0.0229644
-1.961	0.022996
-1.96	0.0230276
-1.959	0.0230591
-1.958	0.0230907
-1.957	0.0231224
-1.956	0.0231541
-1.955	0.023186
-1.954	0.0232179
-1.953	0.02325
-1.952	0.0232822
-1.951	0.0233147
-1.95	0.0233473
-1.949	0.0233801
-1.948	0.0234132
-1.947	0.0234466
-1.946	0.0234802
-1.945	0.0235142
-1.944	0.0235485
-1.943	0.0235831
-1.942	0.023618
-1.941	0.0236533
-1.94	0.023689
-1.939	0.0237251
-1.938	0.0237616
-1.937	0.0237986
-1.936	0.0238359
-1.935	0.0238737
-1.934	0.023912
-1.933	0.0239508
-1.932	0.02399
-1.931	0.0240297
-1.93	0.0240699
-1.929	0.0241107
-1.928	0.0241519
-1.927	0.0241936
-1.926	0.0242359
-1.925	0.0242786
-1.924	0.0243219
-1.923	0.0243658
-1.922	0.0244101
-1.921	0.024455
-1.92	0.0245004
-1.919	0.0245464
-1.918	0.0245928
-1.917	0.0246398
-1.916	0.0246873
-1.915	0.0247353
-1.914	0.0247838
-1.913	0.0248328
-1.912	0.0248824
-1.911	0.0249323
-1.91	0.0249828
-1.909	0.0250337
-1.908	0.0250852
-1.907	0.025137
-1.906	0.0251893
-1.905	0.025242
-1.904	0.0252952
-1.903	0.0253487
-1.902	0.0254026
-1.901	0.025457
-1.9	0.0255116
-1.899	0.0255667
-1.898	0.025622
-1.897	0.0256777
-1.896	0.0257337
-1.895	0.02579
-1.894	0.0258466
-1.893	0.0259035
-1.892	0.0259606
-1.891	0.0260179
-1.89	0.0260755
-1.889	0.0261332
-1.888	0.0261912
-1.887	0.0262493
-1.886	0.0263075
-1.885	0.026366
-1.884	0.0264245
-1.883	0.0264832
-1.882	0.0265419
-1.881	0.0266007
-1.88	0.0266596
-1.879	0.0267186
-1.878	0.0267776
-1.877	0.0268366
-1.876	0.0268956
-1.875	0.0269546
-1.874	0.0270136
-1.873	0.0270726
-1.872	0.0271315
-1.871	0.0271903
-1.87	0.0272492
-1.869	0.0273079
-1.868	0.0273665
-1.867	0.0274251
-1.866	0.0274835
-1.865	0.0275418
-1.864	0.0276
-1.863	0.0276581
-1.862	0.027716
-1.861	0.0277738
-1.86	0.0278314
-1.859	0.0278888
-1.858	0.0279461
-1.857	0.0280032
-1.856	0.0280602
-1.855	0.028117
-1.854	0.0281735
-1.853	0.0282299
-1.852	0.0282861
-1.851	0.0283421
-1.85	0.0283979
-1.849	0.0284535
-1.848	0.028509
-1.847	0.0285642
-1.846	0.0286193
-1.845	0.0286741
-1.844	0.0287288
-1.843	0.0287833
-1.842	0.0288376
-1.841	0.0288917
-1.84	0.0289456
-1.839	0.0289994
-1.838	0.029053
-1.837	0.0291064
-1.836	0.0291597
-1.835	0.0292129
-1.834	0.0292658
-1.833	0.0293187
-1.832	0.0293714
-1.831	0.029424
-1.83	0.0294765
-1.829	0.0295289
-1.828	0.0295812
-1.827	0.0296334
-1.826	0.0296855
-1.825	0.0297375
-1.824	0.0297895
-1.823	0.0298414
-1.822	0.0298933
-1.821	0.0299452
-1.82	0.029997
-1.819	0.0300488
-1.818	0.0301007
-1.817	0.0301525
-1.816	0.0302044
-1.815	0.0302562
-1.814	0.0303081
-1.813	0.0303601
-1.812	0.0304122
-1.811	0.0304643
-1.81	0.0305165
-1.809	0.0305688
-1.808	0.0306211
-1.807	0.0306737
-1.806	0.0307263
-1.805	0.0307791
-1.804	0.030832
-1.803	0.0308851
-1.802	0.0309383
-1.801	0.0309917
-1.8	0.0310453
-1.799	0.0310991
-1.798	0.0311531
-1.797	0.0312072
-1.796	0.0312616
-1.795	0.0313163
-1.794	0.0313712
-1.793	0.0314263
-1.792	0.0314816
-1.791	0.0315372
-1.79	0.0315931
-1.789	0.0316492
-1.788	0.0317056
-1.787	0.0317623
-1.786	0.0318192
-1.785	0.0318765
-1.784	0.0319341
-1.783	0.0319919
-1.782	0.03205
-1.781	0.0321084
-1.78	0.0321671
-1.779	0.0322262
-1.778	0.0322855
-1.777	0.0323452
-1.776	0.0324052
-1.775	0.0324655
-1.774	0.032526
-1.773	0.0325869
-1.772	0.0326482
-1.771	0.0327097
-1.77	0.0327715
-1.769	0.0328337
-1.768	0.0328961
-1.767	0.0329589
-1.766	0.0330219
-1.765	0.0330853
-1.764	0.033149
-1.763	0.0332129
-1.762	0.0332772
-1.761	0.0333417
-1.76	0.0334066
-1.759	0.0334716
-1.758	0.033537
-1.757	0.0336026
-1.756	0.0336685
-1.755	0.0337347
-1.754	0.0338011
-1.753	0.0338678
-1.752	0.0339347
-1.751	0.0340019
-1.75	0.0340693
-1.749	0.0341369
-1.748	0.0342047
-1.747	0.0342728
-1.746	0.0343411
-1.745	0.0344095
-1.744	0.0344781
-1.743	0.034547
-1.742	0.034616
-1.741	0.0346852
-1.74	0.0347546
-1.739	0.0348241
-1.738	0.0348938
-1.737	0.0349636
-1.736	0.0350336
-1.735	0.0351037
-1.734	0.0351739
-1.733	0.0352443
-1.732	0.0353148
-1.731	0.0353853
-1.73	0.035456
-1.729	0.0355268
-1.728	0.0355977
-1.727	0.0356686
-1.726	0.0357397
-1.725	0.0358108
-1.724	0.035882
-1.723	0.0359532
-1.722	0.0360246
-1.721	0.036096
-1.72	0.0361674
-1.719	0.0362389
-1.718	0.0363104
-1.717	0.0363819
-1.716	0.0364536
-1.715	0.0365252
-1.714	0.0365969
-1.713	0.0366686
-1.712	0.0367402
-1.711	0.036812
-1.71	0.0368837
-1.709	0.0369555
-1.708	0.0370273
-1.707	0.0370991
-1.706	0.0371709
-1.705	0.0372428
-1.704	0.0373146
-1.703	0.0373864
-1.702	0.0374583
-1.701	0.0375302
-1.7	0.0376021
-1.699	0.037674
-1.698	0.0377459
-1.697	0.0378178
-1.696	0.0378897
-1.695	0.0379616
-1.694	0.0380336
-1.693	0.0381056
-1.692	0.0381776
-1.691	0.0382496
-1.69	0.0383216
-1.689	0.0383937
-1.688	0.0384658
-1.687	0.0385379
-1.686	0.0386101
-1.685	0.0386823
-1.684	0.0387546
-1.683	0.0388268
-1.682	0.0388991
-1.681	0.0389715
-1.68	0.039044
-1.679	0.0391164
-1.678	0.039189
-1.677	0.0392616
-1.676	0.0393343
-1.675	0.0394071
-1.674	0.03948
-1.673	0.0395529
-1.672	0.0396259
-1.671	0.039699
-1.67	0.0397722
-1.669	0.0398455
-1.668	0.0399189
-1.667	0.0399924
-1.666	0.0400661
-1.665	0.0401399
-1.664	0.0402138
-1.663	0.0402878
-1.662	0.0403619
-1.661	0.0404362
-1.66	0.0405107
-1.659	0.0405852
-1.658	0.0406599
-1.657	0.0407348
-1.656	0.0408099
-1.655	0.0408851
-1.654	0.0409604
-1.653	0.041036
-1.652	0.0411117
-1.651	0.0411876
-1.65	0.0412637
-1.649	0.0413399
-1.648	0.0414164
-1.647	0.0414931
-1.646	0.0415699
-1.645	0.041647
-1.644	0.0417242
-1.643	0.0418016
-1.642	0.0418793
-1.641	0.0419571
-1.64	0.0420352
-1.639	0.0421135
-1.638	0.042192
-1.637	0.0422708
-1.636	0.0423497
-1.635	0.0424289
-1.634	0.0425083
-1.633	0.0425879
-1.632	0.0426678
-1.631	0.0427478
-1.63	0.0428281
-1.629	0.0429087
-1.628	0.0429894
-1.627	0.0430704
-1.626	0.0431517
-1.625	0.0432331
-1.624	0.0433148
-1.623	0.0433967
-1.622	0.0434789
-1.621	0.0435612
-1.62	0.0436438
-1.619	0.0437267
-1.618	0.0438097
-1.617	0.043893
-1.616	0.0439766
-1.615	0.0440603
-1.614	0.0441443
-1.613	0.0442285
-1.612	0.0443129
-1.611	0.0443975
-1.61	0.0444823
-1.609	0.0445674
-1.608	0.0446527
-1.607	0.0447382
-1.606	0.0448239
-1.605	0.0449098
-1.604	0.044996
-1.603	0.0450823
-1.602	0.0451689
-1.601	0.0452556
-1.6	0.0453426
-1.599	0.0454297
-1.598	0.045517
-1.597	0.0456046
-1.596	0.0456923
-1.595	0.0457802
-1.594	0.0458683
-1.593	0.0459565
-1.592	0.046045
-1.591	0.0461337
-1.59	0.0462225
-1.589	0.0463115
-1.588	0.0464006
-1.587	0.04649
-1.586	0.0465795
-1.585	0.0466691
-1.584	0.046759
-1.583	0.046849
-1.582	0.0469391
-1.581	0.0470295
-1.58	0.0471199
-1.579	0.0472106
-1.578	0.0473014
-1.577	0.0473923
-1.576	0.0474834
-1.575	0.0475746
-1.574	0.047666
-1.573	0.0477575
-1.572	0.0478491
-1.571	0.047941
-1.57	0.0480329
-1.569	0.048125
-1.568	0.0482172
-1.567	0.0483095
-1.566	0.048402
-1.565	0.0484947
-1.564	0.0485875
-1.563	0.0486803
-1.562	0.0487734
-1.561	0.0488666
-1.56	0.0489599
-1.559	0.0490533
-1.558	0.0491469
-1.557	0.0492406
-1.556	0.0493344
-1.555	0.0494284
-1.554	0.0495224
-1.553	0.0496167
-1.552	0.049711
-1.551	0.0498055
-1.55	0.0499002
-1.549	0.0499949
-1.548	0.0500898
-1.547	0.0501849
-1.546	0.05028
-1.545	0.0503754
-1.544	0.0504708
-1.543	0.0505663
-1.542	0.0506621
-1.541	0.050758
-1.54	0.050854
-1.539	0.0509501
-1.538	0.0510465
-1.537	0.0511429
-1.536	0.0512395
-1.535	0.0513363
-1.534	0.0514331
-1.533	0.0515302
-1.532	0.0516274
-1.531	0.0517247
-1.53	0.0518222
-1.529	0.0519199
-1.528	0.0520178
-1.527	0.0521157
-1.526	0.0522139
-1.525	0.0523122
-1.524	0.0524107
-1.523	0.0525094
-1.522	0.0526082
-1.521	0.0527072
-1.52	0.0528064
-1.519	0.0529057
-1.518	0.0530053
-1.517	0.053105
-1.516	0.0532049
-1.515	0.053305
-1.514	0.0534052
-1.513	0.0535057
-1.512	0.0536064
-1.511	0.0537072
-1.51	0.0538082
-1.509	0.0539095
-1.508	0.0540109
-1.507	0.0541125
-1.506	0.0542143
-1.505	0.0543164
-1.504	0.0544186
-1.503	0.0545211
-1.502	0.0546237
-1.501	0.0547266
-1.5	0.0548296
-1.499	0.0549329
-1.498	0.0550364
-1.497	0.0551401
-1.496	0.055244
-1.495	0.0553481
-1.494	0.0554525
-1.493	0.0555571
-1.492	0.0556618
-1.491	0.0557669
-1.49	0.0558721
-1.489	0.0559776
-1.488	0.0560833
-1.487	0.0561892
-1.486	0.0562953
-1.485	0.0564017
-1.484	0.0565083
-1.483	0.056615
-1.482	0.0567221
-1.481	0.0568294
-1.48	0.0569369
-1.479	0.0570447
-1.478	0.0571526
-1.477	0.0572608
-1.476	0.0573693
-1.475	0.0574779
-1.474	0.0575868
-1.473	0.0576959
-1.472	0.0578053
-1.471	0.0579149
-1.47	0.0580247
-1.469	0.0581347
-1.468	0.058245
-1.467	0.0583555
-1.466	0.0584663
-1.465	0.0585773
-1.464	0.0586885
-1.463	0.0587999
-1.462	0.0589116
-1.461	0.0590235
-1.46	0.0591356
-1.459	0.059248
-1.458	0.0593606
-1.457	0.0594734
-1.456	0.0595865
-1.455	0.0596998
-1.454	0.0598133
-1.453	0.0599271
-1.452	0.060041
-1.451	0.0601552
-1.45	0.0602696
-1.449	0.0603843
-1.448	0.0604992
-1.447	0.0606143
-1.446	0.0607296
-1.445	0.0608451
-1.444	0.0609609
-1.443	0.0610769
-1.442	0.0611931
-1.441	0.0613095
-1.44	0.0614262
-1.439	0.0615431
-1.438	0.0616602
-1.437	0.0617775
-1.436	0.0618951
-1.435	0.0620128
-1.434	0.0621308
-1.433	0.062249
-1.432	0.0623675
-1.431	0.0624861
-1.43	0.062605
-1.429	0.0627241
-1.428	0.0628434
-1.427	0.0629629
-1.426	0.0630826
-1.425	0.0632025
-1.424	0.0633227
-1.423	0.0634431
-1.422	0.0635637
-1.421	0.0636845
-1.42	0.0638056
-1.419	0.0639268
-1.418	0.0640483
-1.417	0.0641699
-1.416	0.0642919
-1.415	0.0644139
-1.414	0.0645363
-1.413	0.0646589
-1.412	0.0647817
-1.411	0.0649046
-1.41	0.0650279
-1.409	0.0651513
-1.408	0.065275
-1.407	0.0653989
-1.406	0.065523
-1.405	0.0656473
-1.404	0.0657718
-1.403	0.0658966
-1.402	0.0660216
-1.401	0.0661468
-1.4	0.0662722
-1.399	0.0663979
-1.398	0.0665237
-1.397	0.0666498
-1.396	0.0667761
-1.395	0.0669027
-1.394	0.0670294
-1.393	0.0671565
-1.392	0.0672837
-1.391	0.0674112
-1.39	0.0675389
-1.389	0.0676669
-1.388	0.067795
-1.387	0.0679234
-1.386	0.068052
-1.385	0.0681808
-1.384	0.06831
-1.383	0.0684393
-1.382	0.0685688
-1.381	0.0686987
-1.38	0.0688288
-1.379	0.068959
-1.378	0.0690895
-1.377	0.0692203
-1.376	0.0693513
-1.375	0.0694826
-1.374	0.0696141
-1.373	0.0697458
-1.372	0.0698778
-1.371	0.0700101
-1.37	0.0701426
-1.369	0.0702753
-1.368	0.0704083
-1.367	0.0705415
-1.366	0.070675
-1.365	0.0708088
-1.364	0.0709428
-1.363	0.071077
-1.362	0.0712115
-1.361	0.0713463
-1.36	0.0714813
-1.359	0.0716166
-1.358	0.0717521
-1.357	0.0718879
-1.356	0.0720239
-1.355	0.0721603
-1.354	0.0722968
-1.353	0.0724336
-1.352	0.0725708
-1.351	0.0727081
-1.35	0.0728457
-1.349	0.0729836
-1.348	0.0731218
-1.347	0.0732603
-1.346	0.0733989
-1.345	0.0735379
-1.344	0.0736772
-1.343	0.0738167
-1.342	0.0739564
-1.341	0.0740965
-1.34	0.0742368
-1.339	0.0743773
-1.338	0.0745182
-1.337	0.0746594
-1.336	0.0748008
-1.335	0.0749425
-1.334	0.0750845
-1.333	0.0752267
-1.332	0.0753693
-1.331	0.075512
-1.33	0.0756551
-1.329	0.0757984
-1.328	0.0759421
-1.327	0.076086
-1.326	0.0762301
-1.325	0.0763746
-1.324	0.0765194
-1.323	0.0766644
-1.322	0.0768098
-1.321	0.0769553
-1.32	0.0771012
-1.319	0.0772474
-1.318	0.0773939
-1.317	0.0775406
-1.316	0.0776876
-1.315	0.0778349
-1.314	0.0779824
-1.313	0.0781303
-1.312	0.0782785
-1.311	0.0784269
-1.31	0.0785756
-1.309	0.0787246
-1.308	0.078874
-1.307	0.0790235
-1.306	0.0791735
-1.305	0.0793236
-1.304	0.0794741
-1.303	0.0796248
-1.302	0.0797758
-1.301	0.0799272
-1.3	0.0800788
-1.299	0.0802306
-1.298	0.0803829
-1.297	0.0805354
-1.296	0.0806881
-1.295	0.0808412
-1.294	0.0809946
-1.293	0.0811482
-1.292	0.0813022
-1.291	0.0814564
-1.29	0.0816109
-1.289	0.0817658
-1.288	0.0819208
-1.287	0.0820762
-1.286	0.082232
-1.285	0.082388
-1.284	0.0825442
-1.283	0.0827009
-1.282	0.0828578
-1.281	0.0830149
-1.28	0.0831724
-1.279	0.0833302
-1.278	0.0834882
-1.277	0.0836466
-1.276	0.0838053
-1.275	0.0839642
-1.274	0.0841235
-1.273	0.084283
-1.272	0.0844428
-1.271	0.0846031
-1.27	0.0847635
-1.269	0.0849242
-1.268	0.0850853
-1.267	0.0852466
-1.266	0.0854083
-1.265	0.0855702
-1.264	0.0857325
-1.263	0.085895
-1.262	0.0860579
-1.261	0.0862211
-1.26	0.0863846
-1.259	0.0865484
-1.258	0.0867124
-1.257	0.0868769
-1.256	0.0870416
-1.255	0.0872066
-1.254	0.0873718
-1.253	0.0875375
-1.252	0.0877034
-1.251	0.0878697
-1.25	0.0880363
-1.249	0.0882031
-1.248	0.0883703
-1.247	0.0885378
-1.246	0.0887056
-1.245	0.0888737
-1.244	0.0890421
-1.243	0.0892109
-1.242	0.08938
-1.241	0.0895494
-1.24	0.089719
-1.239	0.089889
-1.238	0.0900594
-1.237	0.0902301
-1.236	0.0904011
-1.235	0.0905724
-1.234	0.090744
-1.233	0.090916
-1.232	0.0910883
-1.231	0.0912608
-1.23	0.0914338
-1.229	0.091607
-1.228	0.0917806
-1.227	0.0919545
-1.226	0.0921288
-1.225	0.0923033
-1.224	0.0924782
-1.223	0.0926535
-1.222	0.092829
-1.221	0.0930049
-1.22	0.0931812
-1.219	0.0933577
-1.218	0.0935347
-1.217	0.0937118
-1.216	0.0938894
-1.215	0.0940672
-1.214	0.0942455
-1.213	0.0944241
-1.212	0.0946031
-1.211	0.0947823
-1.21	0.0949619
-1.209	0.0951419
-1.208	0.0953221
-1.207	0.0955028
-1.206	0.0956837
-1.205	0.095865
-1.204	0.0960467
-1.203	0.0962287
-1.202	0.0964111
-1.201	0.0965938
-1.2	0.0967768
-1.199	0.0969603
-1.198	0.097144
-1.197	0.0973281
-1.196	0.0975126
-1.195	0.0976974
-1.194	0.0978825
-1.193	0.098068
-1.192	0.0982539
-1.191	0.0984401
-1.19	0.0986267
-1.189	0.0988136
-1.188	0.0990009
-1.187	0.0991885
-1.186	0.0993765
-1.185	0.0995649
-1.184	0.0997536
-1.183	0.0999426
-1.182	0.100132
-1.181	0.100322
-1.18	0.100512
-1.179	0.100703
-1.178	0.100893
-1.177	0.101085
-1.176	0.101276
-1.175	0.101468
-1.174	0.101661
-1.173	0.101853
-1.172	0.102046
-1.171	0.10224
-1.17	0.102433
-1.169	0.102628
-1.168	0.102822
-1.167	0.103017
-1.166	0.103212
-1.165	0.103408
-1.164	0.103604
-1.163	0.1038
-1.162	0.103997
-1.161	0.104194
-1.16	0.104392
-1.159	0.10459
-1.158	0.104788
-1.157	0.104987
-1.156	0.105186
-1.155	0.105385
-1.154	0.105585
-1.153	0.105785
-1.152	0.105985
-1.151	0.106186
-1.15	0.106388
-1.149	0.106589
-1.148	0.106791
-1.147	0.106994
-1.146	0.107197
-1.145	0.1074
-1.144	0.107603
-1.143	0.107807
-1.142	0.108012
-1.141	0.108217
-1.14	0.108422
-1.139	0.108627
-1.138	0.108833
-1.137	0.109039
-1.136	0.109246
-1.135	0.109453
-1.134	0.109661
-1.133	0.109869
-1.132	0.110077
-1.131	0.110286
-1.13	0.110494
-1.129	0.110704
-1.128	0.110914
-1.127	0.111124
-1.126	0.111335
-1.125	0.111546
-1.124	0.111757
-1.123	0.111969
-1.122	0.112181
-1.121	0.112394
-1.12	0.112607
-1.119	0.112821
-1.118	0.113034
-1.117	0.113249
-1.116	0.113463
-1.115	0.113679
-1.114	0.113894
-1.113	0.11411
-1.112	0.114326
-1.111	0.114543
-1.11	0.11476
-1.109	0.114978
-1.108	0.115196
-1.107	0.115414
-1.106	0.115633
-1.105	0.115852
-1.104	0.116072
-1.103	0.116292
-1.102	0.116512
-1.101	0.116733
-1.1	0.116954
-1.099	0.117176
-1.098	0.117398
-1.097	0.11762
-1.096	0.117843
-1.095	0.118067
-1.094	0.118291
-1.093	0.118515
-1.092	0.118739
-1.091	0.118964
-1.09	0.11919
-1.089	0.119416
-1.088	0.119642
-1.087	0.119869
-1.086	0.120096
-1.085	0.120324
-1.084	0.120552
-1.083	0.12078
-1.082	0.121009
-1.081	0.121239
-1.08	0.121468
-1.079	0.121699
-1.078	0.121929
-1.077	0.12216
-1.076	0.122392
-1.075	0.122624
-1.074	0.122856
-1.073	0.123089
-1.072	0.123322
-1.071	0.123556
-1.07	0.12379
-1.069	0.124025
-1.068	0.12426
-1.067	0.124495
-1.066	0.124731
-1.065	0.124968
-1.064	0.125205
-1.063	0.125442
-1.062	0.12568
-1.061	0.125918
-1.06	0.126157
-1.059	0.126396
-1.058	0.126635
-1.057	0.126875
-1.056	0.127116
-1.055	0.127357
-1.054	0.127598
-1.053	0.12784
-1.052	0.128082
-1.051	0.128325
-1.05	0.128568
-1.049	0.128812
-1.048	0.129056
-1.047	0.129301
-1.046	0.129546
-1.045	0.129791
-1.044	0.130037
-1.043	0.130284
-1.042	0.130531
-1.041	0.130778
-1.04	0.131026
-1.039	0.131274
-1.038	0.131523
-1.037	0.131772
-1.036	0.132022
-1.035	0.132272
-1.034	0.132523
-1.033	0.132774
-1.032	0.133026
-1.031	0.133278
-1.03	0.133531
-1.029	0.133784
-1.028	0.134037
-1.027	0.134291
-1.026	0.134546
-1.025	0.134801
-1.024	0.135057
-1.023	0.135313
-1.022	0.135569
-1.021	0.135826
-1.02	0.136084
-1.019	0.136342
-1.018	0.1366
-1.017	0.136859
-1.016	0.137118
-1.015	0.137378
-1.014	0.137639
-1.013	0.137899
-1.012	0.138161
-1.011	0.138423
-1.01	0.138685
-1.009	0.138948
-1.008	0.139211
-1.007	0.139475
-1.006	0.13974
-1.005	0.140005
-1.004	0.14027
-1.003	0.140536
-1.002	0.140802
-1.001	0.141069
-1	0.141337
-0.999	0.141604
-0.998	0.141873
-0.997	0.142142
-0.996	0.142411
-0.995	0.142681
-0.994	0.142952
-0.993	0.143222
-0.992	0.143494
-0.991	0.143766
-0.99	0.144038
-0.989	0.144312
-0.988	0.144585
-0.987	0.144859
-0.986	0.145134
-0.985	0.145409
-0.984	0.145684
-0.983	0.14596
-0.982	0.146237
-0.981	0.146514
-0.98	0.146792
-0.979	0.14707
-0.978	0.147349
-0.977	0.147628
-0.976	0.147908
-0.975	0.148188
-0.974	0.148469
-0.973	0.148751
-0.972	0.149033
-0.971	0.149315
-0.97	0.149598
-0.969	0.149882
-0.968	0.150166
-0.967	0.15045
-0.966	0.150736
-0.965	0.151021
-0.964	0.151307
-0.963	0.151594
-0.962	0.151882
-0.961	0.152169
-0.96	0.152458
-0.959	0.152747
-0.958	0.153036
-0.957	0.153326
-0.956	0.153617
-0.955	0.153908
-0.954	0.1542
-0.953	0.154492
-0.952	0.154785
-0.951	0.155078
-0.95	0.155372
-0.949	0.155667
-0.948	0.155962
-0.947	0.156258
-0.946	0.156554
-0.945	0.156851
-0.944	0.157148
-0.943	0.157446
-0.942	0.157744
-0.941	0.158043
-0.94	0.158343
-0.939	0.158643
-0.938	0.158944
-0.937	0.159245
-0.936	0.159547
-0.935	0.159849
-0.934	0.160152
-0.933	0.160456
-0.932	0.16076
-0.931	0.161065
-0.93	0.16137
-0.929	0.161676
-0.928	0.161982
-0.927	0.162289
-0.926	0.162597
-0.925	0.162905
-0.924	0.163214
-0.923	0.163523
-0.922	0.163833
-0.921	0.164144
-0.92	0.164455
-0.919	0.164767
-0.918	0.165079
-0.917	0.165392
-0.916	0.165705
-0.915	0.166019
-0.914	0.166334
-0.913	0.166649
-0.912	0.166965
-0.911	0.167282
-0.91	0.167599
-0.909	0.167916
-0.908	0.168235
-0.907	0.168554
-0.906	0.168873
-0.905	0.169193
-0.904	0.169514
-0.903	0.169835
-0.902	0.170157
-0.901	0.170479
-0.9	0.170803
-0.899	0.171126
-0.898	0.171451
-0.897	0.171776
-0.896	0.172101
-0.895	0.172427
-0.894	0.172754
-0.893	0.173082
-0.892	0.17341
-0.891	0.173738
-0.89	0.174068
-0.889	0.174398
-0.888	0.174728
-0.887	0.175059
-0.886	0.175391
-0.885	0.175724
-0.884	0.176057
-0.883	0.17639
-0.882	0.176725
-0.881	0.17706
-0.88	0.177395
-0.879	0.177732
-0.878	0.178068
-0.877	0.178406
-0.876	0.178744
-0.875	0.179083
-0.874	0.179422
-0.873	0.179762
-0.872	0.180103
-0.871	0.180444
-0.87	0.180786
-0.869	0.181129
-0.868	0.181472
-0.867	0.181816
-0.866	0.182161
-0.865	0.182506
-0.864	0.182852
-0.863	0.183199
-0.862	0.183546
-0.861	0.183894
-0.86	0.184243
-0.859	0.184592
-0.858	0.184942
-0.857	0.185292
-0.856	0.185643
-0.855	0.185995
-0.854	0.186348
-0.853	0.186701
-0.852	0.187055
-0.851	0.18741
-0.85	0.187765
-0.849	0.188121
-0.848	0.188477
-0.847	0.188835
-0.846	0.189193
-0.845	0.189551
-0.844	0.189911
-0.843	0.190271
-0.842	0.190631
-0.841	0.190993
-0.84	0.191354
-0.839	0.191717
-0.838	0.192081
-0.837	0.192445
-0.836	0.19281
-0.835	0.193175
-0.834	0.193541
-0.833	0.193908
-0.832	0.194276
-0.831	0.194644
-0.83	0.195013
-0.829	0.195382
-0.828	0.195753
-0.827	0.196124
-0.826	0.196495
-0.825	0.196868
-0.824	0.197241
-0.823	0.197615
-0.822	0.19799
-0.821	0.198365
-0.82	0.198741
-0.819	0.199118
-0.818	0.199495
-0.817	0.199873
-0.816	0.200252
-0.815	0.200631
-0.814	0.201012
-0.813	0.201393
-0.812	0.201774
-0.811	0.202157
-0.81	0.20254
-0.809	0.202924
-0.808	0.203308
-0.807	0.203694
-0.806	0.20408
-0.805	0.204467
-0.804	0.204854
-0.803	0.205242
-0.802	0.205632
-0.801	0.206021
-0.8	0.206412
-0.799	0.206803
-0.798	0.207195
-0.797	0.207587
-0.796	0.207981
-0.795	0.208375
-0.794	0.20877
-0.793	0.209166
-0.792	0.209562
-0.791	0.20996
-0.79	0.210358
-0.789	0.210756
-0.788	0.211156
-0.787	0.211556
-0.786	0.211957
-0.785	0.212359
-0.784	0.212761
-0.783	0.213164
-0.782	0.213569
-0.781	0.213973
-0.78	0.214379
-0.779	0.214785
-0.778	0.215192
-0.777	0.2156
-0.776	0.216009
-0.775	0.216418
-0.774	0.216829
-0.773	0.21724
-0.772	0.217651
-0.771	0.218064
-0.77	0.218477
-0.769	0.218891
-0.768	0.219306
-0.767	0.219722
-0.766	0.220139
-0.765	0.220556
-0.764	0.220974
-0.763	0.221393
-0.762	0.221812
-0.761	0.222233
-0.76	0.222654
-0.759	0.223076
-0.758	0.223499
-0.757	0.223923
-0.756	0.224347
-0.755	0.224772
-0.754	0.225199
-0.753	0.225625
-0.752	0.226053
-0.751	0.226481
-0.75	0.226911
-0.749	0.227341
-0.748	0.227772
-0.747	0.228203
-0.746	0.228636
-0.745	0.229069
-0.744	0.229504
-0.743	0.229939
-0.742	0.230374
-0.741	0.230811
-0.74	0.231249
-0.739	0.231687
-0.738	0.232126
-0.737	0.232566
-0.736	0.233007
-0.735	0.233449
-0.734	0.233891
-0.733	0.234334
-0.732	0.234779
-0.731	0.235224
-0.73	0.235669
-0.729	0.236116
-0.728	0.236564
-0.727	0.237012
-0.726	0.237461
-0.725	0.237911
-0.724	0.238362
-0.723	0.238814
-0.722	0.239266
-0.721	0.23972
-0.72	0.240174
-0.719	0.24063
-0.718	0.241086
-0.717	0.241543
-0.716	0.242
-0.715	0.242459
-0.714	0.242919
-0.713	0.243379
-0.712	0.24384
-0.711	0.244302
-0.71	0.244766
-0.709	0.24523
-0.708	0.245694
-0.707	0.24616
-0.706	0.246627
-0.705	0.247094
-0.704	0.247562
-0.703	0.248032
-0.702	0.248502
-0.701	0.248973
-0.7	0.249445
-0.699	0.249918
-0.698	0.250391
-0.697	0.250866
-0.696	0.251341
-0.695	0.251818
-0.694	0.252295
-0.693	0.252773
-0.692	0.253252
-0.691	0.253732
-0.69	0.254213
-0.689	0.254695
-0.688	0.255178
-0.687	0.255662
-0.686	0.256146
-0.685	0.256632
-0.684	0.257118
-0.683	0.257606
-0.682	0.258094
-0.681	0.258583
-0.68	0.259073
-0.679	0.259564
-0.678	0.260056
-0.677	0.260549
-0.676	0.261043
-0.675	0.261538
-0.674	0.262034
-0.673	0.262531
-0.672	0.263028
-0.671	0.263527
-0.67	0.264026
-0.669	0.264527
-0.668	0.265028
-0.667	0.26553
-0.666	0.266034
-0.665	0.266538
-0.664	0.267043
-0.663	0.267549
-0.662	0.268057
-0.661	0.268565
-0.66	0.269074
-0.659	0.269584
-0.658	0.270095
-0.657	0.270607
-0.656	0.27112
-0.655	0.271634
-0.654	0.272148
-0.653	0.272664
-0.652	0.273181
-0.651	0.273699
-0.65	0.274218
-0.649	0.274737
-0.648	0.275258
-0.647	0.27578
-0.646	0.276303
-0.645	0.276826
-0.644	0.277351
-0.643	0.277877
-0.642	0.278403
-0.641	0.278931
-0.64	0.27946
-0.639	0.279989
-0.638	0.28052
-0.637	0.281052
-0.636	0.281584
-0.635	0.282118
-0.634	0.282653
-0.633	0.283189
-0.632	0.283725
-0.631	0.284263
-0.63	0.284802
-0.629	0.285342
-0.628	0.285882
-0.627	0.286424
-0.626	0.286967
-0.625	0.287511
-0.624	0.288056
-0.623	0.288602
-0.622	0.289149
-0.621	0.289697
-0.62	0.290246
-0.619	0.290796
-0.618	0.291347
-0.617	0.2919
-0.616	0.292453
-0.615	0.293007
-0.614	0.293563
-0.613	0.294119
-0.612	0.294677
-0.611	0.295235
-0.61	0.295795
-0.609	0.296355
-0.608	0.296917
-0.607	0.29748
-0.606	0.298044
-0.605	0.298609
-0.604	0.299175
-0.603	0.299742
-0.602	0.30031
-0.601	0.300879
-0.6	0.30145
-0.599	0.302021
-0.598	0.302593
-0.597	0.303167
-0.596	0.303742
-0.595	0.304317
-0.594	0.304894
-0.593	0.305472
-0.592	0.306051
-0.591	0.306631
-0.59	0.307213
-0.589	0.307795
-0.588	0.308378
-0.587	0.308963
-0.586	0.309549
-0.585	0.310135
-0.584	0.310723
-0.583	0.311312
-0.582	0.311902
-0.581	0.312493
-0.58	0.313086
-0.579	0.313679
-0.578	0.314274
-0.577	0.31487
-0.576	0.315466
-0.575	0.316064
-0.574	0.316663
-0.573	0.317264
-0.572	0.317865
-0.571	0.318467
-0.57	0.319071
-0.569	0.319676
-0.568	0.320282
-0.567	0.320889
-0.566	0.321497
-0.565	0.322107
-0.564	0.322717
-0.563	0.323329
-0.562	0.323942
-0.561	0.324556
-0.56	0.325171
-0.559	0.325787
-0.558	0.326405
-0.557	0.327023
-0.556	0.327643
-0.555	0.328264
-0.554	0.328886
-0.553	0.329509
-0.552	0.330134
-0.551	0.33076
-0.55	0.331387
-0.549	0.332015
-0.548	0.332644
-0.547	0.333275
-0.546	0.333906
-0.545	0.334539
-0.544	0.335173
-0.543	0.335808
-0.542	0.336445
-0.541	0.337083
-0.54	0.337721
-0.539	0.338362
-0.538	0.339003
-0.537	0.339646
-0.536	0.340289
-0.535	0.340934
-0.534	0.34158
-0.533	0.342228
-0.532	0.342876
-0.531	0.343527
-0.53	0.344178
-0.529	0.34483
-0.528	0.345483
-0.527	0.346138
-0.526	0.346794
-0.525	0.347452
-0.524	0.34811
-0.523	0.34877
-0.522	0.349431
-0.521	0.350093
-0.52	0.350757
-0.519	0.351422
-0.518	0.352088
-0.517	0.352755
-0.516	0.353424
-0.515	0.354094
-0.514	0.354765
-0.513	0.355438
-0.512	0.356111
-0.511	0.356786
-0.51	0.357463
-0.509	0.358141
-0.508	0.358819
-0.507	0.359499
-0.506	0.360181
-0.505	0.360864
-0.504	0.361547
-0.503	0.362233
-0.502	0.36292
-0.501	0.363608
-0.5	0.364297
-0.499	0.364987
-0.498	0.365679
-0.497	0.366372
-0.496	0.367067
-0.495	0.367763
-0.494	0.368459
-0.493	0.369158
-0.492	0.369858
-0.491	0.370559
-0.49	0.371261
-0.489	0.371965
-0.488	0.37267
-0.487	0.373376
-0.486	0.374084
-0.485	0.374793
-0.484	0.375503
-0.483	0.376215
-0.482	0.376928
-0.481	0.377643
-0.48	0.378359
-0.479	0.379076
-0.478	0.379794
-0.477	0.380514
-0.476	0.381236
-0.475	0.381958
-0.474	0.382682
-0.473	0.383408
-0.472	0.384134
-0.471	0.384862
-0.47	0.385591
-0.469	0.386322
-0.468	0.387055
-0.467	0.387788
-0.466	0.388523
-0.465	0.38926
-0.464	0.389997
-0.463	0.390736
-0.462	0.391477
-0.461	0.392219
-0.46	0.392962
-0.459	0.393707
-0.458	0.394453
-0.457	0.395201
-0.456	0.39595
-0.455	0.396701
-0.454	0.397453
-0.453	0.398206
-0.452	0.398961
-0.451	0.399717
-0.45	0.400474
-0.449	0.401233
-0.448	0.401994
-0.447	0.402756
-0.446	0.403519
-0.445	0.404284
-0.444	0.40505
-0.443	0.405818
-0.442	0.406587
-0.441	0.407358
-0.44	0.40813
-0.439	0.408904
-0.438	0.409679
-0.437	0.410455
-0.436	0.411233
-0.435	0.412013
-0.434	0.412794
-0.433	0.413576
-0.432	0.41436
-0.431	0.415145
-0.43	0.415932
-0.429	0.416721
-0.428	0.417511
-0.427	0.418302
-0.426	0.419095
-0.425	0.41989
-0.424	0.420685
-0.423	0.421483
-0.422	0.422281
-0.421	0.423082
-0.42	0.423884
-0.419	0.424687
-0.418	0.425493
-0.417	0.426299
-0.416	0.427107
-0.415	0.427917
-0.414	0.428728
-0.413	0.429541
-0.412	0.430355
-0.411	0.431171
-0.41	0.431988
-0.409	0.432807
-0.408	0.433627
-0.407	0.434449
-0.406	0.435273
-0.405	0.436098
-0.404	0.436924
-0.403	0.437753
-0.402	0.438582
-0.401	0.439413
-0.4	0.440246
-0.399	0.441081
-0.398	0.441917
-0.397	0.442755
-0.396	0.443594
-0.395	0.444434
-0.394	0.445277
-0.393	0.446121
-0.392	0.446967
-0.391	0.447814
-0.39	0.448663
-0.389	0.449513
-0.388	0.450365
-0.387	0.451219
-0.386	0.452074
-0.385	0.452931
-0.384	0.453789
-0.383	0.454649
-0.382	0.455511
-0.381	0.456374
-0.38	0.457239
-0.379	0.458106
-0.378	0.458974
-0.377	0.459844
-0.376	0.460716
-0.375	0.461589
-0.374	0.462464
-0.373	0.46334
-0.372	0.464218
-0.371	0.465098
-0.37	0.46598
-0.369	0.466863
-0.368	0.467748
-0.367	0.468634
-0.366	0.469523
-0.365	0.470412
-0.364	0.471304
-0.363	0.472197
-0.362	0.473093
-0.361	0.473989
-0.36	0.474888
-0.359	0.475787
-0.358	0.47669
-0.357	0.477593
-0.356	0.478498
-0.355	0.479405
-0.354	0.480314
-0.353	0.481224
-0.352	0.482136
-0.351	0.48305
-0.35	0.483966
-0.349	0.484956
-0.348	0.486098
-0.347	0.487389
-0.346	0.488825
-0.345	0.490408
-0.344	0.492134
-0.343	0.493999
-0.342	0.496003
-0.341	0.498143
-0.34	0.500414
-0.339	0.502806
-0.338	0.505305
-0.337	0.507908
-0.336	0.510613
-0.335	0.513413
-0.334	0.516309
-0.333	0.519296
-0.332	0.522368
-0.331	0.525525
-0.33	0.52876
-0.329	0.532071
-0.328	0.535457
-0.327	0.53891
-0.326	0.54243
-0.325	0.546011
-0.324	0.549649
-0.323	0.553343
-0.322	0.557088
-0.321	0.56088
-0.32	0.564716
-0.319	0.568594
-0.318	0.572508
-0.317	0.576456
-0.316	0.580436
-0.315	0.584442
-0.314	0.588472
-0.313	0.592524
-0.312	0.596593
-0.311	0.600678
-0.31	0.604774
-0.309	0.608879
-0.308	0.61299
-0.307	0.617105
-0.306	0.621219
-0.305	0.625331
-0.304	0.629439
-0.303	0.633539
-0.302	0.637627
-0.301	0.641705
-0.3	0.645765
-0.299	0.64981
-0.298	0.653834
-0.297	0.657835
-0.296	0.661812
-0.295	0.665763
-0.294	0.669684
-0.293	0.673575
-0.292	0.677433
-0.291	0.681255
-0.29	0.68504
-0.289	0.688788
-0.288	0.692494
-0.287	0.696156
-0.286	0.699777
-0.285	0.70335
-0.284	0.706875
-0.283	0.710352
-0.282	0.713777
-0.281	0.717151
-0.28	0.72047
-0.279	0.723734
-0.278	0.72694
-0.277	0.73009
-0.276	0.733179
-0.275	0.736207
-0.274	0.739174
-0.273	0.742077
-0.272	0.744915
-0.271	0.747689
-0.27	0.750395
-0.269	0.753032
-0.268	0.755602
-0.267	0.758102
-0.266	0.760529
-0.265	0.762886
-0.264	0.765169
-0.263	0.76738
-0.262	0.769517
-0.261	0.771577
-0.26	0.773561
-0.259	0.775471
-0.258	0.777309
-0.257	0.779073
-0.256	0.780763
-0.255	0.78238
-0.254	0.783921
-0.253	0.785387
-0.252	0.786778
-0.251	0.788091
-0.25	0.78933
-0.249	0.790493
-0.248	0.791577
-0.247	0.792584
-0.246	0.793513
-0.245	0.794365
-0.244	0.795139
-0.243	0.795835
-0.242	0.796453
-0.241	0.796991
-0.24	0.797453
-0.239	0.797835
-0.238	0.798138
-0.237	0.798363
-0.236	0.798509
-0.235	0.798578
-0.234	0.798568
-0.233	0.798479
-0.232	0.798311
-0.231	0.798068
-0.23	0.797745
-0.229	0.797344
-0.228	0.796867
-0.227	0.796313
-0.226	0.795682
-0.225	0.794973
-0.224	0.79419
-0.223	0.79333
-0.222	0.792396
-0.221	0.791386
-0.22	0.790302
-0.219	0.789145
-0.218	0.787914
-0.217	0.78661
-0.216	0.785234
-0.215	0.783786
-0.214	0.782267
-0.213	0.780679
-0.212	0.779021
-0.211	0.777293
-0.21	0.775498
-0.209	0.773636
-0.208	0.771708
-0.207	0.769714
-0.206	0.767655
-0.205	0.765532
-0.204	0.763347
-0.203	0.761101
-0.202	0.758792
-0.201	0.756424
-0.2	0.753999
-0.199	0.751515
-0.198	0.748974
-0.197	0.746379
-0.196	0.743731
-0.195	0.741028
-0.194	0.738275
-0.193	0.735472
-0.192	0.73262
-0.191	0.729721
-0.19	0.726776
-0.189	0.723786
-0.188	0.720754
-0.187	0.71768
-0.186	0.714566
-0.185	0.711415
-0.184	0.708226
-0.183	0.705003
-0.182	0.701747
-0.181	0.698461
-0.18	0.695143
-0.179	0.691803
-0.178	0.688447
-0.177	0.685076
-0.176	0.681693
-0.175	0.678299
-0.174	0.674895
-0.173	0.671485
-0.172	0.668071
-0.171	0.664654
-0.17	0.661235
-0.169	0.657819
-0.168	0.654407
-0.167	0.651001
-0.166	0.647602
-0.165	0.644215
-0.164	0.64084
-0.163	0.637482
-0.162	0.634139
-0.161	0.630818
-0.16	0.627519
-0.159	0.624244
-0.158	0.620997
-0.157	0.61778
-0.156	0.614596
-0.155	0.611446
-0.154	0.608333
-0.153	0.605261
-0.152	0.602231
-0.151	0.599246
-0.15	0.59631
-0.149	0.593423
-0.148	0.590589
-0.147	0.587812
-0.146	0.585093
-0.145	0.582433
-0.144	0.579837
-0.143	0.577308
-0.142	0.574846
-0.141	0.572455
-0.14	0.570138
-0.139	0.567897
-0.138	0.565733
-0.137	0.56365
-0.136	0.56165
-0.135	0.559734
-0.134	0.557906
-0.133	0.556166
-0.132	0.554519
-0.131	0.552964
-0.13	0.551504
-0.129	0.550142
-0.128	0.548877
-0.127	0.547712
-0.126	0.546649
-0.125	0.545688
-0.124	0.544833
-0.123	0.544083
-0.122	0.543439
-0.121	0.542901
-0.12	0.542472
-0.119	0.542152
-0.118	0.54194
-0.117	0.54184
-0.116	0.541848
-0.115	0.541966
-0.114	0.542196
-0.113	0.542534
-0.112	0.542982
-0.111	0.54354
-0.11	0.544207
-0.109	0.544982
-0.108	0.545863
-0.107	0.546851
-0.106	0.547947
-0.105	0.549145
-0.104	0.550446
-0.103	0.55185
-0.102	0.553354
-0.101	0.554956
-0.1	0.556656