-3.037	9.47001e-007
-3.036	9.5569e-007
-3.035	9.37521e-007
-3.034	9.63442e-007
-3.033	9.51386e-007
-3.032	9.60021e-007
-3.031	9.6026e-007
-3.03	9.63634e-007
-3.029	9.68054e-007
-3.028	9.81526e-007
-3.027	9.79303e-007
-3.026	9.84938e-007
-3.025	1.00218e-006
-3.024	9.83322e-007
-3.023	1.00572e-006
-3.022	1.00753e-006
-3.021	1.01938e-006
-3.02	1.01867e-006
-3.019	1.03778e-006
-3.018	1.04904e-006
-3.017	1.06046e-006
-3.016	1.06675e-006
-3.015	1.08195e-006
-3.014	1.09647e-006
-3.013	1.10274e-006
-3.012	1.13132e-006
-3.011	1.13457e-006
-3.01	1.16175e-006
-3.009	1.16137e-006
-3.008	1.19766e-006
-3.007	1.19527e-006
-3.006	1.23107e-006
-3.005	1.25692e-006
-3.004	1.27123e-006
-3.003	1.31242e-006
-3.002	1.32458e-006
-3.001	1.37568e-006
-3	1.37543e-006
-2.999	1.42469e-006
-2.998	1.42783e-006
-2.997	1.47717e-006
-2.996	1.52502e-006
-2.995	1.53809e-006
-2.994	1.58768e-006
-2.993	1.59885e-006
-2.992	1.65885e-006
-2.991	1.69754e-006
-2.99	1.72759e-006
-2.989	1.76694e-006
-2.988	1.81243e-006
-2.987	1.85117e-006
-2.986	1.91434e-006
-2.985	1.9437e-006
-2.984	1.99202e-006
-2.983	2.05944e-006
-2.982	2.09377e-006
-2.981	2.16344e-006
-2.98	2.21456e-006
-2.979	2.27461e-006
-2.978	2.33475e-006
-2.977	2.38904e-006
-2.976	2.44499e-006
-2.975	2.50271e-006
-2.974	2.56787e-006
-2.973	2.64497e-006
-2.972	2.69711e-006
-2.971	2.76494e-006
-2.97	2.85153e-006
-2.969	2.92896e-006
-2.968	2.99292e-006
-2.967	3.08107e-006
-2.966	3.16255e-006
-2.965	3.22402e-006
-2.964	3.33753e-006
-2.963	3.39804e-006
-2.962	3.49762e-006
-2.961	3.59006e-006
-2.96	3.67132e-006
-2.959	3.77409e-006
-2.958	3.87683e-006
-2.957	3.9614e-006
-2.956	4.06133e-006
-2.955	4.18559e-006
-2.954	4.26461e-006
-2.953	4.40016e-006
-2.952	4.49072e-006
-2.951	4.6223e-006
-2.95	4.73249e-006
-2.949	4.84408e-006
-2.948	4.98437e-006
-2.947	5.09537e-006
-2.946	5.23819e-006
-2.945	5.3577e-006
-2.944	5.51594e-006
-2.943	5.64447e-006
-2.942	5.78062e-006
-2.941	5.9196e-006
-2.94	6.08271e-006
-2.939	6.24062e-006
-2.938	6.38899e-006
-2.937	6.56717e-006
-2.936	6.71566e-006
-2.935	6.88969e-006
-2.934	7.0542e-006
-2.933	7.23108e-006
-2.932	7.42745e-006
-2.931	7.59078e-006
-2.93	7.78959e-006
-2.929	7.9952e-006
-2.928	8.18236e-006
-2.927	8.39742e-006
-2.926	8.60102e-006
-2.925	8.82638e-006
-2.924	9.03046e-006
-2.923	9.25269e-006
-2.922	9.49931e-006
-2.921	9.7328e-006
-2.92	9.9694e-006
-2.919	1.02088e-005
-2.918	1.04822e-005
-2.917	1.074e-005
-2.916	1.10274e-005
-2.915	1.1281e-005
-2.914	1.15762e-005
-2.913	1.18659e-005
-2.912	1.21391e-005
-2.911	1.24597e-005
-2.91	1.27404e-005
-2.909	1.30944e-005
-2.908	1.34012e-005
-2.907	1.37412e-005
-2.906	1.40886e-005
-2.905	1.44402e-005
-2.904	1.48022e-005
-2.903	1.51727e-005
-2.902	1.55543e-005
-2.901	1.59278e-005
-2.9	1.63521e-005
-2.899	1.67259e-005
-2.898	1.71533e-005
-2.897	1.75659e-005
-2.896	1.80209e-005
-2.895	1.84585e-005
-2.894	1.89236e-005
-2.893	1.93899e-005
-2.892	1.98769e-005
-2.891	2.03815e-005
-2.89	2.08837e-005
-2.889	2.14055e-005
-2.888	2.19225e-005
-2.887	2.24827e-005
-2.886	2.30316e-005
-2.885	2.3613e-005
-2.884	2.41974e-005
-2.883	2.48093e-005
-2.882	2.54071e-005
-2.881	2.60671e-005
-2.88	2.67074e-005
-2.879	2.73832e-005
-2.878	2.80615e-005
-2.877	2.8759e-005
-2.876	2.94839e-005
-2.875	3.02183e-005
-2.874	3.09681e-005
-2.873	3.17358e-005
-2.872	3.2529e-005
-2.871	3.33247e-005
-2.87	3.41691e-005
-2.869	3.50099e-005
-2.868	3.58934e-005
-2.867	3.679e-005
-2.866	3.77004e-005
-2.865	3.86474e-005
-2.864	3.96136e-005
-2.863	4.05818e-005
-2.862	4.16096e-005
-2.861	4.26375e-005
-2.86	4.37094e-005
-2.859	4.48063e-005
-2.858	4.59148e-005
-2.857	4.70539e-005
-2.856	4.82265e-005
-2.855	4.94393e-005
-2.854	5.06727e-005
-2.853	5.19382e-005
-2.852	5.32489e-005
-2.851	5.45534e-005
-2.85	5.59243e-005
-2.849	5.73173e-005
-2.848	5.87375e-005
-2.847	6.0191e-005
-2.846	6.17087e-005
-2.845	6.3234e-005
-2.844	6.48171e-005
-2.843	6.64463e-005
-2.842	6.80671e-005
-2.841	6.98124e-005
-2.84	7.15023e-005
-2.839	7.33155e-005
-2.838	7.5122e-005
-2.837	7.70204e-005
-2.836	7.89272e-005
-2.835	8.0891e-005
-2.834	8.29008e-005
-2.833	8.49581e-005
-2.832	8.7101e-005
-2.831	8.9248e-005
-2.83	9.14866e-005
-2.829	9.37563e-005
-2.828	9.61094e-005
-2.827	9.84819e-005
-2.826	0.000100953
-2.825	0.000103439
-2.824	0.000106036
-2.823	0.000108669
-2.822	0.000111386
-2.821	0.000114142
-2.82	0.000116998
-2.819	0.000119908
-2.818	0.000122892
-2.817	0.000125975
-2.816	0.000129088
-2.815	0.000132325
-2.814	0.000135616
-2.813	0.000138975
-2.812	0.000142454
-2.811	0.000145978
-2.81	0.000149616
-2.809	0.000153361
-2.808	0.000157147
-2.807	0.00016109
-2.806	0.000165073
-2.805	0.000169198
-2.804	0.000173412
-2.803	0.000177719
-2.802	0.000182145
-2.801	0.000186664
-2.8	0.000191329
-2.799	0.000196074
-2.798	0.00020097
-2.797	0.000205978
-2.796	0.000211083
-2.795	0.000216364
-2.794	0.000221719
-2.793	0.000227266
-2.792	0.000232901
-2.791	0.000238706
-2.79	0.000244637
-2.789	0.000250727
-2.788	0.000256973
-2.787	0.000263365
-2.786	0.000269932
-2.785	0.000276626
-2.784	0.000283552
-2.783	0.00029057
-2.782	0.00029784
-2.781	0.000305215
-2.78	0.000312845
-2.779	0.000320634
-2.778	0.000328603
-2.777	0.000336794
-2.776	0.000345183
-2.775	0.000353776
-2.774	0.000362587
-2.773	0.000371612
-2.772	0.000380859
-2.771	0.000390363
-2.77	0.000400066
-2.769	0.000410051
-2.768	0.000420248
-2.767	0.000430723
-2.766	0.000441442
-2.765	0.000452449
-2.764	0.000463704
-2.763	0.000475276
-2.762	0.000487102
-2.761	0.000499243
-2.76	0.000511665
-2.759	0.000524425
-2.758	0.000537487
-2.757	0.00055087
-2.756	0.000564608
-2.755	0.00057867
-2.754	0.000593103
-2.753	0.000607883
-2.752	0.000623029
-2.751	0.00063856
-2.75	0.000654483
-2.749	0.000670785
-2.748	0.000687508
-2.747	0.000704656
-2.746	0.000722208
-2.745	0.000740215
-2.744	0.000758679
-2.743	0.000777576
-2.742	0.000796988
-2.741	0.000816852
-2.74	0.000837226
-2.739	0.00085809
-2.738	0.000879497
-2.737	0.000901433
-2.736	0.000923911
-2.735	0.000946961
-2.734	0.000970581
-2.733	0.000994767
-2.732	0.0010196
-2.731	0.00104502
-2.73	0.00107107
-2.729	0.00109781
-2.728	0.00112515
-2.727	0.00115325
-2.726	0.00118199
-2.725	0.0012115
-2.724	0.0012417
-2.723	0.00127269
-2.722	0.00130443
-2.721	0.00133698
-2.72	0.00137032
-2.719	0.00140449
-2.718	0.00143955
-2.717	0.00147543
-2.716	0.00151226
-2.715	0.00154997
-2.714	0.00158865
-2.713	0.00162825
-2.712	0.00166888
-2.711	0.0017105
-2.71	0.00175317
-2.709	0.00179689
-2.708	0.0018417
-2.707	0.00188765
-2.706	0.00193472
-2.705	0.00198297
-2.704	0.00203243
-2.703	0.00208311
-2.702	0.00213507
-2.701	0.0021883
-2.7	0.00224287
-2.699	0.00229881
-2.698	0.00235612
-2.697	0.00241488
-2.696	0.00247508
-2.695	0.0025368
-2.694	0.00260004
-2.693	0.00266488
-2.692	0.00273131
-2.691	0.00279939
-2.69	0.00286917
-2.689	0.0029407
-2.688	0.00301401
-2.687	0.00308912
-2.686	0.00316612
-2.685	0.00324503
-2.684	0.00332591
-2.683	0.00340879
-2.682	0.00349374
-2.681	0.00358081
-2.68	0.00367004
-2.679	0.0037615
-2.678	0.00385521
-2.677	0.00395129
-2.676	0.00404972
-2.675	0.00415063
-2.674	0.00425403
-2.673	0.00436003
-2.672	0.00446865
-2.671	0.00457996
-2.67	0.00469406
-2.669	0.00481097
-2.668	0.00493082
-2.667	0.00505363
-2.666	0.00517951
-2.665	0.00530852
-2.664	0.00544073
-2.663	0.00557624
-2.662	0.00571513
-2.661	0.00585746
-2.66	0.00600334
-2.659	0.00615285
-2.658	0.00630607
-2.657	0.00646313
-2.656	0.00662406
-2.655	0.00678904
-2.654	0.0069581
-2.653	0.00713137
-2.652	0.00730894
-2.651	0.00749098
-2.65	0.0076775
-2.649	0.0078687
-2.648	0.00806463
-2.647	0.00826548
-2.646	0.00847128
-2.645	0.00868225
-2.644	0.00889845
-2.643	0.00912004
-2.642	0.00934716
-2.641	0.00957993
-2.64	0.00981851
-2.639	0.010063
-2.638	0.0103136
-2.637	0.0105705
-2.636	0.0108337
-2.635	0.0110962
-2.634	0.0113576
-2.633	0.0116176
-2.632	0.0118759
-2.631	0.0121323
-2.63	0.0123864
-2.629	0.0126382
-2.628	0.0128872
-2.627	0.0131334
-2.626	0.0133766
-2.625	0.0136164
-2.624	0.0138529
-2.623	0.0140857
-2.622	0.0143147
-2.621	0.0145398
-2.62	0.0147609
-2.619	0.0149777
-2.618	0.0151901
-2.617	0.0153981
-2.616	0.0156014
-2.615	0.0158
-2.614	0.0159938
-2.613	0.0161826
-2.612	0.0163663
-2.611	0.0165449
-2.61	0.0167183
-2.609	0.0168862
-2.608	0.0170488
-2.607	0.0172059
-2.606	0.0173573
-2.605	0.0175031
-2.604	0.0176432
-2.603	0.0177774
-2.602	0.0179059
-2.601	0.0180283
-2.6	0.0181449
-2.599	0.0182554
-2.598	0.0183598
-2.597	0.0184581
-2.596	0.0185503
-2.595	0.0186363
-2.594	0.018716
-2.593	0.0187896
-2.592	0.0188568
-2.591	0.0189178
-2.59	0.0189725
-2.589	0.0190209
-2.588	0.0190629
-2.587	0.0190986
-2.586	0.019128
-2.585	0.019151
-2.584	0.0191677
-2.583	0.0191782
-2.582	0.0191823
-2.581	0.0191801
-2.58	0.0191717
-2.579	0.019157
-2.578	0.0191362
-2.577	0.0191092
-2.576	0.019076
-2.575	0.0190368
-2.574	0.0189915
-2.573	0.0189402
-2.572	0.018883
-2.571	0.01882
-2.57	0.0187511
-2.569	0.0186765
-2.568	0.0185962
-2.567	0.0185103
-2.566	0.0184189
-2.565	0.018322
-2.564	0.0182199
-2.563	0.0181125
-2.562	0.018
-2.561	0.0178825
-2.56	0.01776
-2.559	0.0176328
-2.558	0.0175009
-2.557	0.0173645
-2.556	0.0172237
-2.555	0.0170787
-2.554	0.0169296
-2.553	0.0167765
-2.552	0.0166196
-2.551	0.0164592
-2.55	0.0162954
-2.549	0.0161283
-2.548	0.0159582
-2.547	0.0157853
-2.546	0.0156097
-2.545	0.0154318
-2.544	0.0152518
-2.543	0.0150698
-2.542	0.0148862
-2.541	0.0147013
-2.54	0.0145152
-2.539	0.0143284
-2.538	0.014141
-2.537	0.0139535
-2.536	0.0137661
-2.535	0.0135793
-2.534	0.0133933
-2.533	0.0132086
-2.532	0.0130255
-2.531	0.0128444
-2.53	0.0126658
-2.529	0.01249
-2.528	0.0123177
-2.527	0.0121491
-2.526	0.0119848
-2.525	0.0118253
-2.524	0.0116711
-2.523	0.0115226
-2.522	0.0113804
-2.521	0.011245
-2.52	0.011117
-2.519	0.0109967
-2.518	0.0108848
-2.517	0.0107817
-2.516	0.0106878
-2.515	0.0106037
-2.514	0.0105298
-2.513	0.0104663
-2.512	0.0104137
-2.511	0.0103723
-2.51	0.0103423
-2.509	0.010324
-2.508	0.0103174
-2.507	0.0103226
-2.506	0.0103397
-2.505	0.0103686
-2.504	0.0104093
-2.503	0.0104616
-2.502	0.0105252
-2.501	0.0106
-2.5	0.0106856
-2.499	0.0107817
-2.498	0.0108879
-2.497	0.0110038
-2.496	0.011129
-2.495	0.0112629
-2.494	0.0114052
-2.493	0.0115554
-2.492	0.0117129
-2.491	0.0118773
-2.49	0.0120481
-2.489	0.0122247
-2.488	0.0124067
-2.487	0.0125938
-2.486	0.0127852
-2.485	0.0129807
-2.484	0.0131798
-2.483	0.013382
-2.482	0.013587
-2.481	0.0137943
-2.48	0.0140035
-2.479	0.0142143
-2.478	0.0144264
-2.477	0.0146393
-2.476	0.0148528
-2.475	0.0150666
-2.474	0.0152802
-2.473	0.0154935
-2.472	0.0157062
-2.471	0.0159179
-2.47	0.0161285
-2.469	0.0163376
-2.468	0.0165451
-2.467	0.0167507
-2.466	0.0169543
-2.465	0.0171555
-2.464	0.0173542
-2.463	0.0175503
-2.462	0.0177434
-2.461	0.0179335
-2.46	0.0181204
-2.459	0.0183039
-2.458	0.0184839
-2.457	0.0186602
-2.456	0.0188327
-2.455	0.0190012
-2.454	0.0191656
-2.453	0.0193259
-2.452	0.0194818
-2.451	0.0196334
-2.45	0.0197804
-2.449	0.0199227
-2.448	0.0200604
-2.447	0.0201932
-2.446	0.0203212
-2.445	0.0204442
-2.444	0.0205622
-2.443	0.020675
-2.442	0.0207827
-2.441	0.0208852
-2.44	0.0209824
-2.439	0.0210743
-2.438	0.0211608
-2.437	0.0212419
-2.436	0.0213176
-2.435	0.0213878
-2.434	0.0214525
-2.433	0.0215117
-2.432	0.0215654
-2.431	0.0216136
-2.43	0.0216562
-2.429	0.0216932
-2.428	0.0217247
-2.427	0.0217507
-2.426	0.0217712
-2.425	0.0217861
-2.424	0.0217956
-2.423	0.0217997
-2.422	0.0217983
-2.421	0.0217915
-2.42	0.0217793
-2.419	0.0217619
-2.418	0.0217392
-2.417	0.0217113
-2.416	0.0216783
-2.415	0.0216402
-2.414	0.0215971
-2.413	0.021549
-2.412	0.0214962
-2.411	0.0214385
-2.41	0.0213762
-2.409	0.0213093
-2.408	0.0212379
-2.407	0.0211622
-2.406	0.0210822
-2.405	0.0209981
-2.404	0.02091
-2.403	0.0208179
-2.402	0.0207221
-2.401	0.0206227
-2.4	0.0205199
-2.399	0.0204137
-2.398	0.0203044
-2.397	0.0201921
-2.396	0.0200769
-2.395	0.0199592
-2.394	0.0198389
-2.393	0.0197165
-2.392	0.0195919
-2.391	0.0194655
-2.39	0.0193374
-2.389	0.0192079
-2.388	0.0190772
-2.387	0.0189454
-2.386	0.018813
-2.385	0.01868
-2.384	0.0185468
-2.383	0.0184136
-2.382	0.0182806
-2.381	0.0181481
-2.38	0.0180165
-2.379	0.0178859
-2.378	0.0177567
-2.377	0.0176292
-2.376	0.0175035
-2.375	0.0173802
-2.374	0.0172593
-2.373	0.0171413
-2.372	0.0170263
-2.371	0.0169149
-2.37	0.0168071
-2.369	0.0167034
-2.368	0.016604
-2.367	0.0165092
-2.366	0.0164192
-2.365	0.0163345
-2.364	0.0162553
-2.363	0.0161817
-2.362	0.0161141
-2.361	0.0160527
-2.36	0.0159977
-2.359	0.0159494
-2.358	0.0159079
-2.357	0.0158734
-2.356	0.0158461
-2.355	0.015826
-2.354	0.0158135
-2.353	0.0158084
-2.352	0.0158109
-2.351	0.0158211
-2.35	0.0158389
-2.349	0.0158644
-2.348	0.0158976
-2.347	0.0159384
-2.346	0.0159867
-2.345	0.0160425
-2.344	0.0161056
-2.343	0.016176
-2.342	0.0162535
-2.341	0.0163378
-2.34	0.0164289
-2.339	0.0165265
-2.338	0.0166305
-2.337	0.0167406
-2.336	0.0168565
-2.335	0.016978
-2.334	0.0171049
-2.333	0.0172369
-2.332	0.0173737
-2.331	0.0175151
-2.33	0.0176608
-2.329	0.0178104
-2.328	0.0179638
-2.327	0.0181207
-2.326	0.0182807
-2.325	0.0184436
-2.324	0.0186091
-2.323	0.0187769
-2.322	0.0189468
-2.321	0.0191184
-2.32	0.0192916
-2.319	0.019466
-2.318	0.0196415
-2.317	0.0198177
-2.316	0.0199945
-2.315	0.0201715
-2.314	0.0203485
-2.313	0.0205254
-2.312	0.0207018
-2.311	0.0208777
-2.31	0.0210527
-2.309	0.0212266
-2.308	0.0213993
-2.307	0.0215706
-2.306	0.0217403
-2.305	0.0219081
-2.304	0.022074
-2.303	0.0222378
-2.302	0.0223993
-2.301	0.0225583
-2.3	0.0227147
-2.299	0.0228683
-2.298	0.0230191
-2.297	0.0231669
-2.296	0.0233115
-2.295	0.0234528
-2.294	0.0235908
-2.293	0.0237252
-2.292	0.0238561
-2.291	0.0239833
-2.29	0.0241067
-2.289	0.0242262
-2.288	0.0243417
-2.287	0.0244533
-2.286	0.0245606
-2.285	0.0246639
-2.284	0.0247628
-2.283	0.0248575
-2.282	0.0249479
-2.281	0.0250338
-2.28	0.0251153
-2.279	0.0251923
-2.278	0.0252648
-2.277	0.0253327
-2.276	0.0253961
-2.275	0.025455
-2.274	0.0255092
-2.273	0.0255588
-2.272	0.0256039
-2.271	0.0256443
-2.27	0.0256802
-2.269	0.0257115
-2.268	0.0257382
-2.267	0.0257604
-2.266	0.0257781
-2.265	0.0257913
-2.264	0.0258
-2.263	0.0258044
-2.262	0.0258044
-2.261	0.0258001
-2.26	0.0257915
-2.259	0.0257788
-2.258	0.025762
-2.257	0.025741
-2.256	0.0257162
-2.255	0.0256874
-2.254	0.0256548
-2.253	0.0256186
-2.252	0.0255787
-2.251	0.0255352
-2.25	0.0254884
-2.249	0.0254383
-2.248	0.0253849
-2.247	0.0253285
-2.246	0.0252692
-2.245	0.025207
-2.244	0.0251422
-2.243	0.0250748
-2.242	0.025005
-2.241	0.024933
-2.24	0.0248589
-2.239	0.0247828
-2.238	0.0247049
-2.237	0.0246255
-2.236	0.0245445
-2.235	0.0244624
-2.234	0.024379
-2.233	0.0242948
-2.232	0.0242099
-2.231	0.0241244
-2.23	0.0240386
-2.229	0.0239526
-2.228	0.0238666
-2.227	0.0237809
-2.226	0.0236956
-2.225	0.0236109
-2.224	0.0235272
-2.223	0.0234444
-2.222	0.0233629
-2.221	0.0232828
-2.22	0.0232045
-2.219	0.023128
-2.218	0.0230536
-2.217	0.0229815
-2.216	0.0229118
-2.215	0.0228448
-2.214	0.0227807
-2.213	0.0227197
-2.212	0.022662
-2.211	0.0226077
-2.21	0.022557
-2.209	0.0225101
-2.208	0.0224671
-2.207	0.0224283
-2.206	0.0223937
-2.205	0.0223635
-2.204	0.0223379
-2.203	0.022317
-2.202	0.0223008
-2.201	0.0222895
-2.2	0.0222832
-2.199	0.0222819
-2.198	0.0222858
-2.197	0.0222949
-2.196	0.0223092
-2.195	0.0223287
-2.194	0.0223536
-2.193	0.0223838
-2.192	0.0224193
-2.191	0.0224601
-2.19	0.0225062
-2.189	0.0225575
-2.188	0.022614
-2.187	0.0226757
-2.186	0.0227424
-2.185	0.0228141
-2.184	0.0228906
-2.183	0.022972
-2.182	0.023058
-2.181	0.0231486
-2.18	0.0232437
-2.179	0.023343
-2.178	0.0234465
-2.177	0.023554
-2.176	0.0236653
-2.175	0.0237803
-2.174	0.0238989
-2.173	0.0240208
-2.172	0.0241458
-2.171	0.0242739
-2.17	0.0244048
-2.169	0.0245383
-2.168	0.0246743
-2.167	0.0248125
-2.166	0.0249528
-2.165	0.0250949
-2.164	0.0252388
-2.163	0.0253842
-2.162	0.0255309
-2.161	0.0256787
-2.16	0.0258275
-2.159	0.0259771
-2.158	0.0261272
-2.157	0.0262777
-2.156	0.0264285
-2.155	0.0265793
-2.154	0.02673
-2.153	0.0268804
-2.152	0.0270303
-2.151	0.0271797
-2.15	0.0273282
-2.149	0.0274758
-2.148	0.0276224
-2.147	0.0277677
-2.146	0.0279116
-2.145	0.028054
-2.144	0.0281948
-2.143	0.0283338
-2.142	0.0284708
-2.141	0.0286059
-2.14	0.0287388
-2.139	0.0288694
-2.138	0.0289977
-2.137	0.0291235
-2.136	0.0292467
-2.135	0.0293672
-2.134	0.029485
-2.133	0.0296
-2.132	0.029712
-2.131	0.029821
-2.13	0.0299269
-2.129	0.0300297
-2.128	0.0301292
-2.127	0.0302255
-2.126	0.0303185
-2.125	0.0304081
-2.124	0.0304943
-2.123	0.030577
-2.122	0.0306563
-2.121	0.030732
-2.12	0.0308041
-2.119	0.0308727
-2.118	0.0309378
-2.117	0.0309992
-2.116	0.031057
-2.115	0.0311112
-2.114	0.0311619
-2.113	0.0312089
-2.112	0.0312523
-2.111	0.0312922
-2.11	0.0313285
-2.109	0.0313613
-2.108	0.0313906
-2.107	0.0314164
-2.106	0.0314388
-2.105	0.0314578
-2.104	0.0314735
-2.103	0.0314859
-2.102	0.0314951
-2.101	0.0315011
-2.1	0.0315041
-2.099	0.031504
-2.098	0.0315009
-2.097	0.0314949
-2.096	0.0314861
-2.095	0.0314747
-2.094	0.0314605
-2.093	0.0314439
-2.092	0.0314248
-2.091	0.0314033
-2.09	0.0313797
-2.089	0.0313539
-2.088	0.031326
-2.087	0.0312963
-2.086	0.0312647
-2.085	0.0312316
-2.084	0.0311968
-2.083	0.0311607
-2.082	0.0311232
-2.081	0.0310846
-2.08	0.0310449
-2.079	0.0310044
-2.078	0.0309631
-2.077	0.0309212
-2.076	0.0308788
-2.075	0.0308361
-2.074	0.0307932
-2.073	0.0307503
-2.072	0.0307075
-2.071	0.0306649
-2.07	0.0306228
-2.069	0.0305812
-2.068	0.0305403
-2.067	0.0305003
-2.066	0.0304612
-2.065	0.0304234
-2.064	0.0303867
-2.063	0.0303516
-2.062	0.0303179
-2.061	0.030286
-2.06	0.030256
-2.059	0.0302279
-2.058	0.030202
-2.057	0.0301783
-2.056	0.0301569
-2.055	0.0301381
-2.054	0.0301219
-2.053	0.0301083
-2.052	0.0300976
-2.051	0.0300899
-2.05	0.0300852
-2.049	0.0300835
-2.048	0.0300851
-2.047	0.03009
-2.046	0.0300982
-2.045	0.0301099
-2.044	0.030125
-2.043	0.0301437
-2.042	0.030166
-2.041	0.0301919
-2.04	0.0302215
-2.039	0.0302548
-2.038	0.0302918
-2.037	0.0303325
-2.036	0.0303769
-2.035	0.0304251
-2.034	0.030477
-2.033	0.0305326
-2.032	0.0305918
-2.031	0.0306547
-2.03	0.0307212
-2.029	0.0307913
-2.028	0.0308649
-2.027	0.0309419
-2.026	0.0310224
-2.025	0.0311062
-2.024	0.0311932
-2.023	0.0312834
-2.022	0.0313767
-2.021	0.031473
-2.02	0.0315722
-2.019	0.0316742
-2.018	0.0317789
-2.017	0.0318862
-2.016	0.0319959
-2.015	0.0321081
-2.014	0.0322225
-2.013	0.0323391
-2.012	0.0324576
-2.011	0.0325781
-2.01	0.0327003
-2.009	0.0328242
-2.008	0.0329496
-2.007	0.0330763
-2.006	0.0332043
-2.005	0.0333334
-2.004	0.0334635
-2.003	0.0335945
-2.002	0.0337262
-2.001	0.0338585
-2	0.0339913
-1.999	0.0341244
-1.998	0.0342577
-1.997	0.0343911
-1.996	0.0345245
-1.995	0.0346577
-1.994	0.0347906
-1.993	0.0349232
-1.992	0.0350552
-1.991	0.0351865
-1.99	0.0353171
-1.989	0.0354469
-1.988	0.0355757
-1.987	0.0357033
-1.986	0.0358299
-1.985	0.0359551
-1.984	0.036079
-1.983	0.0362014
-1.982	0.0363223
-1.981	0.0364415
-1.98	0.036559
-1.979	0.0366747
-1.978	0.0367885
-1.977	0.0369003
-1.976	0.0370101
-1.975	0.0371179
-1.974	0.0372234
-1.973	0.0373268
-1.972	0.0374279
-1.971	0.0375266
-1.97	0.037623
-1.969	0.037717
-1.968	0.0378086
-1.967	0.0378976
-1.966	0.0379841
-1.965	0.0380681
-1.964	0.0381495
-1.963	0.0382283
-1.962	0.0383045
-1.961	0.0383781
-1.96	0.038449
-1.959	0.0385173
-1.958	0.038583
-1.957	0.038646
-1.956	0.0387064
-1.955	0.0387641
-1.954	0.0388193
-1.953	0.0388719
-1.952	0.0389219
-1.951	0.0389694
-1.95	0.0390143
-1.949	0.0390568
-1.948	0.0390968
-1.947	0.0391344
-1.946	0.0391697
-1.945	0.0392026
-1.944	0.0392332
-1.943	0.0392617
-1.942	0.0392879
-1.941	0.0393121
-1.94	0.0393343
-1.939	0.0393544
-1.938	0.0393727
-1.937	0.0393891
-1.936	0.0394037
-1.935	0.0394167
-1.934	0.0394281
-1.933	0.0394379
-1.932	0.0394463
-1.931	0.0394533
-1.93	0.0394591
-1.929	0.0394637
-1.928	0.0394672
-1.927	0.0394697
-1.926	0.0394713
-1.925	0.0394721
-1.924	0.0394722
-1.923	0.0394718
-1.922	0.0394708
-1.921	0.0394694
-1.92	0.0394677
-1.919	0.0394659
-1.918	0.0394639
-1.917	0.039462
-1.916	0.0394601
-1.915	0.0394586
-1.914	0.0394573
-1.913	0.0394564
-1.912	0.0394561
-1.911	0.0394565
-1.91	0.0394575
-1.909	0.0394594
-1.908	0.0394623
-1.907	0.0394662
-1.906	0.0394712
-1.905	0.0394774
-1.904	0.039485
-1.903	0.0394939
-1.902	0.0395044
-1.901	0.0395164
-1.9	0.0395302
-1.899	0.0395456
-1.898	0.0395629
-1.897	0.039582
-1.896	0.0396032
-1.895	0.0396263
-1.894	0.0396516
-1.893	0.039679
-1.892	0.0397086
-1.891	0.0397406
-1.89	0.0397748
-1.889	0.0398114
-1.888	0.0398503
-1.887	0.0398918
-1.886	0.0399357
-1.885	0.039982
-1.884	0.0400309
-1.883	0.0400824
-1.882	0.0401363
-1.881	0.0401929
-1.88	0.040252
-1.879	0.0403137
-1.878	0.040378
-1.877	0.0404448
-1.876	0.0405141
-1.875	0.040586
-1.874	0.0406604
-1.873	0.0407373
-1.872	0.0408166
-1.871	0.0408983
-1.87	0.0409824
-1.869	0.0410689
-1.868	0.0411576
-1.867	0.0412486
-1.866	0.0413418
-1.865	0.0414372
-1.864	0.0415346
-1.863	0.0416341
-1.862	0.0417355
-1.861	0.0418388
-1.86	0.0419439
-1.859	0.0420508
-1.858	0.0421594
-1.857	0.0422695
-1.856	0.0423812
-1.855	0.0424943
-1.854	0.0426089
-1.853	0.0427247
-1.852	0.0428417
-1.851	0.0429597
-1.85	0.0430789
-1.849	0.043199
-1.848	0.0433199
-1.847	0.0434416
-1.846	0.0435639
-1.845	0.0436869
-1.844	0.0438104
-1.843	0.0439342
-1.842	0.0440585
-1.841	0.0441829
-1.84	0.0443075
-1.839	0.0444322
-1.838	0.0445568
-1.837	0.0446813
-1.836	0.0448057
-1.835	0.0449298
-1.834	0.0450535
-1.833	0.0451768
-1.832	0.0452996
-1.831	0.0454219
-1.83	0.0455434
-1.829	0.0456643
-1.828	0.0457843
-1.827	0.0459035
-1.826	0.0460218
-1.825	0.046139
-1.824	0.0462552
-1.823	0.0463703
-1.822	0.0464842
-1.821	0.0465969
-1.82	0.0467082
-1.819	0.0468183
-1.818	0.046927
-1.817	0.0470342
-1.816	0.04714
-1.815	0.0472443
-1.814	0.047347
-1.813	0.0474482
-1.812	0.0475477
-1.811	0.0476457
-1.81	0.0477419
-1.809	0.0478365
-1.808	0.0479293
-1.807	0.0480205
-1.806	0.0481099
-1.805	0.0481976
-1.804	0.0482835
-1.803	0.0483676
-1.802	0.04845
-1.801	0.0485306
-1.8	0.0486095
-1.799	0.0486866
-1.798	0.048762
-1.797	0.0488357
-1.796	0.0489076
-1.795	0.0489778
-1.794	0.0490464
-1.793	0.0491133
-1.792	0.0491786
-1.791	0.0492422
-1.79	0.0493043
-1.789	0.0493649
-1.788	0.0494239
-1.787	0.0494814
-1.786	0.0495376
-1.785	0.0495922
-1.784	0.0496457
-1.783	0.0496977
-1.782	0.0497486
-1.781	0.0497981
-1.78	0.0498466
-1.779	0.049894
-1.778	0.0499403
-1.777	0.0499856
-1.776	0.05003
-1.775	0.0500735
-1.774	0.0501162
-1.773	0.0501581
-1.772	0.0501994
-1.771	0.05024
-1.77	0.0502801
-1.769	0.0503197
-1.768	0.0503589
-1.767	0.0503977
-1.766	0.0504362
-1.765	0.0504745
-1.764	0.0505127
-1.763	0.0505507
-1.762	0.0505889
-1.761	0.0506269
-1.76	0.0506652
-1.759	0.0507036
-1.758	0.0507423
-1.757	0.0507814
-1.756	0.0508208
-1.755	0.0508608
-1.754	0.0509012
-1.753	0.0509422
-1.752	0.0509839
-1.751	0.0510264
-1.75	0.0510696
-1.749	0.0511137
-1.748	0.0511586
-1.747	0.0512045
-1.746	0.0512515
-1.745	0.0512995
-1.744	0.0513487
-1.743	0.0513991
-1.742	0.0514507
-1.741	0.0515035
-1.74	0.0515576
-1.739	0.0516132
-1.738	0.0516702
-1.737	0.0517285
-1.736	0.0517884
-1.735	0.0518498
-1.734	0.0519127
-1.733	0.0519771
-1.732	0.0520432
-1.731	0.0521109
-1.73	0.0521802
-1.729	0.0522512
-1.728	0.0523239
-1.727	0.0523981
-1.726	0.0524742
-1.725	0.0525519
-1.724	0.0526313
-1.723	0.0527125
-1.722	0.0527953
-1.721	0.0528798
-1.72	0.052966
-1.719	0.0530539
-1.718	0.0531435
-1.717	0.0532347
-1.716	0.0533275
-1.715	0.053422
-1.714	0.0535181
-1.713	0.0536157
-1.712	0.0537149
-1.711	0.0538156
-1.71	0.0539178
-1.709	0.0540215
-1.708	0.0541266
-1.707	0.0542331
-1.706	0.0543409
-1.705	0.05445
-1.704	0.0545604
-1.703	0.0546721
-1.702	0.0547848
-1.701	0.0548987
-1.7	0.0550138
-1.699	0.0551298
-1.698	0.0552468
-1.697	0.0553648
-1.696	0.0554836
-1.695	0.0556033
-1.694	0.0557238
-1.693	0.0558449
-1.692	0.0559668
-1.691	0.0560893
-1.69	0.0562123
-1.689	0.0563358
-1.688	0.0564597
-1.687	0.0565841
-1.686	0.0567088
-1.685	0.0568338
-1.684	0.056959
-1.683	0.0570844
-1.682	0.0572099
-1.681	0.0573354
-1.68	0.057461
-1.679	0.0575865
-1.678	0.0577119
-1.677	0.0578372
-1.676	0.0579623
-1.675	0.0580872
-1.674	0.0582117
-1.673	0.0583359
-1.672	0.0584598
-1.671	0.0585832
-1.67	0.0587061
-1.669	0.0588285
-1.668	0.0589504
-1.667	0.0590716
-1.666	0.0591922
-1.665	0.0593122
-1.664	0.0594315
-1.663	0.05955
-1.662	0.0596677
-1.661	0.0597847
-1.66	0.0599008
-1.659	0.0600161
-1.658	0.0601305
-1.657	0.0602439
-1.656	0.0603565
-1.655	0.0604682
-1.654	0.0605788
-1.653	0.0606885
-1.652	0.0607973
-1.651	0.060905
-1.65	0.0610117
-1.649	0.0611174
-1.648	0.0612221
-1.647	0.0613258
-1.646	0.0614284
-1.645	0.06153
-1.644	0.0616307
-1.643	0.0617302
-1.642	0.0618288
-1.641	0.0619263
-1.64	0.0620229
-1.639	0.0621184
-1.638	0.062213
-1.637	0.0623066
-1.636	0.0623993
-1.635	0.062491
-1.634	0.0625819
-1.633	0.0626719
-1.632	0.0627609
-1.631	0.0628492
-1.63	0.0629366
-1.629	0.0630232
-1.628	0.0631091
-1.627	0.0631942
-1.626	0.0632786
-1.625	0.0633624
-1.624	0.0634455
-1.623	0.063528
-1.622	0.0636099
-1.621	0.0636912
-1.62	0.0637721
-1.619	0.0638525
-1.618	0.0639325
-1.617	0.0640121
-1.616	0.0640914
-1.615	0.0641703
-1.614	0.064249
-1.613	0.0643274
-1.612	0.0644057
-1.611	0.0644838
-1.61	0.0645618
-1.609	0.0646398
-1.608	0.0647177
-1.607	0.0647957
-1.606	0.0648738
-1.605	0.0649519
-1.604	0.0650303
-1.603	0.0651087
-1.602	0.0651875
-1.601	0.0652665
-1.6	0.0653458
-1.599	0.0654255
-1.598	0.0655056
-1.597	0.0655861
-1.596	0.0656672
-1.595	0.0657487
-1.594	0.0658307
-1.593	0.0659134
-1.592	0.0659966
-1.591	0.0660806
-1.59	0.0661652
-1.589	0.0662505
-1.588	0.0663366
-1.587	0.0664235
-1.586	0.0665112
-1.585	0.0665998
-1.584	0.0666891
-1.583	0.0667794
-1.582	0.0668707
-1.581	0.0669628
-1.58	0.0670559
-1.579	0.0671499
-1.578	0.067245
-1.577	0.0673411
-1.576	0.0674382
-1.575	0.0675364
-1.574	0.0676356
-1.573	0.0677358
-1.572	0.0678372
-1.571	0.0679395
-1.57	0.068043
-1.569	0.0681476
-1.568	0.0682532
-1.567	0.06836
-1.566	0.0684678
-1.565	0.0685768
-1.564	0.0686868
-1.563	0.0687979
-1.562	0.0689101
-1.561	0.0690233
-1.56	0.0691376
-1.559	0.0692529
-1.558	0.0693693
-1.557	0.0694867
-1.556	0.0696051
-1.555	0.0697245
-1.554	0.0698449
-1.553	0.0699662
-1.552	0.0700885
-1.551	0.0702117
-1.55	0.0703358
-1.549	0.0704606
-1.548	0.0705864
-1.547	0.070713
-1.546	0.0708405
-1.545	0.0709686
-1.544	0.0710975
-1.543	0.0712272
-1.542	0.0713575
-1.541	0.0714885
-1.54	0.0716202
-1.539	0.0717524
-1.538	0.0718851
-1.537	0.0720185
-1.536	0.0721523
-1.535	0.0722867
-1.534	0.0724214
-1.533	0.0725566
-1.532	0.0726921
-1.531	0.0728281
-1.53	0.0729643
-1.529	0.0731007
-1.528	0.0732376
-1.527	0.0733746
-1.526	0.0735118
-1.525	0.0736491
-1.524	0.0737866
-1.523	0.0739243
-1.522	0.0740619
-1.521	0.0741996
-1.52	0.0743374
-1.519	0.0744751
-1.518	0.0746127
-1.517	0.0747503
-1.516	0.0748879
-1.515	0.0750253
-1.514	0.0751625
-1.513	0.0752995
-1.512	0.0754364
-1.511	0.0755731
-1.51	0.0757095
-1.509	0.0758456
-1.508	0.0759815
-1.507	0.0761172
-1.506	0.0762524
-1.505	0.0763873
-1.504	0.0765219
-1.503	0.0766561
-1.502	0.0767899
-1.501	0.0769233
-1.5	0.0770563
-1.499	0.0771889
-1.498	0.0773212
-1.497	0.0774529
-1.496	0.0775842
-1.495	0.077715
-1.494	0.0778455
-1.493	0.0779754
-1.492	0.0781048
-1.491	0.0782339
-1.49	0.0783624
-1.489	0.0784905
-1.488	0.0786181
-1.487	0.0787453
-1.486	0.078872
-1.485	0.0789982
-1.484	0.079124
-1.483	0.0792494
-1.482	0.0793743
-1.481	0.0794988
-1.48	0.0796229
-1.479	0.0797464
-1.478	0.0798697
-1.477	0.0799926
-1.476	0.0801151
-1.475	0.0802372
-1.474	0.080359
-1.473	0.0804805
-1.472	0.0806016
-1.471	0.0807225
-1.47	0.080843
-1.469	0.0809633
-1.468	0.0810833
-1.467	0.0812032
-1.466	0.0813228
-1.465	0.0814423
-1.464	0.0815616
-1.463	0.0816807
-1.462	0.0817997
-1.461	0.0819186
-1.46	0.0820374
-1.459	0.0821562
-1.458	0.0822749
-1.457	0.0823936
-1.456	0.0825124
-1.455	0.0826312
-1.454	0.08275
-1.453	0.082869
-1.452	0.082988
-1.451	0.0831071
-1.45	0.0832264
-1.449	0.083346
-1.448	0.0834656
-1.447	0.0835856
-1.446	0.0837058
-1.445	0.0838262
-1.444	0.0839469
-1.443	0.0840678
-1.442	0.0841892
-1.441	0.0843109
-1.44	0.084433
-1.439	0.0845555
-1.438	0.0846784
-1.437	0.0848017
-1.436	0.0849256
-1.435	0.0850498
-1.434	0.0851746
-1.433	0.0852999
-1.432	0.0854257
-1.431	0.085552
-1.43	0.0856789
-1.429	0.0858064
-1.428	0.0859345
-1.427	0.0860631
-1.426	0.0861924
-1.425	0.0863223
-1.424	0.0864529
-1.423	0.086584
-1.422	0.0867158
-1.421	0.0868483
-1.42	0.0869815
-1.419	0.0871154
-1.418	0.0872499
-1.417	0.0873851
-1.416	0.0875211
-1.415	0.0876577
-1.414	0.087795
-1.413	0.087933
-1.412	0.0880717
-1.411	0.0882112
-1.41	0.0883513
-1.409	0.0884922
-1.408	0.0886337
-1.407	0.088776
-1.406	0.0889189
-1.405	0.0890626
-1.404	0.089207
-1.403	0.0893519
-1.402	0.0894977
-1.401	0.089644
-1.4	0.089791
-1.399	0.0899387
-1.398	0.090087
-1.397	0.090236
-1.396	0.0903857
-1.395	0.090536
-1.394	0.0906868
-1.393	0.0908382
-1.392	0.0909902
-1.391	0.0911428
-1.39	0.0912959
-1.389	0.0914496
-1.388	0.0916038
-1.387	0.0917585
-1.386	0.0919138
-1.385	0.0920694
-1.384	0.0922257
-1.383	0.0923824
-1.382	0.0925394
-1.381	0.092697
-1.38	0.0928549
-1.379	0.0930133
-1.378	0.093172
-1.377	0.0933311
-1.376	0.0934905
-1.375	0.0936503
-1.374	0.0938104
-1.373	0.0939708
-1.372	0.0941315
-1.371	0.0942924
-1.37	0.0944536
-1.369	0.0946149
-1.368	0.0947766
-1.367	0.0949385
-1.366	0.0951006
-1.365	0.0952628
-1.364	0.0954252
-1.363	0.0955877
-1.362	0.0957504
-1.361	0.0959132
-1.36	0.096076
-1.359	0.0962391
-1.358	0.0964022
-1.357	0.0965653
-1.356	0.0967285
-1.355	0.0968918
-1.354	0.097055
-1.353	0.0972184
-1.352	0.0973816
-1.351	0.0975449
-1.35	0.0977082
-1.349	0.0978715
-1.348	0.0980348
-1.347	0.0981981
-1.346	0.0983612
-1.345	0.0985245
-1.344	0.0986876
-1.343	0.0988507
-1.342	0.0990138
-1.341	0.0991767
-1.34	0.0993395
-1.339	0.0995025
-1.338	0.0996652
-1.337	0.0998279
-1.336	0.0999905
-1.335	0.100153
-1.334	0.100316
-1.333	0.100478
-1.332	0.10064
-1.331	0.100802
-1.33	0.100965
-1.329	0.101127
-1.328	0.101289
-1.327	0.101451
-1.326	0.101613
-1.325	0.101775
-1.324	0.101936
-1.323	0.102098
-1.322	0.10226
-1.321	0.102421
-1.32	0.102583
-1.319	0.102745
-1.318	0.102906
-1.317	0.103068
-1.316	0.10323
-1.315	0.103391
-1.314	0.103553
-1.313	0.103715
-1.312	0.103876
-1.311	0.104038
-1.31	0.1042
-1.309	0.104362
-1.308	0.104524
-1.307	0.104686
-1.306	0.104848
-1.305	0.105011
-1.304	0.105173
-1.303	0.105336
-1.302	0.105498
-1.301	0.105661
-1.3	0.105824
-1.299	0.105987
-1.298	0.106151
-1.297	0.106315
-1.296	0.106478
-1.295	0.106642
-1.294	0.106807
-1.293	0.106971
-1.292	0.107136
-1.291	0.107301
-1.29	0.107467
-1.289	0.107632
-1.288	0.107798
-1.287	0.107965
-1.286	0.108131
-1.285	0.108298
-1.284	0.108466
-1.283	0.108634
-1.282	0.108802
-1.281	0.10897
-1.28	0.109139
-1.279	0.109308
-1.278	0.109478
-1.277	0.109648
-1.276	0.109818
-1.275	0.109989
-1.274	0.110161
-1.273	0.110333
-1.272	0.110505
-1.271	0.110678
-1.27	0.110851
-1.269	0.111025
-1.268	0.111199
-1.267	0.111373
-1.266	0.111549
-1.265	0.111724
-1.264	0.1119
-1.263	0.112077
-1.262	0.112254
-1.261	0.112432
-1.26	0.11261
-1.259	0.112788
-1.258	0.112968
-1.257	0.113147
-1.256	0.113327
-1.255	0.113508
-1.254	0.113689
-1.253	0.113871
-1.252	0.114053
-1.251	0.114236
-1.25	0.114419
-1.249	0.114603
-1.248	0.114787
-1.247	0.114972
-1.246	0.115158
-1.245	0.115344
-1.244	0.11553
-1.243	0.115716
-1.242	0.115904
-1.241	0.116092
-1.24	0.11628
-1.239	0.116469
-1.238	0.116658
-1.237	0.116847
-1.236	0.117038
-1.235	0.117228
-1.234	0.117419
-1.233	0.117611
-1.232	0.117803
-1.231	0.117995
-1.23	0.118188
-1.229	0.118381
-1.228	0.118575
-1.227	0.118769
-1.226	0.118963
-1.225	0.119158
-1.224	0.119353
-1.223	0.119549
-1.222	0.119745
-1.221	0.119941
-1.22	0.120138
-1.219	0.120335
-1.218	0.120532
-1.217	0.12073
-1.216	0.120928
-1.215	0.121126
-1.214	0.121325
-1.213	0.121524
-1.212	0.121723
-1.211	0.121923
-1.21	0.122123
-1.209	0.122323
-1.208	0.122523
-1.207	0.122724
-1.206	0.122925
-1.205	0.123126
-1.204	0.123328
-1.203	0.12353
-1.202	0.123731
-1.201	0.123934
-1.2	0.124136
-1.199	0.124339
-1.198	0.124542
-1.197	0.124745
-1.196	0.124948
-1.195	0.125152
-1.194	0.125356
-1.193	0.12556
-1.192	0.125764
-1.191	0.125968
-1.19	0.126173
-1.189	0.126378
-1.188	0.126583
-1.187	0.126788
-1.186	0.126993
-1.185	0.127199
-1.184	0.127405
-1.183	0.12761
-1.182	0.127817
-1.181	0.128023
-1.18	0.128229
-1.179	0.128436
-1.178	0.128643
-1.177	0.12885
-1.176	0.129057
-1.175	0.129265
-1.174	0.129472
-1.173	0.12968
-1.172	0.129888
-1.171	0.130096
-1.17	0.130305
-1.169	0.130513
-1.168	0.130722
-1.167	0.130931
-1.166	0.13114
-1.165	0.131349
-1.164	0.131559
-1.163	0.131769
-1.162	0.131979
-1.161	0.132189
-1.16	0.1324
-1.159	0.13261
-1.158	0.132821
-1.157	0.133032
-1.156	0.133244
-1.155	0.133456
-1.154	0.133667
-1.153	0.13388
-1.152	0.134092
-1.151	0.134305
-1.15	0.134518
-1.149	0.134731
-1.148	0.134945
-1.147	0.135159
-1.146	0.135373
-1.145	0.135587
-1.144	0.135802
-1.143	0.136017
-1.142	0.136232
-1.141	0.136448
-1.14	0.136664
-1.139	0.13688
-1.138	0.137097
-1.137	0.137314
-1.136	0.137531
-1.135	0.137749
-1.134	0.137967
-1.133	0.138185
-1.132	0.138404
-1.131	0.138623
-1.13	0.138843
-1.129	0.139063
-1.128	0.139283
-1.127	0.139504
-1.126	0.139725
-1.125	0.139946
-1.124	0.140168
-1.123	0.140391
-1.122	0.140613
-1.121	0.140836
-1.12	0.14106
-1.119	0.141284
-1.118	0.141508
-1.117	0.141733
-1.116	0.141958
-1.115	0.142184
-1.114	0.14241
-1.113	0.142637
-1.112	0.142864
-1.111	0.143091
-1.11	0.143319
-1.109	0.143547
-1.108	0.143776
-1.107	0.144006
-1.106	0.144235
-1.105	0.144465
-1.104	0.144696
-1.103	0.144927
-1.102	0.145159
-1.101	0.145391
-1.1	0.145623
-1.099	0.145856
-1.098	0.14609
-1.097	0.146324
-1.096	0.146558
-1.095	0.146793
-1.094	0.147028
-1.093	0.147264
-1.092	0.1475
-1.091	0.147737
-1.09	0.147974
-1.089	0.148212
-1.088	0.14845
-1.087	0.148688
-1.086	0.148927
-1.085	0.149167
-1.084	0.149407
-1.083	0.149647
-1.082	0.149888
-1.081	0.150129
-1.08	0.150371
-1.079	0.150613
-1.078	0.150856
-1.077	0.151099
-1.076	0.151342
-1.075	0.151586
-1.074	0.151831
-1.073	0.152075
-1.072	0.152321
-1.071	0.152566
-1.07	0.152813
-1.069	0.153059
-1.068	0.153306
-1.067	0.153554
-1.066	0.153801
-1.065	0.15405
-1.064	0.154298
-1.063	0.154547
-1.062	0.154797
-1.061	0.155047
-1.06	0.155297
-1.059	0.155548
-1.058	0.155799
-1.057	0.156051
-1.056	0.156302
-1.055	0.156555
-1.054	0.156808
-1.053	0.157061
-1.052	0.157314
-1.051	0.157568
-1.05	0.157822
-1.049	0.158077
-1.048	0.158332
-1.047	0.158587
-1.046	0.158843
-1.045	0.159099
-1.044	0.159356
-1.043	0.159613
-1.042	0.15987
-1.041	0.160127
-1.04	0.160385
-1.039	0.160644
-1.038	0.160903
-1.037	0.161162
-1.036	0.161421
-1.035	0.161681
-1.034	0.161941
-1.033	0.162202
-1.032	0.162463
-1.031	0.162724
-1.03	0.162986
-1.029	0.163248
-1.028	0.16351
-1.027	0.163773
-1.026	0.164036
-1.025	0.1643
-1.024	0.164564
-1.023	0.164828
-1.022	0.165092
-1.021	0.165357
-1.02	0.165623
-1.019	0.165888
-1.018	0.166155
-1.017	0.166421
-1.016	0.166688
-1.015	0.166955
-1.014	0.167223
-1.013	0.167491
-1.012	0.167759
-1.011	0.168028
-1.01	0.168297
-1.009	0.168566
-1.008	0.168836
-1.007	0.169106
-1.006	0.169377
-1.005	0.169648
-1.004	0.169919
-1.003	0.170191
-1.002	0.170464
-1.001	0.170736
-1	0.171009
-0.999	0.171283
-0.998	0.171557
-0.997	0.171831
-0.996	0.172106
-0.995	0.172381
-0.994	0.172656
-0.993	0.172932
-0.992	0.173208
-0.991	0.173485
-0.99	0.173762
-0.989	0.17404
-0.988	0.174318
-0.987	0.174596
-0.986	0.174875
-0.985	0.175155
-0.984	0.175434
-0.983	0.175715
-0.982	0.175995
-0.981	0.176276
-0.98	0.176558
-0.979	0.17684
-0.978	0.177123
-0.977	0.177405
-0.976	0.177689
-0.975	0.177973
-0.974	0.178257
-0.973	0.178542
-0.972	0.178827
-0.971	0.179113
-0.97	0.179399
-0.969	0.179686
-0.968	0.179973
-0.967	0.18026
-0.966	0.180549
-0.965	0.180837
-0.964	0.181126
-0.963	0.181416
-0.962	0.181706
-0.961	0.181996
-0.96	0.182287
-0.959	0.182579
-0.958	0.182871
-0.957	0.183163
-0.956	0.183456
-0.955	0.18375
-0.954	0.184044
-0.953	0.184338
-0.952	0.184633
-0.951	0.184929
-0.95	0.185225
-0.949	0.185521
-0.948	0.185818
-0.947	0.186116
-0.946	0.186414
-0.945	0.186713
-0.944	0.187012
-0.943	0.187311
-0.942	0.187611
-0.941	0.187912
-0.94	0.188213
-0.939	0.188515
-0.938	0.188817
-0.937	0.189119
-0.936	0.189423
-0.935	0.189726
-0.934	0.19003
-0.933	0.190335
-0.932	0.19064
-0.931	0.190946
-0.93	0.191252
-0.929	0.191559
-0.928	0.191866
-0.927	0.192174
-0.926	0.192482
-0.925	0.192791
-0.924	0.1931
-0.923	0.19341
-0.922	0.193721
-0.921	0.194032
-0.92	0.194343
-0.919	0.194655
-0.918	0.194968
-0.917	0.195281
-0.916	0.195594
-0.915	0.195908
-0.914	0.196223
-0.913	0.196538
-0.912	0.196853
-0.911	0.197169
-0.91	0.197486
-0.909	0.197803
-0.908	0.198121
-0.907	0.198439
-0.906	0.198758
-0.905	0.199077
-0.904	0.199397
-0.903	0.199717
-0.902	0.200037
-0.901	0.200359
-0.9	0.20068
-0.899	0.201003
-0.898	0.201325
-0.897	0.201649
-0.896	0.201973
-0.895	0.202297
-0.894	0.202622
-0.893	0.202947
-0.892	0.203273
-0.891	0.203599
-0.89	0.203926
-0.889	0.204253
-0.888	0.204581
-0.887	0.20491
-0.886	0.205239
-0.885	0.205568
-0.884	0.205898
-0.883	0.206229
-0.882	0.20656
-0.881	0.206891
-0.88	0.207223
-0.879	0.207556
-0.878	0.207889
-0.877	0.208223
-0.876	0.208557
-0.875	0.208891
-0.874	0.209226
-0.873	0.209562
-0.872	0.209898
-0.871	0.210235
-0.87	0.210572
-0.869	0.21091
-0.868	0.211248
-0.867	0.211587
-0.866	0.211926
-0.865	0.212266
-0.864	0.212606
-0.863	0.212947
-0.862	0.213288
-0.861	0.21363
-0.86	0.213973
-0.859	0.214316
-0.858	0.214659
-0.857	0.215004
-0.856	0.215348
-0.855	0.215693
-0.854	0.216039
-0.853	0.216385
-0.852	0.216732
-0.851	0.217079
-0.85	0.217427
-0.849	0.217775
-0.848	0.218124
-0.847	0.218474
-0.846	0.218824
-0.845	0.219174
-0.844	0.219525
-0.843	0.219877
-0.842	0.220229
-0.841	0.220582
-0.84	0.220935
-0.839	0.221289
-0.838	0.221643
-0.837	0.221998
-0.836	0.222354
-0.835	0.22271
-0.834	0.223067
-0.833	0.223424
-0.832	0.223782
-0.831	0.22414
-0.83	0.224499
-0.829	0.224858
-0.828	0.225219
-0.827	0.225579
-0.826	0.22594
-0.825	0.226302
-0.824	0.226665
-0.823	0.227028
-0.822	0.227391
-0.821	0.227755
-0.82	0.22812
-0.819	0.228485
-0.818	0.228851
-0.817	0.229218
-0.816	0.229585
-0.815	0.229953
-0.814	0.230321
-0.813	0.23069
-0.812	0.23106
-0.811	0.23143
-0.81	0.2318
-0.809	0.232172
-0.808	0.232543
-0.807	0.232916
-0.806	0.233289
-0.805	0.233663
-0.804	0.234037
-0.803	0.234412
-0.802	0.234787
-0.801	0.235164
-0.8	0.23554
-0.799	0.235918
-0.798	0.236296
-0.797	0.236674
-0.796	0.237054
-0.795	0.237433
-0.794	0.237814
-0.793	0.238195
-0.792	0.238577
-0.791	0.238959
-0.79	0.239342
-0.789	0.239725
-0.788	0.24011
-0.787	0.240494
-0.786	0.24088
-0.785	0.241266
-0.784	0.241653
-0.783	0.24204
-0.782	0.242428
-0.781	0.242817
-0.78	0.243206
-0.779	0.243596
-0.778	0.243986
-0.777	0.244377
-0.776	0.244769
-0.775	0.245161
-0.774	0.245554
-0.773	0.245948
-0.772	0.246342
-0.771	0.246737
-0.77	0.247133
-0.769	0.247529
-0.768	0.247926
-0.767	0.248323
-0.766	0.248721
-0.765	0.24912
-0.764	0.24952
-0.763	0.24992
-0.762	0.25032
-0.761	0.250722
-0.76	0.251124
-0.759	0.251526
-0.758	0.25193
-0.757	0.252334
-0.756	0.252738
-0.755	0.253143
-0.754	0.253549
-0.753	0.253956
-0.752	0.254363
-0.751	0.254771
-0.75	0.255179
-0.749	0.255589
-0.748	0.255998
-0.747	0.256409
-0.746	0.25682
-0.745	0.257232
-0.744	0.257644
-0.743	0.258057
-0.742	0.258471
-0.741	0.258886
-0.74	0.2593
-0.739	0.259716
-0.738	0.260132
-0.737	0.26055
-0.736	0.260968
-0.735	0.261386
-0.734	0.261805
-0.733	0.262225
-0.732	0.262645
-0.731	0.263066
-0.73	0.263488
-0.729	0.263911
-0.728	0.264334
-0.727	0.264758
-0.726	0.265182
-0.725	0.265607
-0.724	0.266033
-0.723	0.26646
-0.722	0.266887
-0.721	0.267315
-0.72	0.267743
-0.719	0.268173
-0.718	0.268602
-0.717	0.269033
-0.716	0.269464
-0.715	0.269896
-0.714	0.270329
-0.713	0.270762
-0.712	0.271196
-0.711	0.271631
-0.71	0.272066
-0.709	0.272503
-0.708	0.272939
-0.707	0.273377
-0.706	0.273815
-0.705	0.274254
-0.704	0.274694
-0.703	0.275134
-0.702	0.275575
-0.701	0.276017
-0.7	0.276459
-0.699	0.276902
-0.698	0.277346
-0.697	0.277791
-0.696	0.278236
-0.695	0.278682
-0.694	0.279129
-0.693	0.279576
-0.692	0.280024
-0.691	0.280473
-0.69	0.280923
-0.689	0.281373
-0.688	0.281824
-0.687	0.282275
-0.686	0.282728
-0.685	0.283181
-0.684	0.283635
-0.683	0.284089
-0.682	0.284544
-0.681	0.285
-0.68	0.285457
-0.679	0.285915
-0.678	0.286373
-0.677	0.286832
-0.676	0.287291
-0.675	0.287752
-0.674	0.288213
-0.673	0.288675
-0.672	0.289137
-0.671	0.289601
-0.67	0.290065
-0.669	0.29053
-0.668	0.290995
-0.667	0.291461
-0.666	0.291929
-0.665	0.292396
-0.664	0.292865
-0.663	0.293334
-0.662	0.293804
-0.661	0.294275
-0.66	0.294747
-0.659	0.295219
-0.658	0.295692
-0.657	0.296166
-0.656	0.29664
-0.655	0.297116
-0.654	0.297592
-0.653	0.298069
-0.652	0.298546
-0.651	0.299025
-0.65	0.299504
-0.649	0.299984
-0.648	0.300465
-0.647	0.300946
-0.646	0.301429
-0.645	0.301912
-0.644	0.302395
-0.643	0.30288
-0.642	0.303365
-0.641	0.303852
-0.64	0.304339
-0.639	0.304826
-0.638	0.305315
-0.637	0.305804
-0.636	0.306294
-0.635	0.306785
-0.634	0.307277
-0.633	0.30777
-0.632	0.308263
-0.631	0.308757
-0.63	0.309252
-0.629	0.309747
-0.628	0.310244
-0.627	0.310741
-0.626	0.311239
-0.625	0.311738
-0.624	0.312238
-0.623	0.312738
-0.622	0.313239
-0.621	0.313741
-0.62	0.314245
-0.619	0.314748
-0.618	0.315253
-0.617	0.315758
-0.616	0.316264
-0.615	0.316771
-0.614	0.317279
-0.613	0.317787
-0.612	0.318297
-0.611	0.318807
-0.61	0.319318
-0.609	0.31983
-0.608	0.320343
-0.607	0.320856
-0.606	0.32137
-0.605	0.321886
-0.604	0.322402
-0.603	0.322918
-0.602	0.323436
-0.601	0.323954
-0.6	0.324474
-0.599	0.324994
-0.598	0.325515
-0.597	0.326037
-0.596	0.326559
-0.595	0.327083
-0.594	0.327607
-0.593	0.328132
-0.592	0.328658
-0.591	0.329185
-0.59	0.329713
-0.589	0.330241
-0.588	0.330771
-0.587	0.331301
-0.586	0.331832
-0.585	0.332364
-0.584	0.332896
-0.583	0.33343
-0.582	0.333964
-0.581	0.3345
-0.58	0.335036
-0.579	0.335573
-0.578	0.336111
-0.577	0.33665
-0.576	0.337189
-0.575	0.33773
-0.574	0.338271
-0.573	0.338813
-0.572	0.339356
-0.571	0.3399
-0.57	0.340445
-0.569	0.34099
-0.568	0.341537
-0.567	0.342085
-0.566	0.342633
-0.565	0.343182
-0.564	0.343732
-0.563	0.344283
-0.562	0.344835
-0.561	0.345387
-0.56	0.345941
-0.559	0.346495
-0.558	0.347051
-0.557	0.347607
-0.556	0.348164
-0.555	0.348722
-0.554	0.349281
-0.553	0.349841
-0.552	0.350402
-0.551	0.350963
-0.55	0.351526
-0.549	0.352089
-0.548	0.352654
-0.547	0.353219
-0.546	0.353785
-0.545	0.354352
-0.544	0.35492
-0.543	0.355489
-0.542	0.356059
-0.541	0.356629
-0.54	0.357201
-0.539	0.357773
-0.538	0.358347
-0.537	0.358921
-0.536	0.359496
-0.535	0.360073
-0.534	0.36065
-0.533	0.361228
-0.532	0.361807
-0.531	0.362387
-0.53	0.362968
-0.529	0.36355
-0.528	0.364132
-0.527	0.364716
-0.526	0.3653
-0.525	0.365886
-0.524	0.366472
-0.523	0.36706
-0.522	0.367648
-0.521	0.368237
-0.52	0.368828
-0.519	0.369419
-0.518	0.370011
-0.517	0.370604
-0.516	0.371198
-0.515	0.371793
-0.514	0.372389
-0.513	0.372986
-0.512	0.373583
-0.511	0.374182
-0.51	0.374782
-0.509	0.375383
-0.508	0.375984
-0.507	0.376587
-0.506	0.377191
-0.505	0.377795
-0.504	0.378401
-0.503	0.379007
-0.502	0.379615
-0.501	0.380223
-0.5	0.380833
-0.499	0.381443
-0.498	0.382054
-0.497	0.382667
-0.496	0.38328
-0.495	0.383894
-0.494	0.384509
-0.493	0.385126
-0.492	0.385743
-0.491	0.386361
-0.49	0.386981
-0.489	0.387601
-0.488	0.388222
-0.487	0.388844
-0.486	0.389467
-0.485	0.390092
-0.484	0.390717
-0.483	0.391343
-0.482	0.39197
-0.481	0.392598
-0.48	0.393228
-0.479	0.393858
-0.478	0.394489
-0.477	0.395121
-0.476	0.395755
-0.475	0.396389
-0.474	0.397024
-0.473	0.39766
-0.472	0.398297
-0.471	0.398936
-0.47	0.399575
-0.469	0.400216
-0.468	0.400857
-0.467	0.4015
-0.466	0.402143
-0.465	0.402788
-0.464	0.403433
-0.463	0.40408
-0.462	0.404728
-0.461	0.405376
-0.46	0.406026
-0.459	0.406677
-0.458	0.407328
-0.457	0.407981
-0.456	0.408635
-0.455	0.40929
-0.454	0.409946
-0.453	0.410604
-0.452	0.411261
-0.451	0.411921
-0.45	0.412581
-0.449	0.413242
-0.448	0.413905
-0.447	0.414568
-0.446	0.415232
-0.445	0.415898
-0.444	0.416565
-0.443	0.417232
-0.442	0.417901
-0.441	0.418571
-0.44	0.419242
-0.439	0.419914
-0.438	0.420587
-0.437	0.421261
-0.436	0.421936
-0.435	0.422613
-0.434	0.42329
-0.433	0.423969
-0.432	0.424648
-0.431	0.425329
-0.43	0.426011
-0.429	0.426694
-0.428	0.427377
-0.427	0.428062
-0.426	0.428749
-0.425	0.429436
-0.424	0.430124
-0.423	0.430813
-0.422	0.431504
-0.421	0.432196
-0.42	0.432889
-0.419	0.433583
-0.418	0.434278
-0.417	0.434974
-0.416	0.435671
-0.415	0.436369
-0.414	0.437068
-0.413	0.437769
-0.412	0.438471
-0.411	0.439174
-0.41	0.439877
-0.409	0.440583
-0.408	0.441289
-0.407	0.441996
-0.406	0.442704
-0.405	0.443414
-0.404	0.444125
-0.403	0.444837
-0.402	0.44555
-0.401	0.446264
-0.4	0.446979
-0.399	0.447695
-0.398	0.448413
-0.397	0.449131
-0.396	0.449851
-0.395	0.450573
-0.394	0.451295
-0.393	0.452018
-0.392	0.452742
-0.391	0.453468
-0.39	0.454195
-0.389	0.454923
-0.388	0.455652
-0.387	0.456382
-0.386	0.457113
-0.385	0.457846
-0.384	0.45858
-0.383	0.459315
-0.382	0.460051
-0.381	0.460788
-0.38	0.461526
-0.379	0.462266
-0.378	0.463007
-0.377	0.463749
-0.376	0.464493
-0.375	0.465237
-0.374	0.465983
-0.373	0.466729
-0.372	0.467478
-0.371	0.468227
-0.37	0.468977
-0.369	0.469729
-0.368	0.470482
-0.367	0.471236
-0.366	0.471991
-0.365	0.472748
-0.364	0.473505
-0.363	0.474264
-0.362	0.475025
-0.361	0.475786
-0.36	0.476549
-0.359	0.477312
-0.358	0.478077
-0.357	0.478844
-0.356	0.479611
-0.355	0.48038
-0.354	0.48115
-0.353	0.481921
-0.352	0.482693
-0.351	0.483467
-0.35	0.484242
-0.349	0.485085
-0.348	0.486065
-0.347	0.487179
-0.346	0.488429
-0.345	0.489812
-0.344	0.491324
-0.343	0.492967
-0.342	0.494736
-0.341	0.496628
-0.34	0.498646
-0.339	0.500772
-0.338	0.503
-0.337	0.505326
-0.336	0.507747
-0.335	0.51026
-0.334	0.512862
-0.333	0.515552
-0.332	0.518325
-0.331	0.521177
-0.33	0.524109
-0.329	0.527115
-0.328	0.530192
-0.327	0.533338
-0.326	0.53655
-0.325	0.539823
-0.324	0.543157
-0.323	0.546546
-0.322	0.54999
-0.321	0.553483
-0.32	0.557023
-0.319	0.560609
-0.318	0.564235
-0.317	0.567899
-0.316	0.5716
-0.315	0.575333
-0.314	0.579097
-0.313	0.582886
-0.312	0.586701
-0.311	0.590538
-0.31	0.594393
-0.309	0.598264
-0.308	0.602149
-0.307	0.606046
-0.306	0.609952
-0.305	0.613863
-0.304	0.617778
-0.303	0.621695
-0.302	0.625611
-0.301	0.629524
-0.3	0.633431
-0.299	0.637332
-0.298	0.641221
-0.297	0.6451
-0.296	0.648964
-0.295	0.652812
-0.294	0.656643
-0.293	0.660454
-0.292	0.664243
-0.291	0.668009
-0.29	0.671748
-0.289	0.675462
-0.288	0.679145
-0.287	0.682799
-0.286	0.68642
-0.285	0.690007
-0.284	0.693559
-0.283	0.697073
-0.282	0.700549
-0.281	0.703986
-0.28	0.707379
-0.279	0.710731
-0.278	0.714039
-0.277	0.717301
-0.276	0.720516
-0.275	0.723683
-0.274	0.726801
-0.273	0.729867
-0.272	0.732883
-0.271	0.735845
-0.27	0.738754
-0.269	0.741607
-0.268	0.744405
-0.267	0.747144
-0.266	0.749826
-0.265	0.752449
-0.264	0.755012
-0.263	0.757514
-0.262	0.759954
-0.261	0.762331
-0.26	0.764645
-0.259	0.766898
-0.258	0.769091
-0.257	0.771224
-0.256	0.773297
-0.255	0.775308
-0.254	0.777259
-0.253	0.779145
-0.252	0.780971
-0.251	0.782732
-0.25	0.78443
-0.249	0.786063
-0.248	0.787633
-0.247	0.789136
-0.246	0.790574
-0.245	0.791947
-0.244	0.793255
-0.243	0.794494
-0.242	0.795668
-0.241	0.796775
-0.24	0.797814
-0.239	0.798786
-0.238	0.79969
-0.237	0.800526
-0.236	0.801295
-0.235	0.801995
-0.234	0.802627
-0.233	0.80319
-0.232	0.803685
-0.231	0.804112
-0.23	0.804469
-0.229	0.804759
-0.228	0.80498
-0.227	0.805132
-0.226	0.805216
-0.225	0.805231
-0.224	0.805178
-0.223	0.805058
-0.222	0.804868
-0.221	0.804611
-0.22	0.804285
-0.219	0.803893
-0.218	0.803433
-0.217	0.802906
-0.216	0.802311
-0.215	0.801651
-0.214	0.800924
-0.213	0.800131
-0.212	0.799273
-0.211	0.798349
-0.21	0.797361
-0.209	0.796308
-0.208	0.795191
-0.207	0.79401
-0.206	0.792766
-0.205	0.79146
-0.204	0.790093
-0.203	0.788663
-0.202	0.787173
-0.201	0.785621
-0.2	0.784011
-0.199	0.782342
-0.198	0.780613
-0.197	0.778828
-0.196	0.776985
-0.195	0.775086
-0.194	0.773132
-0.193	0.771123
-0.192	0.76906
-0.191	0.766944
-0.19	0.764776
-0.189	0.762556
-0.188	0.760287
-0.187	0.757966
-0.186	0.755599
-0.185	0.753184
-0.184	0.750721
-0.183	0.748214
-0.182	0.745662
-0.181	0.743067
-0.18	0.74043
-0.179	0.737756
-0.178	0.735051
-0.177	0.732316
-0.176	0.729551
-0.175	0.72676
-0.174	0.723941
-0.173	0.721097
-0.172	0.71823
-0.171	0.715341
-0.17	0.712429
-0.169	0.709498
-0.168	0.706548
-0.167	0.703581
-0.166	0.700599
-0.165	0.697602
-0.164	0.694592
-0.163	0.691571
-0.162	0.688541
-0.161	0.685502
-0.16	0.682457
-0.159	0.679406
-0.158	0.676353
-0.157	0.673298
-0.156	0.670242
-0.155	0.667189
-0.154	0.664139
-0.153	0.661093
-0.152	0.658055
-0.151	0.655026
-0.15	0.652006
-0.149	0.649
-0.148	0.646007
-0.147	0.643031
-0.146	0.640073
-0.145	0.637134
-0.144	0.634217
-0.143	0.631324
-0.142	0.628458
-0.141	0.625618
-0.14	0.622808
-0.139	0.620029
-0.138	0.617285
-0.137	0.614576
-0.136	0.611904
-0.135	0.609273
-0.134	0.606683
-0.133	0.604136
-0.132	0.601635
-0.131	0.599182
-0.13	0.596778
-0.129	0.594426
-0.128	0.592127
-0.127	0.589885
-0.126	0.5877
-0.125	0.585573
-0.124	0.583508
-0.123	0.581507
-0.122	0.579571
-0.121	0.577701
-0.12	0.575898
-0.119	0.574167
-0.118	0.572508
-0.117	0.570922
-0.116	0.569411
-0.115	0.567976
-0.114	0.56662
-0.113	0.565344
-0.112	0.564147
-0.111	0.563033
-0.11	0.562002
-0.109	0.561055
-0.108	0.560194
-0.107	0.559418
-0.106	0.558732
-0.105	0.558132
-0.104	0.55762
-0.103	0.557199
-0.102	0.556868
-0.101	0.556628
-0.1	0.556477